0.0 0.000431156969405 -0.006403 -0.023779 -0.014427 
0.010282993 0.00150838229884 -0.02126 -0.039806 -0.014109 
0.020159959 0.00249316245006 0.013956 -0.041095 -0.013756 
0.030009031 0.00346384954906 -0.000526 -0.040987 -0.024219 
0.040318966 0.00447995755356 -0.008309 -0.035959 -0.014682 
0.050214052 0.00545517961749 0.013215 -0.038472 -0.004343 
0.060082912 0.00642781694656 0.005833 -0.03327 -0.013958 
0.070413112 0.00744088304136 -0.00193 -0.020905 -0.015624 
0.080289125 0.00840756048224 0.034258 -0.0392 -0.014206 
0.090167045 0.00937442458284 0.0193 -0.038989 -0.014699 
0.100039005 0.0103407053106 0.018728 -0.031554 -0.015016 
0.110333919 0.011348385345 0.025817 -0.025616 -0.014964 
0.120244026 0.0123513397277 0.004129 -0.046566 -0.00515 
0.130098104 0.0133672469483 0.032205 -0.043486 -0.015447 
0.140027999 0.0143909705305 0.017419 -0.035771 -0.015883 
0.150288105 0.015448737251 0.024721 -0.031791 -0.005974 
0.160146951 0.0164651360291 0.031237 -0.035384 -0.025989 
0.169996976 0.0174294759721 0.024326 -0.031125 -0.016198 
0.180315017 0.0184226109391 0.031379 -0.034374 -0.015526 
0.19019413 0.0193734980856 -0.004982 -0.023584 -0.017 
0.200067043 0.0203237884679 0.016674 -0.03584 -0.016257 
0.210422039 0.0213204804379 0.008769 -0.038879 -0.016078 
0.220246076 0.0222958268591 -0.005058 -0.033052 -0.006282 
0.23015213 0.023299435563 0.009205 -0.039263 -0.01595 
0.239979982 0.0242951214142 0.009504 -0.032596 -0.016014 
0.250344991 0.0253452280711 0.023434 -0.032324 -0.004763 
0.260203123 0.0263439816696 0.016695 -0.037526 -0.014665 
0.270087003 0.0273362035204 0.030954 -0.029463 -0.014371 
0.280434131 0.0283686699494 0.031583 -0.029398 -0.013082 
0.290306091 0.0293537227377 -0.018773 -0.029191 -0.014293 
0.300127029 0.030333684403 0.002559 -0.017038 -0.02453 
0.309974908 0.0313163343193 -0.011031 -0.034501 -0.013733 
0.320287942 0.0323474849345 -0.003941 -0.023193 -0.013195 
0.330168008 0.0333368301225 -0.003794 -0.031087 -0.012209 
0.340064048 0.0343277748748 -0.010528 -0.028227 -0.011838 
0.350347995 0.0353575628821 -0.010396 -0.021004 -0.001685 
0.360270023 0.0363511099553 -0.017398 -0.018317 -0.011658 
0.370147943 0.0373397428355 -0.038674 -0.008575 -0.01276 
0.380007982 0.0383262971207 -0.017276 -0.00488 -0.001816 
0.390293121 0.0393553851348 -0.016977 0.001787 -0.001879 
0.400140047 0.040340627388 0.004558 -0.018536 -0.010494 
0.410042047 0.0413313801154 -0.016262 -0.016235 -0.010362 
0.419920921 0.0423288741432 -0.016668 -0.009356 -0.020896 
0.430239915 0.0433772006185 -0.044171 -0.019871 -0.010281 
0.440086126 0.0443774961582 -0.036919 -0.000216 -0.010484 
0.449954986 0.0453800926535 -0.014776 -0.013417 -0.018915 
0.460272073 0.046428225393 -0.043212 -0.006645 -0.019463 
0.470166921 0.0474024074326 -0.028487 0.007529 -0.029448 
0.480051994 0.0483644194704 -0.006516 0.003789 -0.018187 
0.489917993 0.0493245752329 -0.027645 0.005636 -0.018301 
0.500257968 0.050330858183 -0.020171 0.000154 -0.028085 
0.510134935 0.0512920813476 -0.04126 0.002283 -0.038296 
0.519953966 0.0522874303598 -0.048217 0.003569 -0.028195 
0.530281066 0.0533704139118 -0.041168 0.009224 -0.018046 
0.540168047 0.0544072430122 -0.041452 0.02417 -0.019223 
0.550054073 0.0554439719635 -0.041032 0.016567 -0.030165 
0.56035304 0.0565240052608 -0.062172 0.019257 -0.031075 
0.570257902 0.0575046437713 -0.048192 0.027991 -0.04192 
0.580069065 0.0584626285462 -0.040896 0.023909 -0.042283 
0.589980125 0.0594303674966 -0.040694 0.022793 -0.033221 
0.600275039 0.0604355868443 -0.019387 0.019547 -0.042527 
0.610172033 0.0614019523577 -0.054659 0.013335 -0.043852 
0.620031118 0.0624038150883 -0.04073 0.028 -0.04491 
0.63036704 0.0634790145527 -0.040105 0.03697 -0.034144 
0.640217065 0.0645036683382 -0.054248 0.034281 -0.034868 
0.650114059 0.0655332080974 -0.039639 0.033335 -0.024526 
0.660001993 0.0665618053856 -0.032171 0.019792 -0.044582 
0.670279979 0.0675503099983 -0.053437 0.02869 -0.044887 
0.680156946 0.0684836859005 -0.045963 0.023208 -0.05467 
0.690036058 0.0694172645058 -0.053366 0.025721 -0.045492 
0.70036602 0.070393448551 -0.060014 0.027461 -0.035144 
0.710241079 0.0713266441467 -0.067183 0.030705 -0.034901 
0.720093965 0.0722932199604 -0.06046 0.034058 -0.035582 
0.730010986 0.0732841998753 -0.025204 0.033051 -0.045326 
0.740283012 0.0743106544377 -0.053306 0.040561 -0.027144 
0.750157117 0.0752973458779 -0.046096 0.037599 -0.037485 
0.760034084 0.0762843233097 -0.039149 0.042526 -0.047896 
0.770373106 0.0773217205205 -0.046243 0.045493 -0.038471 
0.780236005 0.0783147354489 -0.038926 0.034355 -0.037728 
0.790148973 0.0793127914169 -0.053591 0.03317 -0.048556 
0.799945116 0.0802990852277 -0.032162 0.03799 -0.048506 
0.810269117 0.081338524759 -0.052891 0.024897 -0.048358 
0.820188045 0.0823308875978 -0.060198 0.035192 -0.048306 
0.829993009 0.0833067158233 -0.052855 0.039453 -0.048493 
0.840385913 0.0843410581287 -0.073985 0.0413 -0.048607 
0.850237131 0.0853214897325 -0.059625 0.033126 -0.047502 
0.860131979 0.086306263564 -0.058976 0.040529 -0.057416 
0.870388984 0.0873476603363 -0.073057 0.031066 -0.067131 
0.880300998 0.088371251335 -0.065486 0.035217 -0.046877 
0.890171051 0.0893905091173 -0.07191 0.038531 -0.04626 
0.90003705 0.0904093482522 -0.064609 0.025544 -0.0561 
0.910372018 0.0914766167424 -0.071429 0.029524 -0.065707 
0.920246124 0.0924478610467 -0.078477 0.040834 -0.056106 
0.930130004 0.0934004834563 -0.057039 0.039441 -0.055745 
0.940434932 0.0943936870709 -0.085394 0.037031 -0.056588 
0.950297117 0.0953442184856 -0.085607 0.029244 -0.046547 
0.960187912 0.0962975073727 -0.064604 0.028236 -0.046313 
0.970016956 0.0972689429978 -0.050665 0.036688 -0.047061 
0.980329036 0.0983143611434 -0.071917 0.015354 -0.03712 
0.990225076 0.0993176019819 -0.072723 0.031804 -0.048402 
1.000080108 0.100316685511 -0.051507 0.028836 -0.03831 
1.009979963 0.101397521791 -0.044566 0.025702 -0.058994 
1.020255088 0.102391818325 -0.030997 0.026081 -0.038689 
1.030144929 0.103316939807 -0.044338 0.025592 -0.038553 
1.040004015 0.104299037969 -0.052 0.02172 -0.039409 
1.050318956 0.105326545448 -0.023102 0.029963 -0.039664 
1.060194015 0.106310234737 -0.058527 0.00919 -0.039939 
1.070071935 0.107346281821 -0.044583 0.008738 -0.050164 
1.079977035 0.108389509358 -0.043918 0.008244 -0.029596 
1.090268135 0.109406184009 -0.072522 -0.001393 -0.039676 
1.100163936 0.110383806423 -0.058126 -0.000381 -0.039191 
1.110074043 0.11136284215 -0.071943 -0.000767 -0.029086 
1.12037301 0.112466114151 -0.043725 0.008693 -0.028434 
1.130289077 0.113498481517 -0.064454 -0.0044 -0.028287 
1.14014697 0.1144543425 -0.049886 0.004117 -0.027746 
1.15002799 0.11541244597 -0.056924 -0.007751 -0.037584 
1.160320997 0.116410497357 -0.077957 -0.013237 -0.027411 
1.170192957 0.117366821488 -0.064088 0.003554 -0.027068 
1.180041074 0.118327305826 -0.07028 -0.007516 -0.015973 
1.190378904 0.119349645147 -0.07028 -0.007516 -0.015973 
1.200263023 0.120327115613 -0.056315 -0.015024 -0.025092 
1.210114955 0.121301403009 -0.070689 -0.006126 -0.004721 
1.219969987 0.122405766918 -0.0499 -0.009552 0.006039 
1.230279922 0.123499952209 -0.077575 -0.017827 -0.003301 
1.240150928 0.124439005285 -0.063529 -0.007805 -0.012864 
1.250052929 0.125381006991 -0.070293 -0.01144 -0.002087 
1.260365963 0.126362111277 -0.091103 -0.015352 -0.001644 
1.270239114 0.127390442912 -0.041045 -0.016855 0.000116 
1.280122995 0.128432712279 -0.09059 -0.020662 7.5e-05 
1.289973974 0.129385200475 -0.0615 -0.01197 0.000981 
1.300283908 0.130382064891 -0.076088 -0.027825 0.011643 
1.310161113 0.13133708887 -0.061337 -0.018015 0.01255 
1.320050954 0.132324056262 -0.068822 -0.023287 0.002274 
1.330373048 0.133380429121 -0.082462 -0.030443 0.002473 
1.340248108 0.134372652748 -0.067458 -0.022309 0.003142 
1.350121975 0.135364756506 -0.053452 -0.012569 0.003675 
1.359955072 0.136352763786 -0.102683 -0.034571 0.014302 
1.370276928 0.13737536526 -0.038453 -0.026891 0.00638 
1.380140066 0.138340230871 -0.059578 -0.039318 -0.003697 
1.390070915 0.139316157065 -0.088054 -0.032828 0.005852 
1.400424957 0.140336513999 -0.052209 -0.034051 0.007494 
1.410264968 0.141306214862 -0.10177 -0.039706 -0.00313 
1.420090913 0.142275967917 -0.065793 -0.033706 0.008665 
1.429984092 0.143253944284 -0.065611 -0.032414 0.009031 
1.440263033 0.144284195594 -0.094528 -0.033601 0.008181 
1.450138092 0.145273966083 -0.051914 -0.023128 0.009318 
1.460022926 0.146264716314 -0.079945 -0.040201 -0.000445 
1.470353126 0.147299242626 -0.080295 -0.031191 -0.010493 
1.480230093 0.148287879514 -0.072531 -0.02659 0.010923 
1.490082979 0.14927571121 -0.115362 -0.02083 0.00989 
1.499972105 0.15026717626 -0.058566 -0.034098 0.001804 
1.510258913 0.151298512154 -0.129555 -0.027606 0.010878 
1.520117044 0.152314299924 -0.093983 -0.014728 0.012138 
1.529999971 0.153341708725 -0.072008 -0.032743 0.013438 
1.540339946 0.154368318127 -0.136222 -0.023459 0.01253 
1.550218105 0.155349075906 -0.071865 -0.016617 0.004488 
1.560092926 0.156329502269 -0.128712 -0.034148 0.014435 
1.569941997 0.157392380721 -0.128762 -0.018471 0.004323 
1.580240964 0.158482330642 -0.121957 -0.028948 -0.004242 
1.590131044 0.159447290609 -0.150165 -0.022285 0.015651 
1.600003004 0.160410482636 -0.107247 -0.01942 0.006762 
1.610367059 0.161421687618 -0.16415 -0.029336 -0.003675 
1.620244026 0.162380928536 -0.142665 -0.017016 -0.002652 
1.630121946 0.163349349452 -0.120952 -0.027141 -0.001424 
1.639971971 0.164346443019 -0.178256 -0.037232 0.00729 
1.650285959 0.165390502409 -0.114253 -0.022221 0.018575 
1.660176038 0.166391650543 -0.17821 -0.028889 0.007466 
1.670023918 0.167358911929 -0.150072 -0.019992 0.028311 
1.679970026 0.1683302098 -0.185384 -0.01674 0.017185 
1.690242052 0.169372382928 -0.185561 -0.009971 0.027092 
1.700115919 0.170374159876 -0.121905 -0.026936 0.018515 
1.709967136 0.171373638814 -0.177981 -0.028998 0.027906 
1.720308065 0.172391322888 -0.178817 -0.013673 0.027517 
1.730175972 0.173355264279 -0.128557 -0.006547 0.018441 
1.740046978 0.174324367831 -0.199679 -0.03399 0.017511 
1.749959945 0.175297590979 -0.178772 -0.022296 0.007944 
1.760263919 0.176309201934 -0.179112 -0.029245 0.018104 
1.770143032 0.177327844044 -0.179076 -0.014688 0.01797 
1.779989004 0.178382004891 -0.165202 -0.021917 0.028249 
1.790333032 0.179402299922 -0.208034 -0.016157 0.027216 
1.800199985 0.180375538115 -0.186484 -0.020237 0.016875 
1.81005907 0.181348000238 -0.200611 -0.021078 0.026734 
1.819999933 0.182313246947 -0.201097 -0.014762 0.036393 
1.830261945 0.183314626798 -0.17324 -0.022161 0.026351 
1.840141058 0.184311995765 -0.230244 -0.025585 0.035001 
1.849987983 0.185306115116 -0.20914 -0.023068 0.024223 
1.860321998 0.186349409778 -0.223024 -0.024742 0.033046 
1.870202064 0.18739794683 -0.209343 -0.017304 0.02275 
1.880051136 0.188438728396 -0.202088 -0.021668 0.032484 
1.890337944 0.189481520135 -0.23776 -0.01294 0.030898 
1.900253057 0.190486632502 -0.195374 -0.012102 0.031494 
1.91013503 0.191488385409 -0.230935 -0.025824 0.031029 
1.919985056 0.192388257524 -0.238698 -0.008089 0.029848 
1.930326938 0.193351963106 -0.203538 -0.011508 0.029715 
1.940210104 0.194329240336 -0.246026 -0.022819 0.028459 
1.950067997 0.195304018497 -0.217392 -0.006687 0.028132 
1.959993124 0.196285444957 -0.22476 -0.011954 0.01694 
1.970230102 0.197297708184 -0.238943 -0.014925 0.026313 
1.980149984 0.198291518772 -0.224953 -0.022149 0.035677 
1.990041971 0.199327398866 -0.254104 -0.008951 0.024348 
2.000335931 0.200405373215 -0.246559 -0.005806 0.033223 
2.010215997 0.201440004952 -0.254004 -0.010795 0.01285 
2.02008295 0.202473263508 -0.246925 -0.00839 0.03249 
2.030339002 0.203512132839 -0.211025 -0.002835 0.042208 
2.040205955 0.20448195282 -0.274875 -0.003285 0.029873 
2.050103902 0.205454819193 -0.246845 -0.003178 0.019886 
2.059950113 0.206422600449 -0.253589 0.000524 0.01946 
2.070241928 0.207434179994 -0.253645 -0.001606 0.018975 
2.080150127 0.208408362128 -0.253376 -0.001434 0.029318 
2.090029955 0.209380543293 -0.260698 0.001642 0.018302 
2.100337982 0.210394859503 -0.239224 0.00506 0.038428 
2.110286951 0.211373844185 -0.281752 0.003212 0.027369 
2.120172977 0.212346635238 -0.281934 0.00192 0.027003 
2.130012989 0.213324903687 -0.245674 0.007368 0.027666 
2.140320062 0.214386345997 -0.309605 0.016099 0.015626 
2.150231123 0.215407006226 -0.259502 0.013194 0.037461 
2.160078048 0.216421061605 -0.287943 0.011905 0.026641 
2.17000103 0.217442949481 -0.308951 0.021818 0.035884 
2.180274009 0.218468126992 -0.286509 0.009914 0.026903 
2.19019103 0.219426391477 -0.30063 0.017135 0.047034 
2.200083017 0.220382236971 -0.286336 0.017419 0.026959 
2.210345983 0.221373929521 -0.321242 0.019161 0.026853 
2.220212936 0.222327356023 -0.299747 0.015523 0.048084 
2.230082988 0.223281357385 -0.277832 0.019398 0.038961 
2.240413904 0.224324819763 -0.313225 0.022086 0.048029 
2.250298976 0.225323250177 -0.291173 0.009163 0.058996 
2.260174989 0.226320765597 -0.326515 0.01129 0.058762 
2.270014047 0.22731454842 -0.319533 0.030774 0.048217 
2.280332088 0.228353743324 -0.304813 0.007377 0.05968 
2.290213108 0.229336318364 -0.347036 0.020258 0.058831 
2.300111055 0.230320576636 -0.304341 0.021549 0.059673 
2.309998989 0.231303839209 -0.325734 0.016171 0.0789 
2.320240974 0.232322308843 -0.325658 0.031009 0.068669 
2.330156087 0.233310669418 -0.290042 0.02015 0.069769 
2.340028047 0.234304202908 -0.346474 0.00929 0.078737 
2.350321054 0.235340111398 -0.317794 0.016799 0.058837 
2.360229969 0.236337364112 -0.332408 0.016904 0.077869 
2.370120048 0.237332721135 -0.318245 0.032301 0.067876 
2.379951 0.2383221275 -0.318464 0.016453 0.067644 
2.390304088 0.239359150585 -0.354455 0.02557 0.065016 
2.400213003 0.240349417579 -0.326202 0.017506 0.065197 
2.410047054 0.241332202891 -0.340227 0.027139 0.075717 
2.42040205 0.242367049871 -0.311669 0.026582 0.04646 
2.430253982 0.243356176618 -0.325633 0.019697 0.067888 
2.440139055 0.244360936037 -0.353856 0.034256 0.057299 
2.450455904 0.245409582942 -0.339354 0.027092 0.068868 
2.46032691 0.246412912533 -0.367126 0.02615 0.04924 
2.470214128 0.247417889979 -0.353115 0.026986 0.040297 
2.480046033 0.248404309677 -0.352344 0.028061 0.052049 
2.490382909 0.249412151177 -0.373747 0.038641 0.051068 
2.500222921 0.250371548624 -0.373473 0.029908 0.051935 
2.510118961 0.251336408781 -0.372748 0.02264 0.063512 
2.520056009 0.252305267202 -0.372525 0.014469 0.07368 
2.530308961 0.253317503677 -0.365111 0.011113 0.065298 
2.54014492 0.254347489056 -0.35787 0.031612 0.0643 
2.550019979 0.255381568843 -0.372048 0.029482 0.044297 
2.560387134 0.256467179109 -0.407533 0.015483 0.053014 
2.570208072 0.257495591544 -0.365851 0.033499 0.062887 
2.580069065 0.258503369338 -0.407933 0.015308 0.072165 
2.589967966 0.259467076778 -0.387088 0.028406 0.071102 
2.600210905 0.260464278036 -0.380274 0.016365 0.070437 
2.610116005 0.26142858898 -0.366609 0.016584 0.049072 
2.620008945 0.262391716087 -0.388899 0.04305 0.057003 
2.630315065 0.263412793762 -0.403498 0.042431 0.05456 
2.640177011 0.264439624231 -0.410791 0.036886 0.05255 
2.650098085 0.265472611136 -0.404057 0.034027 0.052179 
2.659982919 0.266501824715 -0.411339 0.037385 0.031067 
2.670267105 0.267572619013 -0.418387 0.048695 0.040667 
2.680113077 0.268552676267 -0.418433 0.040352 0.040491 
2.689979076 0.269485893336 -0.425567 0.052782 0.040114 
2.700289964 0.270461192105 -0.425663 0.060115 0.029827 
2.710169077 0.271395649617 -0.439749 0.059557 0.029588 
2.720048904 0.272330174665 -0.439795 0.051213 0.029413 
2.729906082 0.273275248934 -0.411314 0.052784 0.030136 
2.740252018 0.274310951939 -0.432327 0.054636 0.029106 
2.750108957 0.275297702809 -0.425461 0.059 0.038889 
2.760000944 0.276287962237 -0.425197 0.05111 0.03896 
2.770327091 0.277321684221 -0.432458 0.054634 0.058601 
2.78024292 0.278314233581 -0.417906 0.055933 0.048073 
2.790105104 0.279301101574 -0.432732 0.063366 0.057734 
2.800425052 0.280333776118 -0.410954 0.059176 0.067833 
2.810290098 0.281320930499 -0.432971 0.054573 0.056396 
2.820178985 0.28231047055 -0.447326 0.053842 0.045814 
2.830035925 0.283295847505 -0.425675 0.050491 0.056033 
2.840368986 0.284325429134 -0.432895 0.054296 0.065577 
2.850233078 0.285308282898 -0.460328 0.045187 0.055202 
2.86008811 0.286290233929 -0.439376 0.050109 0.065223 
2.870011091 0.287278955367 -0.460348 0.069209 0.073845 
2.880289077 0.288305951624 -0.460348 0.069209 0.073845 
2.89016509 0.289329089528 -0.495863 0.063831 0.073556 
2.900082111 0.290356475789 -0.481346 0.055943 0.063649 
2.910393953 0.291424764824 -0.503094 0.051512 0.062555 
2.920241117 0.292444914021 -0.49632 0.054304 0.052573 
2.930129051 0.293448887556 -0.489667 0.060627 0.052498 
2.940431118 0.294443418478 -0.490073 0.067506 0.041964 
2.950325965 0.295398637592 -0.511298 0.071316 0.031076 
2.960210085 0.296352821153 -0.540343 0.070967 0.030346 
2.970040083 0.297301779938 -0.540875 0.078685 0.019931 
2.980376005 0.298303568555 -0.555169 0.07118 0.000358 
2.990196943 0.299293875934 -0.591054 0.081867 -0.011085 
3.000123024 0.300294785548 -0.577359 0.074187 -0.030548 
3.01041913 0.301333007126 -0.591601 0.083088 -0.039672 
3.020283937 0.302353265924 -0.591236 0.091042 -0.038454 
3.03017807 0.303410992196 -0.61271 0.087624 -0.058579 
3.040049076 0.3043052336 -0.648711 0.098307 -0.069107 
3.05033493 0.305319484678 -0.641704 0.086715 -0.068611 
3.060261964 0.306310086546 -0.670703 0.077743 -0.088915 
3.070114135 0.307293217962 -0.678198 0.073315 -0.099987 
3.080419063 0.308329773805 -0.678375 0.089829 -0.109979 
3.090296983 0.309403282517 -0.70026 0.09245 -0.111263 
3.100170135 0.310387358806 -0.721445 0.086796 -0.112349 
3.110039949 0.31137110239 -0.757183 0.089589 -0.122807 
3.120387077 0.312402420789 -0.750728 0.092771 -0.133831 
3.130264043 0.313406682556 -0.772209 0.071546 -0.14433 
3.140124082 0.314474256169 -0.81498 0.084925 -0.166662 
3.149996042 0.315433786094 -0.801041 0.093378 -0.167411 
3.160296917 0.316435005488 -0.837012 0.095439 -0.168933 
3.170172929 0.317394929256 -0.851554 0.102321 -0.170405 
3.180054903 0.318353567017 -0.83073 0.091115 -0.180013 
3.190383911 0.319344184388 -0.866533 0.109587 -0.172003 
3.200258016 0.320325533903 -0.852589 0.109135 -0.182228 
3.210119962 0.321308448684 -0.87452 0.103412 -0.183688 
3.220025062 0.322295664512 -0.874353 0.102856 -0.193905 
3.230300903 0.323385268624 -0.917317 0.101392 -0.20509 
3.240139007 0.324503216518 -0.930769 0.123354 -0.206076 
3.250050067 0.325442028323 -0.938091 0.12643 -0.217091 
3.260380983 0.326420610423 -0.930815 0.11501 -0.206251 
3.270261049 0.327356486363 -0.938132 0.126148 -0.206994 
3.280079126 0.328327080813 -0.930475 0.121959 -0.216412 
3.289968967 0.329384028787 -0.966274 0.131526 -0.217878 
3.300318956 0.330412886241 -0.944268 0.120005 -0.226986 
3.310127019 0.331362940084 -0.972005 0.118504 -0.227335 
3.320064067 0.332325488005 -0.964915 0.129812 -0.226798 
3.330384969 0.333332378348 -0.978403 0.137217 -0.227649 
3.340204954 0.33435511982 -0.985183 0.131733 -0.227454 
3.350131988 0.335356731299 -0.977527 0.127543 -0.236871 
3.3599689 0.336343826616 -0.990741 0.126216 -0.236855 
3.370319128 0.33738243117 -1.011748 0.13613 -0.227612 
3.38018012 0.338368058314 -1.004092 0.13194 -0.23703 
3.390064001 0.339330667117 -1.025764 0.142348 -0.248355 
3.400372982 0.340338295243 -0.989935 0.139275 -0.257295 
3.410248994 0.341313042055 -1.024932 0.141297 -0.238004 
3.420120954 0.342287388941 -1.031859 0.143707 -0.238795 
3.429974079 0.343260369922 -1.030947 0.14322 -0.248638 
3.440326929 0.344284700617 -1.059089 0.148598 -0.259522 
3.450202941 0.345271415505 -1.044694 0.139865 -0.239138 
3.460057973 0.346260687776 -1.079489 0.133551 -0.250432 
3.470392942 0.3472981373 -1.072983 0.153137 -0.251008 
3.480273962 0.348292108718 -1.08711 0.152296 -0.24115 
3.490130901 0.349294106677 -1.08677 0.159245 -0.25131 
3.499974966 0.35027990994 -1.07918 0.153768 -0.262009 
3.510298013 0.351308455915 -1.114132 0.147167 -0.262291 
3.520167112 0.352291772377 -1.078491 0.151707 -0.262121 
3.530026912 0.353277743097 -1.077959 0.14399 -0.251706 
3.540364027 0.35436517008 -1.106571 0.157531 -0.242347 
3.5502429 0.355352909496 -1.119979 0.155755 -0.243494 
3.560118913 0.356339103158 -1.105157 0.162596 -0.243192 
3.569968938 0.357322701723 -1.112333 0.157778 -0.253221 
3.580290079 0.358379449595 -1.125821 0.165183 -0.254072 
3.590164899 0.359487157295 -1.139917 0.170838 -0.254621 
3.600022077 0.360450130756 -1.132661 0.166474 -0.244886 
3.610368967 0.361460945461 -1.13975 0.160536 -0.244938 
3.620242118 0.362425479366 -1.117891 0.15691 -0.255033 
3.63013196 0.363385718227 -1.16693 0.14975 -0.255553 
3.639991998 0.36432628871 -1.180778 0.172378 -0.266762 
3.650324106 0.365367959971 -1.1874 0.184147 -0.257831 
3.660197019 0.366372111049 -1.215588 0.181181 -0.26889 
3.670077085 0.367376989642 -1.194302 0.18499 -0.279302 
3.680404901 0.368413231286 -1.194221 0.175808 -0.279597 
3.690284967 0.369361670574 -1.24405 0.177202 -0.260918 
3.700159072 0.370358424569 -1.201275 0.169311 -0.260371 
3.710016012 0.371361784836 -1.229604 0.182301 -0.262144 
3.72033 0.372411669055 -1.229585 0.189639 -0.273347 
3.730142116 0.373385642351 -1.228793 0.188307 -0.252899 
3.740052938 0.374330349238 -1.2285 0.186912 -0.263235 
3.750375032 0.375343293675 -1.221507 0.190437 -0.253572 
3.760266065 0.376320364247 -1.263523 0.187928 -0.255322 
3.770141124 0.377295856852 -1.27013 0.189949 -0.255071 
3.77999711 0.37826946536 -1.276971 0.200985 -0.265784 
3.790316104 0.379419524052 -1.298024 0.202555 -0.256717 
3.800184965 0.380386465484 -1.297118 0.184261 -0.256934 
3.810071945 0.381353895622 -1.28946 0.197038 -0.246602 
3.820384979 0.382363014676 -1.303273 0.20214 -0.258282 
3.830264091 0.383328717728 -1.295187 0.189504 -0.277845 
3.840136051 0.384291117463 -1.344595 0.19841 -0.289519 
3.849999904 0.385279754703 -1.337121 0.209895 -0.279554 
3.860311985 0.386317690308 -1.371521 0.202914 -0.280624 
3.870208025 0.387313750391 -1.378073 0.204493 -0.311945 
3.880068063 0.388323121632 -1.370518 0.216541 -0.322174 
3.890389919 0.389471661929 -1.390927 0.203059 -0.320984 
3.900259971 0.390468467221 -1.397945 0.220864 -0.32179 
3.910139083 0.391466187509 -1.41877 0.215103 -0.331931 
3.920001983 0.3924622705 -1.403928 0.214889 -0.330523 
3.930335998 0.393454787756 -1.416742 0.203991 -0.329759 
3.940217971 0.394357166614 -1.395196 0.209537 -0.337728 
3.950071096 0.395325058881 -1.444113 0.210444 -0.328891 
3.960385084 0.396338222646 -1.45756 0.209107 -0.327043 
3.970261097 0.397308363247 -1.450187 0.219863 -0.337638 
3.980134964 0.398278293041 -1.456521 0.207782 -0.337006 
3.990008115 0.399248152502 -1.477604 0.217972 -0.336945 
4.000343084 0.400322092651 -1.476601 0.207461 -0.346287 
4.010235071 0.401362677194 -1.504499 0.197611 -0.345896 
4.020085096 0.402398847558 -1.51816 0.202881 -0.346317 
4.030401945 0.403484125329 -1.510741 0.207587 -0.344427 
4.040273904 0.404511327146 -1.524528 0.196729 -0.364478 
4.050152063 0.405482572323 -1.516744 0.208668 -0.354265 
4.06002593 0.4064533955 -1.544374 0.19899 -0.343531 
4.07033801 0.40746730487 -1.55123 0.208177 -0.364827 
4.080240964 0.408440987953 -1.550612 0.209085 -0.364334 
4.090075969 0.409407990122 -1.557604 0.21093 -0.373511 
4.099961042 0.410380343799 -1.571563 0.209533 -0.373869 
4.110275983 0.411395081423 -1.628091 0.206006 -0.375188 
4.12015295 0.41236673313 -1.599316 0.206182 -0.384801 
4.130016088 0.413337024402 -1.591659 0.201993 -0.394218 
4.140367984 0.414355397493 -1.598697 0.21246 -0.383822 
4.150232076 0.415360583537 -1.619542 0.199362 -0.382759 
4.160104036 0.416375308019 -1.63302 0.205924 -0.382814 
4.169954061 0.417387777833 -1.604016 0.205991 -0.371986 
4.180265903 0.418447717148 -1.638881 0.208015 -0.382189 
4.190177917 0.419450326867 -1.667399 0.197258 -0.382292 
4.200021028 0.420401610211 -1.624349 0.207347 -0.381028 
4.210400104 0.421404691669 -1.659032 0.200918 -0.370966 
4.22025299 0.422356919714 -1.673433 0.206959 -0.401136 
4.230138063 0.423312258458 -1.687031 0.222421 -0.390799 
4.239978075 0.424263242301 -1.707903 0.208317 -0.401115 
4.250344038 0.425292132868 -1.68652 0.219909 -0.420653 
4.260215997 0.426288204956 -1.728013 0.201502 -0.399989 
4.270097017 0.427285191291 -1.706285 0.212988 -0.400001 
4.280414104 0.428326176407 -1.713368 0.224857 -0.409679 
4.290229082 0.429316499162 -1.727227 0.207223 -0.409226 
4.30016303 0.430311955622 -1.712745 0.207115 -0.398764 
4.309992075 0.431294659125 -1.733463 0.210145 -0.378072 
4.320337057 0.432328945778 -1.69809 0.214513 -0.388246 
4.330217123 0.433316750338 -1.726359 0.220729 -0.39901 
4.34009695 0.434304531003 -1.725381 0.211784 -0.387672 
4.350377082 0.435340017449 -1.725157 0.218728 -0.396917 
4.360260009 0.436337284468 -1.738914 0.201822 -0.375904 
4.370139122 0.437334166623 -1.724057 0.21785 -0.376222 
4.380002975 0.438329508922 -1.738219 0.217568 -0.385642 
4.390307903 0.439369359244 -1.745028 0.21096 -0.374554 
4.400181055 0.440361286998 -1.708844 0.216685 -0.383072 
4.410048008 0.441339650469 -1.779331 0.197368 -0.37244 
4.420367956 0.442362930923 -1.693733 0.216642 -0.371321 
4.430252075 0.443342996498 -1.735652 0.207522 -0.369887 
4.440125942 0.44432204553 -1.749864 0.213172 -0.36952 
4.449980974 0.44532469772 -1.720779 0.213802 -0.378886 
4.460319995 0.44638008353 -1.740976 0.192991 -0.368324 
4.470200061 0.447388620167 -1.762652 0.227418 -0.389585 
4.480075121 0.448396645801 -1.755021 0.20783 -0.398072 
4.490396022 0.449450181959 -1.797249 0.229615 -0.389445 
4.500252008 0.450411509867 -1.747146 0.219489 -0.407258 
4.510179042 0.451375077675 -1.810732 0.228115 -0.399772 
4.520011901 0.452329504383 -1.824904 0.234047 -0.409502 
4.530347108 0.453332691513 -1.803112 0.21474 -0.408569 
4.540203094 0.454289363044 -1.852636 0.223641 -0.419328 
4.550101995 0.455309923953 -1.802092 0.221192 -0.426741 
4.560359954 0.45638595123 -1.837159 0.231553 -0.406358 
4.570277929 0.457426315268 -1.850886 0.230887 -0.415651 
4.580155134 0.458462402662 -1.835908 0.206655 -0.433801 
4.59002304 0.459497514621 -1.892474 0.234928 -0.424687 
4.600332021 0.460502422112 -1.834963 0.220605 -0.421507 
4.610228061 0.46146516211 -1.890442 0.209541 -0.432478 
4.620095968 0.462425165178 -1.904375 0.224265 -0.44087 
4.630398988 0.463427498379 -1.875792 0.209599 -0.439336 
4.640280008 0.46438877715 -1.888742 0.215497 -0.458662 
4.650154113 0.465405587916 -1.909091 0.2266 -0.459023 
4.66002798 0.466434565086 -1.8943 0.226947 -0.448314 
4.670361995 0.46751149528 -1.95781 0.233445 -0.470809 
4.680247068 0.468541640252 -1.971166 0.216714 -0.468947 
4.690099954 0.469564278949 -1.991498 0.235036 -0.45824 
4.700412988 0.470536277224 -1.927199 0.217411 -0.487003 
4.710282087 0.471466434849 -1.991017 0.226029 -0.477686 
4.720171928 0.472398547396 -1.99764 0.235947 -0.507917 
4.730013132 0.47332607593 -2.00414 0.224422 -0.497068 
4.740323066 0.474297782032 -2.018003 0.230808 -0.506551 
4.75018692 0.47527865211 -1.988466 0.238272 -0.504722 
4.760042905 0.476267980604 -2.023525 0.225454 -0.503778 
4.76990509 0.477257931445 -2.037366 0.24175 -0.492406 
4.780219078 0.478293233571 -2.050627 0.215113 -0.512314 
4.790108919 0.479285960478 -2.078712 0.244957 -0.502477 
4.799989938 0.480279206027 -2.042914 0.218424 -0.52076 
4.810370922 0.481323055717 -2.092154 0.229346 -0.510593 
4.820244073 0.482315840757 -2.056882 0.240928 -0.508783 
4.830121994 0.483309105439 -2.056791 0.240649 -0.52818 
4.839980125 0.484300380157 -2.119226 0.216476 -0.516741 
4.85029912 0.485328821054 -2.090459 0.218217 -0.534254 
4.860176086 0.486308448971 -2.089125 0.21807 -0.522494 
4.870042085 0.487286989148 -2.096507 0.228643 -0.531623 
4.880407095 0.488315022773 -2.103348 0.208318 -0.549776 
4.890291929 0.489295431064 -2.13121 0.229992 -0.52977 
4.90015006 0.490273190868 -2.074074 0.209279 -0.535708 
4.910429954 0.491328482008 -2.115541 0.206271 -0.515975 
4.920329094 0.492370453133 -2.094563 0.227315 -0.513988 
4.930205106 0.493409989834 -2.129373 0.204758 -0.523556 
4.940069913 0.494448347111 -2.121914 0.209746 -0.531762 
4.950412035 0.495450595575 -2.099536 0.214241 -0.529379 
4.960289001 0.496404073643 -2.142022 0.220618 -0.51799 
4.970155954 0.497356585101 -2.113169 0.221239 -0.525526 
4.980036974 0.498310454525 -2.127433 0.205836 -0.543196 
4.990355968 0.499306603997 -2.140205 0.212186 -0.53278 
5.00022912 0.500292957897 -2.154265 0.227748 -0.541053 
5.0100739 0.501284110575 -2.146603 0.200261 -0.547637 
5.020378112 0.502321517943 -2.152911 0.218694 -0.567349 
5.03027606 0.503318023469 -2.138433 0.213098 -0.535101 
5.040094137 0.504405249341 -2.188297 0.230166 -0.555112 
5.050024032 0.505323958809 -2.159014 0.222341 -0.572792 
5.06031394 0.506301058631 -2.236741 0.22363 -0.573621 
5.070203065 0.50729353833 -2.186162 0.220623 -0.561756 
5.080056905 0.508282476801 -2.214116 0.228133 -0.601648 
5.090392112 0.50931972561 -2.249661 0.22163 -0.591045 
5.100264072 0.51040023722 -2.23454 0.244883 -0.610705 
5.110141992 0.511392701798 -2.248784 0.221702 -0.620165 
5.120002985 0.512366860693 -2.241323 0.249026 -0.608137 
5.130325079 0.513386571354 -2.262113 0.221092 -0.626338 
5.140173912 0.514359528973 -2.304487 0.241748 -0.605902 
5.15003395 0.515469735702 -2.246985 0.22899 -0.610621 
5.160418033 0.516490499156 -2.325173 0.237601 -0.590411 
5.170279979 0.517443530097 -2.253008 0.223455 -0.61636 
5.180170059 0.518399279829 -2.281011 0.23947 -0.614408 
5.189983129 0.51934758753 -2.308448 0.230242 -0.602511 
5.200335979 0.520344321886 -2.287287 0.240981 -0.619422 
5.210206031 0.521318430093 -2.300348 0.218207 -0.635485 
5.220061063 0.522305275289 -2.314706 0.249439 -0.623459 
5.230402946 0.52334087188 -2.313033 0.224881 -0.6293 
5.240289926 0.524354000594 -2.348313 0.24257 -0.618289 
5.250149965 0.525474700636 -2.333217 0.219064 -0.644458 
5.259992122 0.526443288261 -2.382376 0.23592 -0.653999 
5.270347118 0.527420286237 -2.395843 0.227246 -0.640949 
5.280230045 0.528352744316 -2.40244 0.230949 -0.699449 
5.290096044 0.52929854172 -2.444059 0.228495 -0.698078 
5.300414085 0.530405940078 -2.45065 0.247481 -0.706657 
5.310292005 0.531414408609 -2.470162 0.217269 -0.713584 
5.320152044 0.532373388351 -2.448174 0.245608 -0.730565 
5.329977989 0.533329052136 -2.496755 0.23173 -0.736955 
5.340321064 0.534335011585 -2.517406 0.234197 -0.754143 
5.350193977 0.535356782714 -2.509313 0.230345 -0.770537 
5.360052108 0.536356724417 -2.543204 0.233051 -0.767029 
5.370433092 0.537389048255 -2.535911 0.236744 -0.804181 
5.380290985 0.53836935397 -2.519943 0.229436 -0.810348 
5.390166998 0.539351461605 -2.569025 0.246737 -0.81781 
5.400023937 0.540319776123 -2.560978 0.234541 -0.83438 
5.410342931 0.541330417514 -2.595497 0.237182 -0.832161 
5.42021799 0.542308112755 -2.5875 0.240663 -0.858843 
5.430100917 0.543286977875 -2.580041 0.245651 -0.867049 
5.440418958 0.544308939328 -2.650374 0.241617 -0.864571 
5.450280904 0.545292890056 -2.600163 0.255397 -0.870964 
5.460161924 0.546279788173 -2.642346 0.237199 -0.88935 
5.470068931 0.547270554469 -2.663074 0.239221 -0.908615 
5.480344057 0.548298135103 -2.662429 0.246505 -0.896258 
5.490267038 0.549290498905 -2.719068 0.243815 -0.926037 
5.500104904 0.550268169468 -2.718262 0.24248 -0.934168 
5.510438919 0.551299976627 -2.760458 0.256367 -0.923638 
5.52029109 0.552290462122 -2.738598 0.253462 -0.940836 
5.530162096 0.553282841189 -2.760173 0.247513 -0.929079 
5.540040016 0.554275915353 -2.802401 0.237939 -0.927892 
5.550370931 0.555335263184 -2.744432 0.248258 -0.923142 
5.560254097 0.556333273868 -2.773268 0.238611 -0.931391 
5.570110082 0.557316600451 -2.786978 0.245164 -0.929615 
5.580420017 0.558345217394 -2.772358 0.238727 -0.926066 
5.59029293 0.559330232876 -2.786469 0.237885 -0.944786 
5.600235939 0.560467731416 -2.79987 0.244892 -0.942764 
5.610008001 0.561445101741 -2.814239 0.26 -0.951283 
5.620383024 0.56245377426 -2.834673 0.246234 -0.968575 
5.63025403 0.563413445626 -2.819597 0.24675 -0.976102 
5.640110015 0.564371656631 -2.897862 0.238672 -0.984822 
5.650418043 0.56537396302 -2.896304 0.245469 -0.982307 
5.660290002 0.566358441171 -2.90968 0.236515 -0.988655 
5.670167923 0.567360772828 -2.916782 0.256162 -1.006543 
5.680031061 0.568361604425 -2.922552 0.24358 -1.013007 
5.690366983 0.569409137904 -2.964967 0.256734 -1.022122 
5.700238943 0.570368950737 -2.95665 0.24471 -1.028348 
5.710097074 0.571348037906 -2.992225 0.246828 -1.02675 
5.720385074 0.572391957498 -2.956729 0.245591 -1.022361 
5.730279922 0.573395984101 -2.962569 0.241348 -1.027734 
5.740184068 0.574394529884 -3.004963 0.247445 -1.035743 
5.750032901 0.575330292598 -2.982529 0.228082 -1.039829 
5.760370016 0.576331842796 -3.003449 0.247342 -1.047611 
5.770249128 0.577307449751 -3.017164 0.23144 -1.043798 
5.780117035 0.578281950161 -3.009288 0.243821 -1.060087 
5.789958953 0.579253884041 -3.044244 0.229881 -1.077745 
5.800311088 0.580369819466 -3.064708 0.241701 -1.084294 
5.810187101 0.581385568419 -3.092626 0.239629 -1.092114 
5.82004404 0.58235673475 -3.069857 0.236119 -1.096883 
5.830362081 0.583373331689 -3.091026 0.248152 -1.113903 
5.840255975 0.584348139054 -3.090274 0.240038 -1.130109 
5.850114107 0.585298222874 -3.11056 0.250459 -1.146079 
5.860431909 0.586321262688 -3.145364 0.236686 -1.152478 
5.870297908 0.587317773872 -3.137518 0.232827 -1.138461 
5.880185127 0.588316428374 -3.143567 0.236032 -1.175477 
5.890051126 0.589312939558 -3.171996 0.251588 -1.172856 
5.900351047 0.590458504265 -3.199868 0.257859 -1.1805 
5.910259962 0.591463659971 -3.241771 0.238991 -1.187746 
5.920135974 0.592453792256 -3.206143 0.244977 -1.173205 
5.930043935 0.593447127628 -3.198921 0.241894 -1.189853 
5.940330028 0.594461399345 -3.241041 0.256225 -1.177245 
5.950204134 0.595376116493 -3.21872 0.236976 -1.202687 
5.960042953 0.596330711422 -3.22535 0.241286 -1.18886 
5.970380067 0.597348853672 -3.231768 0.236417 -1.204823 
5.980261087 0.598322073464 -3.231519 0.244367 -1.202689 
5.990150928 0.59929616207 -3.302395 0.248893 -1.211422 
5.999938011 0.600260129645 -3.25191 0.253941 -1.216948 
6.010267973 0.601311383345 -3.279351 0.237373 -1.222427 
6.020147085 0.602345624136 -3.314251 0.230933 -1.239114 
6.030035019 0.603380788499 -3.313925 0.239327 -1.234902 
6.040358066 0.60446150469 -3.32733 0.238994 -1.250256 
6.050246 0.605496669053 -3.3336 0.243197 -1.245483 
6.060121059 0.606478387691 -3.375407 0.232112 -1.261855 
6.069941997 0.607443557265 -3.381622 0.235873 -1.288655 
6.080285072 0.608460040752 -3.416355 0.245842 -1.295809 
6.090204 0.609434840462 -3.451046 0.256094 -1.313059 
6.10008502 0.610405914699 -3.463793 0.247205 -1.318118 
6.110384941 0.611419385575 -3.476884 0.238422 -1.342701 
6.120261907 0.612392431235 -3.511378 0.240218 -1.368266 
6.130125045 0.613364114607 -3.567609 0.23674 -1.394129 
6.139976978 0.6143346941 -3.566096 0.245661 -1.418791 
6.150315046 0.615353165987 -3.550314 0.261802 -1.442364 
6.160213947 0.616352370071 -3.612981 0.262481 -1.468405 
6.170049905 0.617368034977 -3.640502 0.260465 -1.473104 
6.180366039 0.618433283047 -3.660357 0.248047 -1.48691 
6.190235138 0.619452370105 -3.687509 0.254104 -1.512662 
6.200112104 0.620472269514 -3.708489 0.248779 -1.518894 
6.209990978 0.621424430679 -3.714942 0.25169 -1.514487 
6.220304012 0.62241789618 -3.714602 0.25936 -1.531751 
6.230201006 0.623371284107 -3.735776 0.253586 -1.539145 
6.24010396 0.624325246166 -3.728133 0.265236 -1.5465 
6.250380992 0.625315243556 -3.756 0.262603 -1.56362 
6.260250091 0.626283622525 -3.812573 0.251455 -1.572218 
6.270133018 0.627282938668 -3.804752 0.261705 -1.588993 
6.280013084 0.62828196552 -3.825739 0.248319 -1.605497 
6.290321111 0.629324265821 -3.83203 0.259577 -1.601831 
6.300190925 0.630322256038 -3.86086 0.257992 -1.599808 
6.310075044 0.631314347176 -3.889392 0.257704 -1.598333 
6.320383071 0.63234123301 -3.861075 0.265924 -1.594012 
6.330258131 0.633324986665 -3.882163 0.253659 -1.591914 
6.340161085 0.63431151912 -3.88881 0.256121 -1.58867 
6.350022077 0.635293871319 -3.924196 0.250626 -1.596182 
6.360309124 0.63632451931 -3.931847 0.246633 -1.603345 
6.370223045 0.637322974576 -3.923935 0.258455 -1.600356 
6.380070924 0.638314778591 -3.959662 0.260405 -1.610017 
6.390382051 0.639353237446 -3.97425 0.259665 -1.618768 
6.400260925 0.640348163043 -4.002289 0.266493 -1.616195 
6.410119056 0.641340999562 -4.0172 0.266023 -1.603717 
6.420004129 0.642329433414 -3.995502 0.254771 -1.620175 
6.430333137 0.643361436396 -4.009059 0.261492 -1.60714 
6.440181017 0.644345368398 -4.03065 0.263439 -1.625864 
6.450071096 0.645333516632 -4.0591 0.253969 -1.624685 
6.460366964 0.646372120352 -4.101921 0.258886 -1.624922 
6.470253944 0.647374524846 -4.059292 0.259612 -1.632465 
6.48012495 0.648375309796 -4.109587 0.253044 -1.642668 
6.490000009 0.649376505664 -4.117228 0.264452 -1.622182 
6.500350952 0.650425949658 -4.124513 0.267692 -1.621023 
6.510206937 0.651404641496 -4.139314 0.259165 -1.619733 
6.520071029 0.652367336371 -4.132731 0.26408 -1.598818 
6.530365944 0.653372077801 -4.126149 0.268996 -1.577904 
6.540255069 0.654337215793 -4.120348 0.247689 -1.576492 
6.550133943 0.65530135333 -4.106818 0.257532 -1.565989 
6.559997081 0.656293989626 -4.107918 0.265632 -1.547036 
6.570336103 0.657374520228 -4.101863 0.254245 -1.5266 
6.580195903 0.658404967366 -4.081337 0.243593 -1.496497 
6.590068101 0.659436710218 -4.111457 0.249777 -1.498954 
6.600373029 0.660513677658 -4.091341 0.254909 -1.46991 
6.610260963 0.661492856559 -4.078244 0.255509 -1.461906 
6.620117902 0.662452501896 -4.058368 0.251849 -1.434199 
6.630005121 0.663415095212 -4.031859 0.261566 -1.407674 
6.640341043 0.664421373058 -4.055089 0.240316 -1.382203 
6.650196075 0.665380832734 -4.013835 0.242036 -1.345144 
6.660069942 0.666379921038 -4.00876 0.238871 -1.328942 
6.670403003 0.667458741152 -3.989045 0.243829 -1.280746 
6.680263042 0.668488175546 -3.990537 0.242968 -1.27439 
6.690133094 0.669518655345 -3.970421 0.2481 -1.245345 
6.700007915 0.670549633049 -3.984933 0.247083 -1.244914 
6.710340976 0.671557732824 -3.985327 0.238725 -1.242343 
6.720221042 0.672491790684 -3.985894 0.239829 -1.220079 
6.730081081 0.673423955198 -3.978323 0.227736 -1.226679 
6.740402937 0.674399779724 -4.021026 0.23338 -1.234934 
6.750279903 0.675333544511 -3.999323 0.230189 -1.24112 
6.760138034 0.676295814322 -4.042382 0.227035 -1.249798 
6.770008087 0.677278896334 -4.049864 0.239451 -1.247428 
6.780345916 0.678308570007 -4.049711 0.239619 -1.236169 
6.790194988 0.679289562259 -4.078501 0.238316 -1.244243 
6.800069093 0.680273047861 -4.078541 0.238756 -1.24125 
6.810403108 0.681307689925 -4.099501 0.240768 -1.258684 
6.820276022 0.682300327004 -4.120407 0.235166 -1.255734 
6.830147028 0.68329277225 -4.148354 0.241715 -1.272559 
6.840038061 0.684287231039 -4.190931 0.24652 -1.280935 
6.850347995 0.685323806742 -4.211482 0.232749 -1.297312 
6.860228061 0.686312250095 -4.254186 0.238392 -1.305567 
6.870070934 0.687288625306 -4.225409 0.239291 -1.322284 
6.880372047 0.688310456167 -4.260968 0.243257 -1.310103 
6.890278101 0.689293098692 -4.261184 0.250467 -1.297204 
6.900187969 0.69027611955 -4.247309 0.24396 -1.294028 
6.910017013 0.691251122978 -4.290226 0.241817 -1.292243 
6.920346975 0.69229892563 -4.261971 0.25144 -1.279416 
6.930226087 0.693338365833 -4.269358 0.239557 -1.286508 
6.940086126 0.694375799253 -4.319216 0.233327 -1.303687 
6.950402975 0.695461296373 -4.311172 0.221013 -1.297985 
6.960278987 0.696442995257 -4.361172 0.230739 -1.305878 
6.970166921 0.69739808095 -4.333429 0.241024 -1.302359 
6.980001926 0.698348054177 -4.332916 0.241084 -1.300155 
6.990349054 0.69934749389 -4.35484 0.244145 -1.298446 
7.000221014 0.700301036638 -4.34058 0.25293 -1.305255 
7.010083913 0.701272565072 -4.376327 0.247543 -1.303713 
7.020402908 0.702312138765 -4.37628 0.246863 -1.290743 
7.030268907 0.703306075968 -4.390801 0.247411 -1.298212 
7.040164947 0.704303039611 -4.426203 0.240067 -1.316307 
7.050019025 0.705340671703 -4.454486 0.230763 -1.332448 
7.060336113 0.706383776411 -4.482165 0.237484 -1.338929 
7.07021904 0.70729780909 -4.460795 0.250521 -1.344095 
7.080085039 0.708282417907 -4.495456 0.252874 -1.359443 
7.090400934 0.709311925529 -4.53074 0.263223 -1.365809 
7.100275039 0.710297343309 -4.537584 0.257896 -1.381103 
7.110168933 0.711347043086 -4.559016 0.262702 -1.378781 
7.120019912 0.712370070308 -4.580226 0.247742 -1.385554 
7.130329132 0.713391047341 -4.55941 0.245322 -1.363415 
7.140213012 0.714369900686 -4.574357 0.244689 -1.363111 
7.150089025 0.71534797492 -4.560966 0.229501 -1.353135 
7.160399913 0.716456694288 -4.540734 0.234638 -1.325006 
7.170278072 0.717474458924 -4.521116 0.239707 -1.326745 
7.180145979 0.71843464935 -4.478928 0.234607 -1.305526 
7.190053939 0.719398737107 -4.486625 0.238514 -1.286012 
7.200354099 0.720400987636 -4.501202 0.236931 -1.293967 
7.210227966 0.721346876718 -4.515991 0.254273 -1.292031 
7.220106124 0.722297656375 -4.544264 0.243404 -1.300272 
7.230423927 0.723327921775 -4.544456 0.243676 -1.308538 
7.240294933 0.724313573076 -4.572805 0.250051 -1.306212 
7.250193119 0.725301938386 -4.607995 0.235379 -1.314935 
7.260038137 0.726403932421 -4.594288 0.229429 -1.301543 
7.27037096 0.727473436237 -4.594722 0.235905 -1.308288 
7.280237913 0.728414332942 -4.587525 0.234389 -1.304256 
7.290105104 0.729355252341 -4.601798 0.242165 -1.302488 
7.300022125 0.73030092345 -4.616009 0.248536 -1.309225 
7.310292959 0.731377551673 -4.644565 0.247964 -1.326233 
7.320189952 0.732405040509 -4.664908 0.241139 -1.323275 
7.330037117 0.733356183937 -4.658365 0.239274 -1.339015 
7.340353965 0.734352694321 -4.700439 0.244982 -1.345982 
7.350253105 0.735308858045 -4.721952 0.247375 -1.362628 
7.360108137 0.736310051162 -4.707225 0.247877 -1.367408 
7.370013952 0.73733708385 -4.742881 0.24221 -1.385264 
7.380302906 0.738367305718 -4.770702 0.247921 -1.402209 
7.390192031 0.73935749314 -4.770742 0.248361 -1.399215 
7.400038957 0.740343455222 -4.791708 0.242312 -1.426923 
7.410372972 0.741364739338 -4.81308 0.244993 -1.426002 
7.420248031 0.742329693544 -4.827729 0.251027 -1.425762 
7.430105924 0.74329612183 -4.821208 0.255495 -1.435504 
7.440009117 0.744269056493 -4.821613 0.247981 -1.433729 
7.450293064 0.745279398159 -4.857136 0.249538 -1.441432 
7.460186004 0.746258976591 -4.864102 0.252388 -1.439231 
7.470036029 0.747240240196 -4.892745 0.243191 -1.446318 
7.480338096 0.748257206877 -4.857189 0.249573 -1.463229 
7.490270137 0.749237284009 -4.913933 0.253256 -1.451649 
7.500108003 0.750208068111 -4.900012 0.255093 -1.448298 
7.510421991 0.751181715416 -4.872295 0.249257 -1.436745 
7.520294904 0.752058170013 -4.808878 0.240464 -1.426911 
7.530196905 0.752766650419 -4.76064 0.247275 -1.388088 
7.540040016 0.753470917291 -4.719599 0.250953 -1.360887 
7.550375938 0.754210444405 -4.649418 0.230681 -1.342417 
7.560251951 0.75479967415 -4.615866 0.237992 -1.316015 
