0.0 0.000563422915593 0.053126 -0.040889 0.038125 
0.009933948 0.00155749281523 0.067385 -0.032825 0.038419 
0.020231008 0.00258777359481 0.025126 -0.034501 0.037705 
0.030089855 0.00357420861343 0.046336 -0.030414 0.018111 
0.039961815 0.00456195566402 0.068135 -0.04166 0.029317 
0.050232887 0.00558963619295 0.060336 -0.038481 0.028271 
0.060151815 0.00659516425839 0.074595 -0.030417 0.028565 
0.070009947 0.00759667087545 0.046336 -0.04016 0.03801 
0.079941988 0.00860568605017 0.067978 -0.027553 0.02802 
0.090237856 0.00965166311057 0.068744 -0.034539 0.0295 
0.100093841 0.0106529516098 0.053983 -0.028391 0.008384 
0.109925985 0.0116115808804 0.068658 -0.028049 0.020008 
0.120270967 0.0126183511101 0.048223 -0.025571 0.029568 
0.130153894 0.0135801542999 0.047965 -0.026587 0.020021 
0.140094995 0.0145476189642 0.069586 -0.021317 0.021234 
0.150360822 0.0155466858555 0.020548 -0.028477 0.020714 
0.160181999 0.0165620079191 0.042027 -0.024218 0.011464 
0.170110941 0.0176032373906 0.042772 -0.024149 0.011838 
0.179962873 0.0186363909683 0.014341 -0.026281 0.001814 
0.190336942 0.019724300071 0.035917 -0.029355 0.002851 
0.200143814 0.0207504731935 0.015447 -0.026319 -0.006867 
0.21002078 0.0217148831264 0.023063 -0.03079 -0.006187 
0.220352888 0.0227237341828 0.008987 -0.032191 -0.005629 
0.230224848 0.0236876553182 0.001939 -0.020881 0.003971 
0.240108967 0.0246527636867 0.023616 -0.040193 0.00582 
0.249959945 0.0256146360908 0.02352 -0.03286 -0.004468 
0.260266781 0.0266769801245 0.002492 -0.030284 0.015978 
0.270143986 0.0277044613231 -0.018562 -0.035935 -0.014603 
0.280000925 0.0287298343409 -0.004343 -0.028153 -0.004212 
0.290313005 0.0298025536293 -0.03177 -0.029201 -0.004315 
0.300144911 0.0308184255558 -0.0106 -0.025396 -0.013811 
0.310050964 0.0317545500924 -0.017238 -0.029869 -0.003153 
0.319885969 0.0326839605749 -0.016964 -0.038602 -0.002286 
0.330241918 0.0336626003983 -0.024281 -0.027464 -0.00303 
0.340145826 0.0345985222319 -0.009342 -0.035011 0.008666 
0.349951982 0.0355252064765 -0.030907 -0.03278 0.008424 
0.360282898 0.0365509534349 0.011954 -0.032045 -0.00095 
0.37016201 0.0375381452104 -0.016041 -0.034562 -0.010847 
0.38000083 0.0385213107202 -0.023377 -0.030761 -0.000387 
0.390332937 0.0395537690074 -0.022029 -0.031632 -0.010103 
0.400188923 0.040538649867 -0.036379 -0.024301 -0.010412 
0.410089969 0.0415338715782 -0.050272 -0.034156 0.01041 
0.419941902 0.0425257824295 -0.064186 -0.027209 0.010228 
0.430277824 0.0435664221891 -0.042914 -0.022676 0.021292 
0.440184831 0.0445638779927 -0.034954 -0.034473 0.001848 
0.45003581 0.0455556927934 -0.041728 -0.031895 0.012316 
0.459900856 0.0465401954095 -0.020289 -0.027919 0.013163 
0.470166921 0.0475619142033 -0.055246 -0.025615 0.022358 
0.480023861 0.0485429152829 -0.062344 -0.015595 0.002097 
0.489875793 0.0495234179468 -0.062075 -0.015422 0.012441 
0.500283003 0.0505591840411 -0.054723 -0.012004 0.013049 
0.510101795 0.0515648417302 -0.054596 -0.012842 0.01293 
0.519972801 0.0525841979266 -0.068819 -0.00635 0.012501 
0.530298948 0.0536505554923 -0.068966 0.001544 0.011514 
0.540185928 0.0546715612871 -0.039871 -0.013784 0.022357 
0.550095796 0.0556949306733 -0.069201 -0.016153 0.0007 
0.559887886 0.0566437121443 -0.062578 0.003438 -0.000792 
0.570242882 0.0576417413839 -0.069845 -0.001101 0.008577 
0.580128908 0.0585945706281 -0.056387 -0.000607 0.007526 
0.589978933 0.0595439300446 -0.049045 0.003654 0.007339 
0.60035491 0.0605439814629 -0.049588 0.002469 0.016027 
0.610198974 0.0615297174492 -0.05721 -0.001121 0.005074 
0.620044946 0.0625278824935 -0.043666 0.007997 -0.005898 
0.629884004 0.0635253466102 -0.057723 -0.001182 0.00287 
0.640160799 0.0645671876328 -0.057936 -0.008969 0.01291 
0.650163889 0.0656872610686 -0.051212 -0.005615 0.01223 
0.659934997 0.0665795081892 -0.072707 -0.011723 0.010897 
0.670243978 0.0675649106062 -0.036883 -0.005891 0.011433 
0.680104971 0.0685471987314 -0.050853 -0.006445 0.010279 
0.689967871 0.0695296768195 -0.057293 -0.01035 -0.000172 
0.700373888 0.0705662566984 -0.050088 0.000963 -0.00055 
0.710171938 0.0716210251448 -0.056918 -0.00396 0.008946 
0.720054865 0.072633337994 -0.071131 -0.00368 0.008827 
0.729896784 0.0736056373169 -0.035181 0.001314 0.009243 
0.740278959 0.0746313094162 -0.048877 -0.007973 0.008957 
0.750211954 0.0756126062865 -0.063004 -0.008813 0.018815 
0.760036945 0.0766990662758 -0.055347 -0.013003 0.009398 
0.769967794 0.0776990997942 -0.048268 -0.000852 0.00914 
0.78023386 0.0786945388738 -0.069611 -0.006792 0.019066 
0.790062904 0.0796476025413 -0.041007 0.002846 0.029146 
0.800068855 0.0806178198236 -0.076847 -0.004835 0.018028 
0.810293913 0.0816079915843 -0.076887 -0.005117 0.028125 
0.820161819 0.0825756286943 -0.062192 0.002562 0.028546 
0.830039978 0.0835525097577 -0.062501 0.002108 0.028299 
0.839875936 0.0845252174364 -0.083271 -0.011267 0.038543 
0.85027194 0.0855533097604 -0.090851 0.007761 0.037729 
0.860093832 0.08670075378 -0.069469 0.004237 0.037604 
0.869959831 0.08769689438 -0.112346 0.001653 0.036396 
0.880239963 0.0886748686178 -0.062309 0.007206 0.037051 
0.890185833 0.0896210436895 -0.097824 0.001827 0.036762 
0.90000081 0.0905547665882 -0.076664 0.006475 0.026469 
0.910313844 0.0916638891107 -0.091415 -0.003335 0.025562 
0.920228004 0.0926739810219 -0.098803 0.001027 0.045323 
0.930095911 0.0936281059805 -0.098863 0.017546 0.034415 
0.93994689 0.0945805941759 -0.077024 0.006582 0.035523 
0.950266838 0.0955784268428 -0.084686 0.00271 0.034668 
0.960126877 0.0965783236641 -0.070331 0.003441 0.04525 
0.970002889 0.0975834062961 -0.106302 0.005503 0.043727 
0.980298996 0.0986179357711 -0.056955 0.013116 0.044494 
0.990237951 0.0996165794232 -0.078033 0.009032 0.034593 
1.000092983 0.100606790683 -0.099077 0.004389 0.04397 
1.009940862 0.101576319606 -0.063522 0.010049 0.034162 
1.020273924 0.10258715573 -0.085254 0.007467 0.043651 
1.030145883 0.103559099183 -0.085538 0.022412 0.042474 
1.039985895 0.104528800144 -0.064738 0.012774 0.053545 
1.050284862 0.105543729617 -0.086193 0.006948 0.042115 
1.060228824 0.106525802636 -0.072066 0.007789 0.032257 
1.07007885 0.107503017964 -0.108057 0.002513 0.041937 
1.079890966 0.108486479719 -0.058846 0.017178 0.042513 
1.090211868 0.109520936751 -0.080538 0.005132 0.061804 
1.10006094 0.11050810258 -0.116733 0.015365 0.050114 
1.109958887 0.111498944995 -0.060038 0.018335 0.041216 
1.120260954 0.112530618527 -0.117012 0.016036 0.038974 
1.130143881 0.113521462076 -0.075082 0.00992 0.050645 
1.140049934 0.114514624195 -0.053517 0.007689 0.050887 
1.149865866 0.115498750953 -0.125789 0.004021 0.058798 
1.160194874 0.116576769003 -0.061489 0.003362 0.049785 
1.17008996 0.117587963428 -0.097008 0.006889 0.058972 
1.179968834 0.118568792196 -0.076005 0.01125 0.059692 
1.190286875 0.11959322387 -0.069514 0.009224 0.060356 
1.200169802 0.120574455042 -0.119881 0.010273 0.058349 
1.21002984 0.121677710066 -0.041996 0.011843 0.080223 
1.21993494 0.122685688309 -0.098782 0.001931 0.068871 
1.230214834 0.123688681832 -0.063698 0.015756 0.079305 
1.240096807 0.124652850812 -0.070903 0.004443 0.079683 
1.249949932 0.125614205137 -0.106935 0.023025 0.067253 
1.26027298 0.12661540627 -0.05018 0.009475 0.069263 
1.270164966 0.127595666368 -0.107012 0.008186 0.077484 
1.280033827 0.128594666657 -0.071355 0.014575 0.088237 
1.289949894 0.129598445491 -0.036134 0.014127 0.059214 
1.300191879 0.130635216196 -0.114405 0.014232 0.067074 
1.310092926 0.131596313289 -0.049445 0.005018 0.068355 
1.319933891 0.132569055249 -0.064283 -0.003672 0.057471 
1.330240965 0.133614784256 -0.06486 0.012668 0.06663 
1.340134859 0.134618593091 -0.043072 0.002265 0.077039 
1.350005865 0.135619881813 -0.07952 0.00443 0.085487 
1.359932899 0.136587803858 -0.044005 0.009808 0.085776 
1.370188951 0.137591208501 -0.05119 0.005833 0.074951 
1.380059004 0.138560218491 -0.065586 0.004821 0.074466 
1.38990879 0.139527238732 -0.01597 -0.00436 0.065827 
1.400207996 0.14053838158 -0.058969 0.001957 0.075011 
1.410084963 0.141584431196 -0.023576 -0.000731 0.065943 
1.419942856 0.142613221032 -0.058942 0.002962 0.08639 
1.43027401 0.143632246221 -0.038285 -0.007687 0.086997 
1.440120935 0.144603508929 -0.037935 -0.006951 0.077147 
1.450002909 0.145578228735 -0.066893 -0.00842 0.086394 
1.459861994 0.146529640533 -0.016943 -0.001747 0.077071 
1.470185995 0.147548275398 -0.07344 -0.018542 0.077168 
1.480065822 0.148545716448 -0.081045 -0.014914 0.077284 
1.489909887 0.149539547062 -0.017338 -0.015474 0.079156 
1.500237942 0.150582240018 -0.07463 -0.026408 0.088666 
1.510125875 0.151652619398 -0.017433 -0.022535 0.081178 
1.520021915 0.152678073081 -0.080502 -0.028122 0.080905 
1.529914856 0.153680937833 -0.051066 -0.00979 0.081438 
1.540175915 0.154721119352 -0.036352 -0.031503 0.062731 
1.550069809 0.155714815118 -0.078869 -0.017227 0.072217 
1.559937 0.156597873455 -0.036066 -0.007145 0.103892 
1.57028079 0.157583757941 -0.043079 -0.018008 0.105432 
1.580118894 0.158556579305 -0.084891 -0.020911 0.10564 
1.589988947 0.159532559882 -0.027917 -0.008867 0.087984 
1.59988594 0.160511204368 -0.070023 -0.010375 0.098528 
1.610164881 0.161527617023 -0.034361 -0.012891 0.099804 
1.620066881 0.162533124299 -0.055272 -0.01031 0.119334 
1.629925012 0.163565459022 -0.07016 -0.003324 0.098338 
1.640213966 0.164642909148 -0.048468 -0.006394 0.09846 
1.650050878 0.165673021836 -0.085225 -0.004683 0.10666 
1.659945011 0.166709126657 -0.056793 0.002819 0.11717 
1.669872999 0.167701269473 -0.063852 -0.001994 0.106226 
1.680126905 0.168709122954 -0.078871 0.00499 0.114724 
1.690026998 0.169682200256 -0.064329 0.012502 0.103886 
1.699914932 0.170654082454 -0.09379 0.01013 0.111724 
1.710206985 0.171665685392 -0.044813 0.007097 0.101486 
1.720090866 0.172637735834 -0.087696 -0.003548 0.090005 
1.729960918 0.173608955035 -0.116193 0.009999 0.098448 
1.740297794 0.174626110005 -0.059691 0.012519 0.088389 
1.750142813 0.175594865943 -0.109622 0.013184 0.086508 
1.760002851 0.17656509976 -0.109724 0.012456 0.065948 
1.769840002 0.177553244808 -0.095764 0.013852 0.066306 
1.780197859 0.178619916953 -0.131649 0.014794 0.074761 
1.790077925 0.179637385257 -0.095912 0.021747 0.06532 
1.799968004 0.180655884718 -0.131615 0.007014 0.054392 
1.809880972 0.181676741333 -0.110202 0.019731 0.023961 
1.820156812 0.182687771047 -0.117508 0.024656 0.023528 
1.830039978 0.183642764183 -0.138953 0.017987 0.012894 
1.839866876 0.18459232024 -0.131428 0.006575 -0.006676 
1.85017991 0.185588850774 -0.174326 0.020792 -0.028889 
1.860049963 0.186542576823 -0.138852 0.025889 -0.018502 
1.869910002 0.187505312634 -0.188595 0.018941 -0.029493 
1.880250931 0.188549786364 -0.181482 0.023312 -0.050121 
1.890173912 0.189552045734 -0.166817 0.024497 -0.039292 
1.900045872 0.190549151785 -0.216277 0.016997 -0.061415 
1.909902811 0.191544740658 -0.18885 0.018045 -0.061312 
1.920231819 0.192581463503 -0.259961 0.030864 -0.073905 
1.930115938 0.19356434671 -0.239105 0.043119 -0.074171 
1.939991951 0.194546423851 -0.217145 0.023255 -0.083455 
1.950294971 0.195570962845 -0.245936 0.02123 -0.084425 
1.960161924 0.196552139054 -0.252513 0.024376 -0.095067 
1.969969988 0.197532502533 -0.260043 0.027727 -0.085769 
1.980348825 0.198577049123 -0.253147 0.038586 -0.086394 
1.990200996 0.19956859101 -0.274734 0.025537 -0.107976 
2.000077009 0.200562532402 -0.288835 0.040096 -0.099048 
2.009945869 0.201555753903 -0.23861 0.038036 -0.107504 
2.020274877 0.202595285604 -0.287908 0.014746 -0.098159 
2.030148983 0.203582527214 -0.274014 0.02997 -0.118495 
2.039989948 0.20456600349 -0.295534 0.02543 -0.099149 
2.050357818 0.205602137059 -0.31004 0.046868 -0.100755 
2.060251951 0.206590926784 -0.259822 0.036746 -0.119483 
2.07009387 0.207582860053 -0.315944 0.026341 -0.110268 
2.079970836 0.208586795443 -0.322952 0.020967 -0.130514 
2.090281009 0.209634763772 -0.344 0.040344 -0.131073 
2.10018301 0.210641243822 -0.351093 0.04331 -0.121648 
2.110039949 0.211643143586 -0.32249 0.035982 -0.131317 
2.119973898 0.212630327937 -0.34322 0.022888 -0.13117 
2.13023901 0.213631172474 -0.329224 0.038841 -0.130947 
2.140091896 0.214591825132 -0.357087 0.038178 -0.131176 
2.149963856 0.215554337498 -0.371666 0.035873 -0.132028 
2.160270929 0.216559273216 -0.364399 0.040412 -0.141396 
2.170167923 0.217553036011 -0.385458 0.03392 -0.142602 
2.179966926 0.218579151493 -0.349771 0.046803 -0.142257 
2.190308809 0.219662115369 -0.385205 0.032243 -0.142841 
2.200184822 0.220696295055 -0.385342 0.039294 -0.143032 
2.210042 0.221728502409 -0.371083 0.047358 -0.142737 
2.219877958 0.222717469811 -0.384789 0.038915 -0.14382 
2.230253935 0.223727622982 -0.384926 0.045966 -0.144011 
2.240156889 0.224691725002 -0.391544 0.04883 -0.144556 
2.249998808 0.22564988496 -0.398283 0.043628 -0.154458 
2.260305881 0.226653329982 -0.419549 0.037411 -0.13535 
2.270201921 0.227649890236 -0.419113 0.037027 -0.135223 
2.280069828 0.228677341368 -0.440785 0.047434 -0.146548 
2.289936781 0.229704693169 -0.404424 0.036645 -0.145074 
2.300225973 0.230776008694 -0.46196 0.040938 -0.146838 
2.3101089 0.231805023715 -0.446612 0.032 -0.146394 
2.319983959 0.232766557799 -0.475048 0.038772 -0.146942 
2.330307007 0.233743006772 -0.454146 0.059371 -0.147033 
2.340189934 0.234677825047 -0.468101 0.04907 -0.156867 
2.350037813 0.23560932816 -0.489642 0.034619 -0.158376 
2.359893799 0.236541598107 -0.489475 0.034062 -0.168592 
2.3702178 0.237545738472 -0.496087 0.044988 -0.158865 
2.380075931 0.23853260867 -0.511066 0.052254 -0.160463 
2.389964819 0.239522557866 -0.482284 0.060492 -0.159803 
2.400261879 0.24055336803 -0.538691 0.048066 -0.171515 
2.410122871 0.241540524635 -0.517592 0.045094 -0.160507 
2.419963836 0.242525492239 -0.538605 0.046946 -0.161537 
2.429858923 0.243515652699 -0.524609 0.062899 -0.161314 
2.440144777 0.244544915597 -0.531349 0.057697 -0.171216 
2.450023889 0.245533477505 -0.57379 0.054729 -0.172297 
2.459891796 0.246520918174 -0.57379 0.054729 -0.172297 
2.470196008 0.247549964547 -0.565885 0.057767 -0.172477 
2.480094909 0.248536286665 -0.580108 0.06426 -0.172906 
2.489949941 0.249518237695 -0.601106 0.050994 -0.183102 
2.500232935 0.25054283067 -0.600853 0.049318 -0.183341 
2.510177851 0.251533737702 -0.593384 0.05274 -0.183648 
2.52008295 0.252532226106 -0.620928 0.051688 -0.182835 
2.529937982 0.253553190414 -0.606542 0.058914 -0.182661 
2.540254831 0.254621998166 -0.634441 0.049064 -0.18227 
2.550130844 0.255645136069 -0.655504 0.066592 -0.193412 
2.560009956 0.256668595023 -0.640606 0.058763 -0.17162 
2.570331812 0.257699212025 -0.646956 0.044833 -0.18157 
2.58019495 0.258651370047 -0.65338 0.048147 -0.180953 
2.590044975 0.259602262178 -0.645764 0.043675 -0.180273 
2.599925995 0.260556146475 -0.680933 0.053307 -0.18045 
2.61023283 0.261551137685 -0.637528 0.062448 -0.158865 
2.620114803 0.262518256974 -0.679655 0.05103 -0.169176 
2.629992962 0.263514334309 -0.672262 0.05473 -0.178664 
2.640350818 0.264558782531 -0.707072 0.049139 -0.168483 
2.650213003 0.265553249106 -0.692164 0.064605 -0.178102 
2.660085916 0.266604383998 -0.677409 0.055765 -0.166773 
2.669930935 0.267605145557 -0.676785 0.047769 -0.175756 
2.680257797 0.268552426668 -0.698122 0.049891 -0.155557 
2.690129995 0.269537556545 -0.689983 0.05366 -0.164672 
2.700023889 0.270524851429 -0.717857 0.05921 -0.165212 
2.710331917 0.271553472041 -0.703187 0.05149 -0.16386 
2.720227957 0.272570135192 -0.724053 0.045448 -0.163903 
2.730086803 0.27362057733 -0.709956 0.045163 -0.162869 
2.739923954 0.274601065329 -0.723687 0.053402 -0.162685 
2.750255823 0.275630862834 -0.716644 0.056367 -0.162323 
2.760128975 0.276614939123 -0.730208 0.054304 -0.152457 
2.769989967 0.277639962777 -0.743711 0.045466 -0.151581 
2.780316829 0.27872531996 -0.750714 0.048154 -0.161555 
2.790189981 0.279684965744 -0.736581 0.057056 -0.161141 
2.800046921 0.280643035762 -0.743153 0.068264 -0.16151 
2.809923887 0.281603052257 -0.736242 0.064005 -0.171301 
2.820218801 0.282598528885 -0.771407 0.049617 -0.161542 
2.83009696 0.283551040655 -0.778531 0.061204 -0.161123 
2.839979887 0.284536046558 -0.763739 0.061551 -0.150414 
2.850289821 0.28556361115 -0.791928 0.058585 -0.161473 
2.860175848 0.286548926022 -0.79178 0.050691 -0.160487 
2.87003088 0.287628390689 -0.805567 0.056799 -0.160788 
2.879881859 0.288705274573 -0.798215 0.060217 -0.16018 
2.890210867 0.289683675939 -0.79751 0.060005 -0.149709 
2.900080919 0.290618603317 -0.840068 0.057032 -0.149874 
2.909970999 0.29155542782 -0.811408 0.057204 -0.158572 
2.920292854 0.292605376589 -0.85385 0.054236 -0.159653 
2.930169821 0.293660948693 -0.846451 0.065998 -0.158868 
2.940011978 0.294614684402 -0.867606 0.052446 -0.158052 
2.949914932 0.295573929821 -0.87407 0.055477 -0.147338 
2.960191965 0.296569410244 -0.859497 0.055091 -0.156274 
2.970066786 0.297548185148 -0.880753 0.057776 -0.156269 
2.979937792 0.29857363911 -0.873239 0.052576 -0.176149 
2.990269899 0.299610425293 -0.87265 0.052359 -0.164763 
3.000150919 0.300601946675 -0.929132 0.057176 -0.165907 
3.010001898 0.30159045356 -0.907653 0.061435 -0.175157 
3.019909859 0.302574530747 -0.928473 0.063736 -0.175024 
3.030212879 0.303577960245 -0.942888 0.055386 -0.164306 
3.040089845 0.304546266934 -0.962928 0.040231 -0.164271 
3.049947977 0.305519249019 -0.955879 0.061002 -0.173535 
3.060254812 0.306536517381 -0.962492 0.054962 -0.183557 
3.070112943 0.307510608246 -0.997357 0.056986 -0.19376 
3.07998681 0.30848754745 -0.996951 0.055477 -0.18274 
3.089895963 0.309480542467 -1.017032 0.049786 -0.192506 
3.100174904 0.310512367763 -1.016712 0.049397 -0.191464 
3.110059976 0.311504655523 -1.009319 0.053097 -0.200952 
3.119918823 0.312498989082 -1.023399 0.060601 -0.190918 
3.130242824 0.313548396986 -1.037349 0.058361 -0.190479 
3.14008379 0.314528910391 -1.007949 0.067507 -0.189326 
3.149983883 0.315515314968 -1.028881 0.045783 -0.178342 
3.160308838 0.316544051048 -1.049386 0.039634 -0.18744 
3.170175791 0.317544853408 -1.048382 0.046088 -0.177033 
3.180063963 0.318575153922 -1.069598 0.049056 -0.187125 
3.189886808 0.319556038361 -1.062011 0.053205 -0.195451 
3.200201988 0.320586086128 -1.075965 0.05987 -0.185536 
3.210070848 0.321571565509 -1.061002 0.050755 -0.19452 
3.219942808 0.322613320815 -1.089028 0.041744 -0.19401 
3.230273008 0.323731231441 -1.089017 0.040901 -0.193214 
3.240142822 0.324695439345 -1.095933 0.052214 -0.213109 
3.250008821 0.325659274553 -1.123853 0.04942 -0.213824 
3.259895801 0.326625159449 -1.081238 0.059893 -0.212687 
3.270246982 0.327624704437 -1.12327 0.041141 -0.21271 
3.280124903 0.328573732528 -1.123086 0.047804 -0.211858 
3.289996862 0.329577786577 -1.157957 0.058733 -0.212585 
3.30033493 0.33062924749 -1.150174 0.053705 -0.222122 
3.310213804 0.331634004848 -1.178073 0.043855 -0.221731 
3.320107937 0.332614179654 -1.170244 0.047171 -0.231092 
3.329908848 0.333558343052 -1.1772 0.058202 -0.24089 
3.340274811 0.334613517924 -1.190146 0.057047 -0.23053 
3.350154877 0.335619232239 -1.197574 0.059276 -0.239834 
3.360015869 0.336623004968 -1.189796 0.046186 -0.259644 
3.370313883 0.337629858567 -1.22487 0.048485 -0.249533 
3.380154848 0.33856982858 -1.20333 0.036224 -0.247875 
3.390084982 0.339550761685 -1.202579 0.044356 -0.237229 
3.399953842 0.340525641931 -1.231151 0.058179 -0.237967 
3.410232782 0.341541031303 -1.223099 0.053324 -0.23716 
3.420125007 0.342549578397 -1.272523 0.045987 -0.247108 
3.430010795 0.343624820393 -1.243868 0.055064 -0.246329 
3.440337896 0.344635315888 -1.285169 0.051499 -0.236812 
3.450193882 0.345599713297 -1.24259 0.052786 -0.235055 
3.460054874 0.346564600538 -1.234964 0.047472 -0.233579 
3.469900846 0.347526329747 -1.298747 0.048309 -0.244632 
3.480210781 0.348535043468 -1.277156 0.052454 -0.232526 
3.490124941 0.349532927373 -1.276364 0.060867 -0.231977 
3.499952793 0.35052212417 -1.303924 0.04822 -0.221848 
3.510322809 0.351565891071 -1.27531 0.049794 -0.25062 
3.520181894 0.352610387547 -1.310383 0.052093 -0.240509 
3.530025959 0.353676305887 -1.316985 0.062176 -0.229986 
3.539937973 0.354677349043 -1.309161 0.05743 -0.24962 
3.550205946 0.355714341535 -1.316062 0.060846 -0.239033 
3.560086965 0.356712254417 -1.329433 0.059233 -0.228004 
3.569967985 0.357639348368 -1.371687 0.048652 -0.238196 
3.580303907 0.358600410288 -1.342591 0.04844 -0.246766 
3.590178013 0.35957036356 -1.384201 0.054166 -0.257394 
3.600029945 0.360538138636 -1.348047 0.058767 -0.25502 
3.609921932 0.361509848394 -1.362351 0.057475 -0.274903 
3.620206833 0.362520154885 -1.383267 0.067109 -0.285058 
3.630054951 0.363491280423 -1.390128 0.070807 -0.284568 
3.639955997 0.364532817925 -1.396101 0.048873 -0.273091 
3.650290012 0.365619901469 -1.388439 0.052746 -0.272236 
3.660166979 0.366658905987 -1.402282 0.052075 -0.280613 
3.670018911 0.367695276957 -1.409425 0.056325 -0.268991 
3.679940939 0.368713607477 -1.402026 0.068087 -0.268207 
3.690190792 0.369721398533 -1.436861 0.062212 -0.276508 
3.700099945 0.370695691118 -1.436202 0.068772 -0.285625 
3.709953785 0.37166454519 -1.428661 0.064578 -0.294127 
3.720284939 0.372680329963 -1.449375 0.058703 -0.282911 
3.730105877 0.373645981899 -1.43541 0.051195 -0.29203 
3.740031004 0.374622371371 -1.476954 0.048465 -0.281478 
3.750302791 0.375632863698 -1.455469 0.060785 -0.280456 
3.760176897 0.376604233952 -1.469103 0.05984 -0.309146 
3.770017862 0.377572343944 -1.482474 0.058226 -0.298118 
3.77995801 0.378550220584 -1.482337 0.06629 -0.31734 
3.790250778 0.379608199311 -1.531218 0.050394 -0.316077 
3.800109863 0.380621600389 -1.488893 0.053357 -0.314081 
3.809965849 0.381634682926 -1.509844 0.06355 -0.343514 
3.820325851 0.382699572538 -1.544111 0.049399 -0.322122 
3.830154896 0.383679109622 -1.529944 0.055892 -0.341592 
3.840093851 0.38463965577 -1.529173 0.040001 -0.349589 
3.849888801 0.385586284615 -1.593306 0.057069 -0.331042 
3.860255003 0.38658812187 -1.57135 0.061225 -0.350262 
3.870122909 0.387541801517 -1.585193 0.050809 -0.338741 
3.88003397 0.388499651861 -1.577317 0.062468 -0.347926 
3.889934778 0.389492016065 -1.576633 0.037952 -0.346001 
3.900210857 0.39052886351 -1.583458 0.056207 -0.345646 
3.910088777 0.391525537058 -1.603821 0.051068 -0.344281 
3.919910908 0.392516581544 -1.610119 0.053543 -0.343783 
3.930253982 0.393560188726 -1.588421 0.07365 -0.352801 
3.940135956 0.394548227896 -1.594643 0.044489 -0.350562 
3.950013876 0.3955358179 -1.651326 0.057642 -0.32112 
3.960344791 0.39656869814 -1.615143 0.046401 -0.349387 
3.970224857 0.3975565027 -1.671183 0.058895 -0.340131 
3.980054855 0.398539620043 -1.628518 0.068807 -0.348295 
3.989921808 0.399535275156 -1.648963 0.046138 -0.346485 
4.000281811 0.40058068299 -1.684208 0.056047 -0.355844 
4.010149002 0.401576362119 -1.61226 0.059985 -0.342526 
4.019993782 0.402569779798 -1.654898 0.066194 -0.342396 
4.029931783 0.403572604228 -1.639402 0.064478 -0.360379 
4.040150881 0.404595304683 -1.681448 0.056195 -0.358825 
4.050042867 0.405576150315 -1.724 0.044318 -0.368467 
4.059937 0.406557208835 -1.65933 0.04271 -0.385739 
4.070241928 0.407578999972 -1.75092 0.050385 -0.39605 
4.080113888 0.408561480878 -1.693946 0.052684 -0.393808 
4.090005874 0.409571234283 -1.750503 0.057778 -0.404133 
4.100334883 0.410625598089 -1.73634 0.058781 -0.401817 
4.110204935 0.411633112517 -1.722127 0.058502 -0.401698 
4.120059967 0.412639093735 -1.757469 0.060629 -0.401932 
4.130340814 0.413681492159 -1.743418 0.052001 -0.401073 
4.140237808 0.414642144133 -1.792806 0.053851 -0.411641 
4.150138855 0.415603189511 -1.785514 0.04965 -0.389733 
4.159981966 0.41655861133 -1.756652 0.058451 -0.409267 
4.170300007 0.417560132242 -1.820277 0.067518 -0.398788 
4.180171013 0.418518928293 -1.756133 0.066573 -0.396789 
4.190029859 0.419553089886 -1.769976 0.065903 -0.405166 
4.200344801 0.4206350945 -1.811687 0.046762 -0.404147 
4.210217953 0.421670756747 -1.790415 0.066411 -0.412497 
4.220096826 0.422707019109 -1.853397 0.059703 -0.402792 
4.229960918 0.423726004726 -1.810372 0.059763 -0.400111 
4.240273952 0.424729312142 -1.845613 0.055397 -0.419432 
4.250157833 0.425690869247 -1.859769 0.053432 -0.39868 
4.260030985 0.426651382577 -1.816654 0.062236 -0.428193 
4.270365953 0.427656823851 -1.873075 0.050534 -0.418429 
4.280289888 0.428626711842 -1.844857 0.059994 -0.417776 
4.29010582 0.429649651479 -1.886502 0.056535 -0.427785 
4.299943924 0.430674901708 -1.907301 0.05178 -0.426546 
4.310259819 0.431749943578 -1.878743 0.068189 -0.436054 
4.320122003 0.432777703237 -1.920855 0.058619 -0.435783 
4.330015898 0.433781639403 -1.913598 0.069371 -0.445461 
4.340349912 0.434755615033 -1.905942 0.065181 -0.454879 
4.350223779 0.435686222038 -1.948225 0.070442 -0.434428 
4.360093832 0.436616469577 -1.912446 0.083046 -0.453481 
4.369964838 0.437546806935 -1.947475 0.061607 -0.443531 
4.380281925 0.438524336669 -1.962002 0.075708 -0.433934 
4.390111923 0.439511056628 -1.926192 0.075043 -0.45157 
4.399980783 0.440501677495 -1.997059 0.078005 -0.452403 
4.410310983 0.441538606956 -1.939958 0.079466 -0.45028 
4.420159817 0.442527217644 -1.996137 0.076675 -0.461449 
4.430045843 0.44351963955 -2.003119 0.072306 -0.470316 
4.440342903 0.444555050344 -1.967009 0.08553 -0.448368 
4.450222969 0.445548530715 -2.037968 0.081549 -0.469451 
4.460100889 0.446541795297 -1.973997 0.07847 -0.467022 
4.469976902 0.447534868122 -2.030149 0.076685 -0.466813 
4.48028779 0.448571669377 -2.030518 0.083727 -0.465172 
4.49017787 0.44955387044 -2.030431 0.092352 -0.475094 
4.50007081 0.450535082708 -2.087116 0.088539 -0.4654 
4.510386944 0.451558268661 -2.036227 0.069019 -0.473038 
4.520274877 0.452538984319 -2.085995 0.078754 -0.482762 
4.530133962 0.453516838745 -2.065062 0.091454 -0.480951 
4.539977789 0.454493179834 -2.064301 0.098742 -0.469508 
4.550315857 0.455568070191 -2.099663 0.093531 -0.458538 
4.560189962 0.456607406163 -2.085131 0.075897 -0.477126 
4.570030927 0.45764325386 -2.120664 0.095262 -0.465876 
4.580387831 0.458713650737 -2.077462 0.088552 -0.473102 
4.59025383 0.4596660701 -2.091035 0.088054 -0.471135 
4.600134849 0.460619939427 -2.140453 0.088779 -0.470811 
4.609967947 0.461569182675 -2.111428 0.096906 -0.47829 
4.620304823 0.462567058395 -2.160486 0.092154 -0.487505 
4.63006401 0.463510203628 -2.146445 0.099484 -0.506856 
4.639946937 0.464505196869 -2.160145 0.099824 -0.504769 
4.650295973 0.465547117028 -2.216348 0.087004 -0.514523 
4.6601758 0.466541798167 -2.165752 0.100961 -0.511488 
4.670077801 0.46753871174 -2.243227 0.069214 -0.519995 
4.679899931 0.468637391101 -2.229129 0.101011 -0.518624 
4.690219879 0.46955354148 -2.20626 0.090287 -0.535378 
4.700051784 0.470514638686 -2.220279 0.106131 -0.553747 
4.709952831 0.471508314886 -2.233533 0.105244 -0.550738 
4.72033 0.472549775032 -2.295932 0.088407 -0.579081 
4.730166912 0.473540043625 -2.29547 0.104144 -0.586988 
4.740063906 0.47463323015 -2.3077 0.094713 -0.60501 
4.749864816 0.475601453499 -2.322043 0.110827 -0.60215 
4.760211944 0.476623637246 -2.293003 0.103836 -0.618795 
4.770095825 0.477600057227 -2.362795 0.100265 -0.617901 
4.779968977 0.47859732696 -2.326509 0.104868 -0.645022 
4.790284872 0.479742248744 -2.361465 0.107894 -0.64293 
4.800162792 0.480696823367 -2.374901 0.105714 -0.640287 
4.810045004 0.481651812758 -2.339467 0.10403 -0.666556 
4.819914818 0.48260560404 -2.380822 0.093687 -0.665114 
4.830215931 0.483600499128 -2.40193 0.12056 -0.663786 
4.84009099 0.484550759682 -2.421933 0.115313 -0.671475 
4.849952936 0.485532439621 -2.442682 0.109998 -0.679538 
4.860260963 0.486564646003 -2.442493 0.117501 -0.708061 
4.870193958 0.487559298115 -2.449369 0.104956 -0.705844 
4.880046844 0.488598052863 -2.44847 0.120309 -0.713624 
4.889882803 0.489714993872 -2.45499 0.116562 -0.710986 
4.90021801 0.490690124748 -2.489794 0.117182 -0.729693 
4.910112858 0.491623707578 -2.510999 0.104913 -0.72668 
4.919974804 0.492554186092 -2.503676 0.116952 -0.735077 
4.930326938 0.49357986293 -2.509709 0.11226 -0.741612 
4.940171003 0.494636391143 -2.565825 0.125031 -0.741538 
4.95002079 0.495620507226 -2.5512 0.10969 -0.747465 
4.959933996 0.496584657949 -2.572293 0.135839 -0.767613 
4.970220804 0.497585144913 -2.59249 0.098783 -0.783904 
4.980098009 0.498553720097 -2.578199 0.13103 -0.781371 
4.989934921 0.499578892189 -2.612543 0.10019 -0.788909 
5.000239849 0.500613092458 -2.633873 0.135234 -0.797749 
5.010154009 0.501598993573 -2.63302 0.110884 -0.813145 
5.020001888 0.502578303459 -2.653235 0.129932 -0.810456 
5.029881 0.503560481558 -2.65973 0.124618 -0.828497 
5.040166855 0.504567877319 -2.666853 0.136928 -0.835182 
5.050046921 0.505537456152 -2.694675 0.127523 -0.832714 
5.059930801 0.506516415662 -2.673159 0.131944 -0.829789 
5.070216894 0.507535212791 -2.701179 0.114028 -0.838756 
5.080137014 0.508518950291 -2.68014 0.118553 -0.825861 
5.090043783 0.509507811283 -2.694808 0.126994 -0.834317 
5.100314855 0.510534126112 -2.730194 0.128721 -0.802181 
5.110184908 0.511521196764 -2.673301 0.123235 -0.819393 
5.120070934 0.512509864821 -2.701873 0.122665 -0.807822 
5.129940986 0.513496097319 -2.723985 0.133338 -0.797003 
5.140256882 0.514520664708 -2.708539 0.117789 -0.793375 
5.150151014 0.515511338361 -2.708685 0.126405 -0.801465 
5.159999847 0.516501488271 -2.72274 0.117948 -0.799801 
5.170323849 0.517539409175 -2.765505 0.130366 -0.799066 
5.180207968 0.518534880205 -2.736775 0.107805 -0.796545 
5.190077781 0.519551212703 -2.76519 0.122637 -0.8154 
5.199930906 0.52053950628 -2.7581 0.119551 -0.802553 
5.210251808 0.521569217395 -2.786566 0.117978 -0.831855 
5.220141887 0.52255594552 -2.793187 0.120723 -0.810129 
5.230010986 0.523551842058 -2.785454 0.116979 -0.817468 
5.240319967 0.524735605105 -2.806592 0.12039 -0.825482 
5.250224829 0.525698567993 -2.84238 0.114721 -0.813844 
5.260066986 0.526655434623 -2.827957 0.131855 -0.821393 
5.26996088 0.527617331188 -2.834818 0.104193 -0.828343 
5.280256986 0.528618356135 -2.820619 0.119753 -0.826161 
5.290118933 0.529577302074 -2.869753 0.105533 -0.82466 
5.300004959 0.530572063622 -2.862942 0.118233 -0.842365 
5.310316801 0.531618426077 -2.848348 0.110791 -0.850195 
5.320169925 0.532618241534 -2.876631 0.11773 -0.839483 
5.330032825 0.533609046766 -2.876823 0.118003 -0.847749 
5.339919805 0.534570319935 -2.883703 0.114363 -0.836056 
5.350226879 0.535603750008 -2.933557 0.115473 -0.835858 
5.360110998 0.536606687943 -2.898098 0.114073 -0.843644 
5.369998932 0.537610012985 -2.904811 0.109877 -0.842168 
5.38031888 0.538634445308 -2.912314 0.112383 -0.860653 
5.390194893 0.539572790463 -2.940121 0.11922 -0.859912 
5.400065899 0.54053786082 -2.975868 0.113833 -0.85837 
5.40990901 0.541509912513 -2.940156 0.110756 -0.866395 
5.420233965 0.542529548479 -2.954601 0.111026 -0.864683 
5.430053949 0.543499316277 -2.961496 0.122504 -0.843823 
5.439981937 0.544599786365 -2.983229 0.108326 -0.853597 
5.450311899 0.545633369392 -2.968843 0.101158 -0.841114 
5.46022582 0.54661014994 -2.962432 0.113683 -0.839668 
5.470054865 0.547578567983 -2.962756 0.096987 -0.838188 
5.479892969 0.548544966045 -2.962918 0.105605 -0.817699 
5.49019289 0.549535724125 -2.99939 0.107486 -0.827734 
5.500060797 0.550525207924 -2.985197 0.099869 -0.816412 
5.509914875 0.551520515033 -2.978687 0.095435 -0.807052 
5.520246982 0.552564105264 -2.979071 0.112224 -0.796731 
5.530090809 0.553576769921 -2.979426 0.103427 -0.797153 
5.539985895 0.554673260766 -2.987179 0.114949 -0.798024 
5.549880981 0.555665305339 -2.995499 0.126854 -0.769526 
5.560156822 0.556695522994 -3.003289 0.097108 -0.770113 
5.570033788 0.557685750923 -2.975014 0.098954 -0.749076 
5.57989788 0.558642796721 -3.011162 0.107785 -0.740692 
5.590219974 0.559599014568 -3.012511 0.108657 -0.730977 
5.600096941 0.56057145681 -2.984755 0.10238 -0.722418 
5.609961986 0.561543103162 -2.978345 0.114184 -0.713868 
5.619875908 0.562519563599 -2.986225 0.1168 -0.694721 
5.630154848 0.563531976068 -2.994404 0.112748 -0.675509 
5.640020847 0.564503716384 -2.980369 0.096902 -0.685719 
5.649875879 0.565520572741 -2.981301 0.121411 -0.657234 
5.660229921 0.566604533788 -2.995823 0.111491 -0.6377 
5.670137882 0.56764179477 -2.989298 0.09194 -0.637506 
5.680037975 0.568678232055 -2.975642 0.100944 -0.627123 
5.690331936 0.569751253669 -2.990898 0.116824 -0.607317 
5.700205803 0.570721624932 -2.976229 0.109104 -0.605965 
5.710093975 0.571693402043 -2.977141 0.109591 -0.596122 
5.719955921 0.57266260175 -2.97105 0.122506 -0.595719 
5.730273008 0.57367653122 -2.999735 0.112305 -0.585606 
5.740148783 0.574647089996 -2.978555 0.109897 -0.594792 
5.750023842 0.575619293701 -2.993594 0.109543 -0.575091 
5.760318994 0.576633537648 -2.987331 0.114848 -0.555219 
5.770183801 0.577605385444 -3.002041 0.105319 -0.566223 
5.780077934 0.57858012234 -2.981124 0.110801 -0.575481 
5.789921999 0.579549926704 -2.996117 0.118791 -0.555604 
5.800223827 0.58060021154 -3.003662 0.1059 -0.54458 
5.810100794 0.581620111052 -3.011207 0.102754 -0.553454 
5.819976806 0.58263991195 -3.004406 0.106552 -0.552057 
5.830285787 0.583704421398 -3.004791 0.106375 -0.561485 
5.84017992 0.584709579266 -3.019374 0.098582 -0.54055 
5.850041866 0.585659590981 -3.033966 0.106746 -0.539825 
5.859884977 0.586607788301 -3.026983 0.111836 -0.538061 
5.870205879 0.587602011735 -3.019925 0.099683 -0.546866 
5.880093813 0.588554526902 -3.04874 0.11434 -0.546569 
5.889918804 0.589500978703 -3.03477 0.114894 -0.545415 
5.900272846 0.590527617531 -3.013473 0.103467 -0.542722 
5.910180807 0.591529464997 -3.056273 0.101328 -0.541852 
5.920018911 0.592524248844 -3.063564 0.113472 -0.531217 
5.929934978 0.593526915952 -3.064065 0.113291 -0.539729 
5.940214872 0.594566371573 -3.078287 0.10539 -0.527849 
5.950102806 0.595555232563 -3.08535 0.100458 -0.516522 
5.959950924 0.596536302255 -3.085248 0.116302 -0.515375 
5.970281839 0.597565468192 -3.085755 0.108059 -0.53416 
5.980138778 0.598547416632 -3.092158 0.104317 -0.532437 
5.990015983 0.599531383971 -3.12034 0.110135 -0.540327 
6.000339985 0.60056835835 -3.170173 0.104189 -0.539024 
6.010215998 0.601562995809 -3.141483 0.096462 -0.545819 
6.020070791 0.602555496149 -3.184191 0.11101 -0.544598 
6.029947996 0.603550253657 -3.176883 0.106806 -0.551269 
6.040275812 0.604590393303 -3.161661 0.099429 -0.557809 
6.050143957 0.605583093512 -3.204364 0.105072 -0.566064 
6.060014963 0.606569336104 -3.197177 0.109769 -0.562343 
6.070316791 0.607598623448 -3.203845 0.09695 -0.58044 
6.080197811 0.60858586657 -3.232194 0.103324 -0.578114 
6.090074777 0.609572704644 -3.23171 0.112005 -0.584915 
6.099933862 0.610570551422 -3.252909 0.107797 -0.571629 
6.110288858 0.611620406335 -3.238528 0.107683 -0.58883 
6.120148897 0.612620079381 -3.252578 0.107287 -0.576894 
6.130018949 0.613620767608 -3.260329 0.119532 -0.584868 
6.140349865 0.614668181138 -3.295646 0.105698 -0.593471 
6.150196791 0.615636932801 -3.302744 0.101325 -0.601423 
6.160067797 0.616600302454 -3.295898 0.113467 -0.59985 
6.169934988 0.617563299778 -3.295867 0.105568 -0.597948 
6.180265903 0.61857155466 -3.324632 0.104549 -0.587539 
6.190130949 0.619534342641 -3.303522 0.110479 -0.595635 
6.199980974 0.620542114311 -3.346104 0.107223 -0.614282 
6.210300922 0.62162065149 -3.338705 0.104591 -0.601189 
6.220176935 0.622652793048 -3.374108 0.097248 -0.619284 
6.230044842 0.623684087448 -3.352683 0.111694 -0.61686 
6.239890814 0.624713089423 -3.367144 0.110116 -0.62573 
6.250219822 0.625721562478 -3.388582 0.097115 -0.613782 
6.260136843 0.626687057238 -3.388606 0.113798 -0.612516 
6.270015001 0.627648768399 -3.396226 0.101184 -0.610673 
6.280303001 0.628650380687 -3.417933 0.088011 -0.609068 
6.290196895 0.629613623863 -3.417841 0.104698 -0.608717 
6.300078869 0.630630409521 -3.425127 0.107938 -0.607558 
6.30991888 0.631657752898 -3.411496 0.101543 -0.596244 
6.320264816 0.632737917222 -3.425835 0.108031 -0.595758 
6.33007884 0.633762547434 -3.426124 0.100521 -0.594898 
6.339934826 0.634791558676 -3.419111 0.112106 -0.603542 
6.350284815 0.635778399588 -3.440696 0.107 -0.59258 
6.360152006 0.63671124025 -3.440791 0.09994 -0.590559 
6.370047808 0.637646785786 -3.455217 0.107548 -0.600049 
6.379879951 0.638576313022 -3.469622 0.098355 -0.588535 
6.390194893 0.639551483902 -3.497935 0.096949 -0.606579 
6.400071859 0.640527301004 -3.483868 0.105285 -0.61455 
6.409910917 0.641507295836 -3.469579 0.10545 -0.612354 
6.420256853 0.642537776987 -3.533336 0.107294 -0.612028 
6.430105924 0.643518769139 -3.504883 0.108462 -0.607516 
6.439978838 0.644502136114 -3.518968 0.108625 -0.614858 
6.450289011 0.645536540662 -3.554182 0.110636 -0.622314 
6.460192919 0.646532293922 -3.539608 0.110971 -0.638353 
6.470064878 0.647524834984 -3.567931 0.101385 -0.644398 
6.479932785 0.648516968652 -3.581645 0.117564 -0.640249 
6.490263939 0.649555677845 -3.609561 0.116214 -0.655172 
6.500133991 0.650540025311 -3.658314 0.109947 -0.681031 
6.509989977 0.651517701282 -3.650001 0.11292 -0.684398 
6.520324945 0.652542890428 -3.685373 0.107423 -0.72049 
6.530236006 0.653526029628 -3.720541 0.117777 -0.72777 
6.540113926 0.654505881368 -3.741795 0.121184 -0.734869 
6.549955845 0.655482161947 -3.748574 0.116422 -0.741778 
6.560298919 0.656545364965 -3.719888 0.1176 -0.739096 
6.570195913 0.65758668664 -3.769696 0.127053 -0.738723 
6.580045938 0.658623066427 -3.769549 0.119159 -0.737737 
6.590313911 0.659703421012 -3.791346 0.121381 -0.736147 
6.60018301 0.660664604339 -3.798434 0.116165 -0.743303 
6.610074997 0.661620081515 -3.769749 0.117343 -0.740622 
6.619946956 0.662573624167 -3.840509 0.121874 -0.750269 
6.630306959 0.663574307489 -3.811792 0.115153 -0.745686 
6.64018178 0.664528126584 -3.847275 0.116991 -0.763486 
6.650039911 0.665508937789 -3.847136 0.132998 -0.750164 
6.660309791 0.666543563456 -3.875516 0.115911 -0.75718 
6.670177936 0.667537716854 -3.882562 0.127943 -0.754683 
6.680088997 0.668536193769 -3.903863 0.123007 -0.761957 
6.689969778 0.66960670177 -3.87498 0.115729 -0.76759 
6.700293779 0.670593854395 -3.952326 0.115226 -0.775881 
6.710156917 0.671530154939 -3.909816 0.125573 -0.780136 
6.720016002 0.672514073751 -3.945203 0.120079 -0.787649 
6.730318785 0.673542272819 -3.966022 0.123102 -0.79462 
6.740215778 0.67452997478 -3.944121 0.111456 -0.80912 
6.75009799 0.675609210959 -4.037302 0.120835 -0.808681 
6.759967804 0.67660163195 -4.008353 0.129239 -0.825341 
6.770325899 0.677627449335 -4.015304 0.116972 -0.832306 
6.780190944 0.678604437349 -4.036741 0.119087 -0.839771 
6.790043831 0.679580221292 -4.057681 0.114044 -0.8561 
6.800340891 0.680715885239 -4.092795 0.099816 -0.862745 
6.810216903 0.681701091591 -4.078295 0.117395 -0.868217 
6.82009387 0.682662163594 -4.10594 0.106591 -0.875169 
6.829972982 0.683623444315 -4.134776 0.096944 -0.883418 
6.840303898 0.684628687537 -4.155666 0.107584 -0.882195 
6.850172996 0.685567927828 -4.18445 0.114342 -0.879996 
6.860073805 0.68653310627 -4.148757 0.103928 -0.876818 
6.870341778 0.687558395986 -4.176807 0.111599 -0.875041 
6.880228996 0.688545666107 -4.177085 0.103246 -0.873385 
6.890074968 0.689547265455 -4.162865 0.11175 -0.870098 
6.899933815 0.690662526559 -4.19849 0.114429 -0.859199 
6.91026783 0.691691535168 -4.177589 0.103668 -0.86673 
6.920135975 0.692632545539 -4.177613 0.12035 -0.865463 
6.929999828 0.693573146633 -4.192723 0.111369 -0.86442 
6.940300941 0.694567275696 -4.199522 0.098548 -0.853022 
6.950184822 0.695620807314 -4.199912 0.107276 -0.852973 
6.960065841 0.696623931098 -4.200612 0.11555 -0.853172 
6.9699018 0.697573992132 -4.194182 0.120298 -0.843516 
6.980246782 0.698573219996 -4.215651 0.09823 -0.853219 
6.990159988 0.699530742363 -4.22315 0.093682 -0.84202 
6.999995947 0.700549785641 -4.230785 0.105931 -0.850909 
7.010322809 0.701607345527 -4.209275 0.102291 -0.858257 
7.020198822 0.702596220058 -4.23768 0.101165 -0.856903 
7.030057907 0.703583399608 -4.252095 0.10793 -0.865597 
7.039908886 0.704569767512 -4.273263 0.110217 -0.862719 
7.050237894 0.705585109328 -4.287389 0.110099 -0.859963 
7.060124874 0.70655122841 -4.301616 0.109252 -0.877769 
7.069979906 0.707518573214 -4.294622 0.113499 -0.875209 
7.080320835 0.70853451305 -4.337615 0.111633 -0.882605 
7.090193987 0.709504496349 -4.3302 0.108999 -0.898091 
7.100046873 0.710483236995 -4.337404 0.103778 -0.904331 
7.110364914 0.711508938837 -4.358029 0.107251 -0.91014 
7.120227814 0.712482193252 -4.37215 0.098228 -0.916862 
7.1301198 0.713458317824 -4.415071 0.120104 -0.925013 
7.139975786 0.714430889978 -4.407261 0.116804 -0.930275 
7.150317907 0.715388203093 -4.399563 0.103873 -0.936994 
7.160177946 0.716220824419 -4.379482 0.12653 -0.907478 
7.170034885 0.716926080674 -4.316327 0.125627 -0.897714 
7.180365801 0.717665249612 -4.253295 0.101543 -0.877895 
7.190232992 0.71837123939 -4.218471 0.108261 -0.87039 
7.200141907 0.718917445742 -4.184356 0.114349 -0.84398 
