0.0 0.000854406215896 -0.023426 -0.049932 -0.027509 
0.009861947 0.00183587680072 -0.002748 -0.026532 -0.038254 
0.019722939 0.00286889416792 -0.00327 -0.034773 -0.02846 
0.030062914 0.00395208881521 -0.031184 -0.034875 -0.019389 
0.039972067 0.00499015143034 -0.018365 -0.032881 -0.029629 
0.049789906 0.00601864817746 -0.018224 -0.048837 -0.038915 
0.060132981 0.00707835892303 -0.011039 -0.050232 -0.028575 
0.070005894 0.00805139570036 -0.011571 -0.042515 -0.03899 
0.07988596 0.00902513745019 0.023402 -0.04297 -0.037602 
0.08974886 0.00999718738431 0.001653 -0.047401 -0.038696 
0.100076914 0.0110150811286 0.00175 -0.054734 -0.028408 
0.109953881 0.0119866103333 -0.00621 -0.033191 -0.028864 
0.119807005 0.0129510473681 0.000696 -0.028546 -0.029178 
0.129703999 0.0139197784574 0.008149 -0.046735 -0.028244 
0.14000392 0.0149279485837 0.007404 -0.046805 -0.028618 
0.149895907 0.0158961895812 0.014407 -0.049492 -0.018645 
0.159766913 0.0168710261216 0.028407 -0.047813 -0.028384 
0.170017005 0.0179277604477 0.006705 -0.043901 -0.029302 
0.179949046 0.0189517052721 0.013798 -0.046868 -0.038727 
0.189807892 0.0199681040501 0.013484 -0.038417 -0.029497 
0.199698926 0.0209878212535 0.020228 -0.042119 -0.029071 
0.210001946 0.0220274442531 0.027271 -0.044525 -0.029195 
0.219883919 0.0229786066811 0.005696 -0.041451 -0.030233 
0.229755879 0.023928805335 0.041231 -0.043128 -0.028837 
0.240072012 0.0249217566527 0.034045 -0.047103 -0.039662 
0.249923945 0.0258700276622 0.033832 -0.05489 -0.029622 
0.259811879 0.0268281654822 0.040612 -0.049406 -0.029816 
0.270115853 0.0278720885207 0.004854 -0.039557 -0.04138 
0.28002596 0.0288761078449 0.047711 -0.044311 -0.028969 
0.289917946 0.0298782912823 0.026404 -0.041065 -0.019663 
0.299736977 0.0308730834545 0.026298 -0.032889 -0.030746 
0.310101986 0.0319204240455 0.012049 -0.041796 -0.030244 
0.319959879 0.0329040731878 0.025862 -0.032505 -0.030873 
0.32979703 0.0338856526332 0.047224 -0.043366 -0.019795 
0.340122939 0.0349160017688 0.01826 -0.052896 -0.020821 
0.349992991 0.0359008641713 0.039729 -0.047795 -0.030867 
0.359864951 0.0368863795571 0.032387 -0.052056 -0.030679 
0.369719029 0.0378731224241 0.024903 -0.040361 -0.021206 
0.38004303 0.0389069212581 0.053958 -0.046226 -0.020165 
0.389919997 0.0398959561263 0.032119 -0.035262 -0.021274 
0.399771929 0.0408824841026 0.038944 -0.048146 -0.021144 
0.410097838 0.0419163137102 0.024756 -0.032467 -0.022193 
0.419970036 0.042904084574 0.024184 -0.025031 -0.02251 
0.429862977 0.0438939308958 0.039111 -0.048702 -0.03136 
0.439725876 0.0448807713406 0.017662 -0.046466 -0.032517 
0.450027943 0.0459115530997 0.060706 -0.044439 -0.041526 
0.459885836 0.046900470236 0.018417 -0.04724 -0.031347 
0.469738961 0.0479014681823 0.032362 -0.030725 -0.021823 
0.480054856 0.0489494798242 0.047361 -0.030654 -0.031428 
0.489930869 0.0499528030065 0.026059 -0.036312 -0.031598 
0.499819041 0.050957361445 0.019016 -0.033906 -0.031474 
0.509681941 0.0519482356095 0.026465 -0.037821 -0.020578 
0.520009041 0.0529532655688 0.020202 -0.043125 -0.04045 
0.529875041 0.0539134214286 0.03514 -0.050673 -0.028755 
0.539746047 0.0548740644707 0.02075 -0.043624 -0.018967 
0.550082922 0.0558800457298 0.021044 -0.045019 -0.029303 
0.560013056 0.0568550869999 0.000224 -0.042718 -0.029171 
0.569885016 0.0578903408763 0.007476 -0.023062 -0.029373 
0.579709054 0.0589205692626 -0.005997 -0.030774 -0.03939 
0.590080023 0.0600081532742 -0.005591 -0.032283 -0.02837 
0.599964858 0.0610447573276 0.009452 -0.040834 -0.057548 
0.609818936 0.0620534590883 0.002957 -0.044297 -0.036427 
0.620131016 0.0630603545642 0.003297 -0.037349 -0.046588 
0.629962922 0.0640203647339 -0.01008 -0.047024 -0.045832 
0.639847041 0.0649854731023 -0.009355 -0.039898 -0.046564 
0.650138855 0.0659903897588 0.004945 -0.031553 -0.056367 
0.660096884 0.0669756400927 0.01256 -0.036024 -0.055687 
0.669991017 0.068004882235 -0.001708 -0.037875 -0.056291 
0.679805041 0.0690257909984 0.00605 -0.041336 -0.045149 
0.690106869 0.0700974438174 -0.00071 -0.039482 -0.056157 
0.699975014 0.0711239825449 -0.000442 -0.056276 -0.065562 
0.70990491 0.0721196824469 -0.006785 -0.045178 -0.045491 
0.719758988 0.0730508953327 -0.021008 -0.038685 -0.04592 
0.730104924 0.0740285889251 -0.020618 -0.047413 -0.045969 
0.739915848 0.0749557237469 -0.013205 -0.036376 -0.06666 
0.749817849 0.0758914653685 -0.034111 -0.0427 -0.056606 
0.760146857 0.0768806274407 -0.033766 -0.027689 -0.056494 
0.770027876 0.0778680097774 -0.026632 -0.04012 -0.056117 
0.779917002 0.0788562022237 -0.011679 -0.048392 -0.065897 
0.789752961 0.0798390818417 -0.025593 -0.041445 -0.06608 
0.80012703 0.0808757332731 -0.018332 -0.054714 -0.065822 
0.809978962 0.0818610035917 -0.025025 -0.051572 -0.075549 
0.819840909 0.082853922671 -0.024893 -0.044349 -0.065396 
0.830139876 0.0838908417329 -0.031799 -0.048994 -0.065081 
0.840046883 0.0848882975364 -0.053035 -0.038971 -0.076279 
0.849920989 0.0858824408063 -0.03834 -0.031292 -0.075858 
0.859705925 0.0868667137163 -0.038113 -0.048368 -0.075166 
0.870108843 0.087902052654 -0.045034 -0.037896 -0.065686 
0.879987002 0.0888851655312 -0.016547 -0.045229 -0.074439 
0.889857054 0.0898674715681 -0.065854 -0.052561 -0.085303 
0.899708033 0.0908478793857 -0.0512 -0.045163 -0.074784 
0.910079003 0.091883801915 -0.058638 -0.042092 -0.084885 
0.919940949 0.0929022225059 -0.065519 -0.031338 -0.085501 
0.929780007 0.0939182795055 -0.072197 -0.036093 -0.064746 
0.940115929 0.0949856465131 -0.071857 -0.029144 -0.074906 
0.950006009 0.0960069724378 -0.043015 -0.037426 -0.063339 
0.959851981 0.0970068228401 -0.064134 -0.041791 -0.063143 
0.970186949 0.0980029217526 -0.06415 -0.04364 -0.073726 
0.980077982 0.0989562335785 -0.056265 -0.047939 -0.062702 
0.989945889 0.0999073164877 -0.091445 -0.037464 -0.063675 
0.999799967 0.100857066538 -0.077617 -0.037921 -0.072985 
1.010113001 0.101854734855 -0.105268 -0.040543 -0.063357 
1.020019055 0.102858990893 -0.098042 -0.036286 -0.062629 
1.029878855 0.103858557792 -0.097606 -0.03667 -0.062501 
1.040214062 0.104906320507 -0.104506 -0.033254 -0.051915 
1.050091029 0.10593933838 -0.096581 -0.037271 -0.050988 
1.059934855 0.106983647637 -0.089213 -0.048971 -0.059546 
1.069817067 0.107879600147 -0.103 -0.042862 -0.059848 
1.080154896 0.108897501588 -0.116407 -0.059032 -0.048685 
1.090029002 0.109881095945 -0.130853 -0.044369 -0.059281 
1.09988904 0.11086328894 -0.10193 -0.03512 -0.048159 
1.110251904 0.111904772586 -0.129564 -0.035893 -0.027948 
1.120075942 0.11298615129 -0.122922 -0.040324 -0.048082 
1.129952908 0.113961912964 -0.157519 -0.038128 -0.047942 
1.139831067 0.114937792496 -0.14326 -0.030064 -0.047648 
1.150146008 0.115956822438 -0.142414 -0.046232 -0.046463 
1.159991026 0.116948569117 -0.170749 -0.055697 -0.046199 
1.169880867 0.118053413346 -0.156759 -0.047806 -0.056249 
1.180209876 0.119054955632 -0.163522 -0.051441 -0.045471 
1.190106869 0.120014607909 -0.142271 -0.039852 -0.035514 
1.199981928 0.120972133376 -0.142702 -0.048372 -0.045118 
1.209832907 0.121927134445 -0.171305 -0.041043 -0.035449 
1.220126868 0.122923666113 -0.170884 -0.02631 -0.026155 
1.230052948 0.123903857129 -0.199345 -0.034937 -0.025772 
1.239907027 0.124878356849 -0.164099 -0.029731 -0.035827 
1.249840022 0.12586066081 -0.17883 -0.046596 -0.035628 
1.260021925 0.126921199877 -0.185731 -0.04318 -0.025041 
1.26995492 0.128071206769 -0.179129 -0.047893 -0.035078 
1.279782057 0.129006086478 -0.200678 -0.043813 -0.024737 
1.290122986 0.129989844484 -0.193432 -0.032219 -0.035212 
1.300013066 0.130930712116 -0.172333 -0.035191 -0.024205 
1.309871912 0.131885814586 -0.228845 -0.036868 -0.014941 
1.319783927 0.132985365025 -0.208425 -0.024229 -0.015335 
1.33006692 0.133989848091 -0.222187 -0.049196 -0.004594 
1.339973927 0.134947753617 -0.208015 -0.040012 -0.014277 
1.349792958 0.13589715277 -0.201104 -0.044271 -0.024068 
1.360120059 0.136900031809 -0.215088 -0.044101 -0.003747 
1.369997979 0.137918452863 -0.201453 -0.045007 -0.014218 
1.379863978 0.138913876048 -0.229626 -0.046124 -0.014695 
1.389736891 0.13990588395 -0.230056 -0.037678 -0.004549 
1.400064946 0.140943623487 -0.179756 -0.040015 -0.003824 
1.409935952 0.141932920453 -0.265632 -0.036283 0.004152 
1.419781924 0.142896106793 -0.230158 -0.031186 0.014538 
1.430126906 0.143909569733 -0.258882 -0.031924 0.01485 
1.439978838 0.144880445371 -0.237769 -0.035619 0.004382 
1.449908972 0.14585902756 -0.21636 -0.038137 0.015636 
1.459820033 0.146835953674 -0.252458 -0.035237 0.014233 
1.470101834 0.147851996709 -0.245521 -0.024097 0.003512 
1.479955912 0.14883427167 -0.245385 -0.031148 0.003702 
1.489802838 0.149821222408 -0.260084 -0.024553 0.013243 
1.500114918 0.150854795217 -0.224306 -0.027064 0.013604 
1.510011912 0.151846716146 -0.295792 -0.030381 0.011792 
1.519872904 0.152833300825 -0.260267 -0.025845 0.012877 
1.529798031 0.153827881106 -0.239305 -0.044102 0.003459 
1.540083886 0.154859121454 -0.275057 -0.009225 0.021917 
1.549958945 0.155849176173 -0.282364 -0.021266 0.001735 
1.559800864 0.156835963478 -0.261103 -0.01589 0.012003 
1.570135832 0.157935026944 -0.261286 -0.017182 0.011636 
1.580010891 0.158920453331 -0.289778 -0.017911 0.010117 
1.589880944 0.159900406302 -0.297297 -0.015402 0.020211 
1.599798918 0.160885117131 -0.275874 -0.018644 0.009989 
1.610093833 0.161928370727 -0.318777 -0.019661 0.029461 
1.619971037 0.163047980111 -0.304666 -0.020669 0.009019 
1.629808903 0.164007845638 -0.261875 -0.026711 0.020149 
1.640126944 0.165014561105 -0.326738 -0.010437 0.016845 
1.650015831 0.165979404673 -0.291229 -0.01312 0.006862 
1.65987587 0.166939933989 -0.298495 -0.017658 0.016231 
1.66979599 0.16790141488 -0.341657 -0.005297 0.013846 
1.680052996 0.168931329321 -0.284866 -0.00966 0.015236 
1.68994093 0.169932260322 -0.334533 -0.016884 0.013427 
1.699867011 0.17093705285 -0.306147 -0.00798 0.003862 
1.71013999 0.171966434489 -0.334756 -0.008713 0.003259 
1.720006943 0.172918916699 -0.306147 -0.00798 0.003862 
1.729881049 0.173911479478 -0.31999 -0.023766 0.014898 
1.740182877 0.174956676239 -0.341971 0.003154 0.023075 
1.750097991 0.175962638001 -0.306537 0.000748 0.003911 
1.759976864 0.17695128648 -0.313342 -0.003169 0.024785 
1.76985097 0.177914047852 -0.341737 0.003885 0.014141 
1.780113936 0.178920383551 -0.305497 0.001995 0.026007 
1.79001689 0.179892623654 -0.369763 -0.005126 0.014651 
1.799898863 0.180862803911 -0.326855 0.003952 0.005452 
1.809723855 0.181827389958 -0.34157 -0.011065 0.016233 
1.820051909 0.182957927781 -0.348055 -0.000977 0.025841 
1.829956055 0.183952637372 -0.334268 -0.007085 0.026143 
1.839827061 0.184926275337 -0.384147 0.009985 0.034711 
1.850136042 0.185943113467 -0.326626 0.003843 0.025892 
1.860018015 0.186913215574 -0.355463 0.01044 0.044496 
1.869906903 0.187863290156 -0.376998 0.004051 0.05326 
1.879745007 0.188849825683 -0.326825 -0.014414 0.034356 
1.890048981 0.189890087486 -0.376492 -0.004672 0.052296 
1.899919034 0.190886541779 -0.319549 0.005526 0.052636 
1.909811974 0.191894794153 -0.354993 -0.008191 0.051256 
1.920125008 0.193022298108 -0.320249 0.013078 0.059542 
1.930038929 0.19402728964 -0.340816 0.008332 0.058949 
1.939898968 0.195026819059 -0.370261 0.022925 0.057957 
1.949775935 0.196028064499 -0.334087 0.019747 0.068541 
1.960073948 0.197021963031 -0.355252 0.007038 0.068561 
1.969938994 0.197904829402 -0.362569 0.018176 0.067818 
1.979871989 0.19888229515 -0.312349 0.025021 0.068839 
1.990148068 0.199898424802 -0.376378 0.009004 0.046175 
2.000056029 0.200878153837 -0.326513 0.007051 0.046774 
2.009897948 0.20185135244 -0.340908 0.023005 0.066038 
2.019774914 0.202828016595 -0.341061 0.022838 0.054779 
2.030061961 0.203891575305 -0.348281 0.026643 0.064323 
2.039938927 0.204925882413 -0.355654 0.03028 0.062608 
2.049850941 0.205963859717 -0.313112 0.031404 0.052191 
2.060147048 0.207042058898 -0.348845 0.027144 0.071419 
2.070011855 0.208068947372 -0.327833 0.022719 0.040391 
2.07989502 0.209040360826 -0.31291 0.024919 0.060767 
2.089735985 0.210007626454 -0.341666 0.03208 0.059177 
2.099702836 0.210987265381 -0.313413 0.024015 0.059358 
2.109954834 0.211994931325 -0.342341 0.023672 0.057712 
2.119870902 0.212969578806 -0.321094 0.044165 0.077146 
2.13019085 0.213984881401 -0.328103 0.033421 0.056414 
2.140038014 0.214953848408 -0.349116 0.035273 0.055384 
2.149971962 0.215931355014 -0.306502 0.045746 0.056521 
2.159826041 0.216901002462 -0.306796 0.030175 0.047108 
2.170109988 0.217912949186 -0.363198 0.02581 0.045669 
2.179951907 0.218917780361 -0.298658 0.033944 0.037994 
2.189882041 0.219940404764 -0.369479 0.039879 0.036851 
2.199805022 0.220962292537 -0.348309 0.043684 0.027354 
2.21002388 0.222014650296 -0.382957 0.046441 0.036796 
2.219918967 0.223029737523 -0.382947 0.045598 0.037592 
2.22978592 0.223983164025 -0.347285 0.043083 0.038868 
2.240052939 0.224975248209 -0.396734 0.051707 0.03729 
2.24996996 0.225933512695 -0.346535 0.034248 0.029765 
2.259866953 0.22688984191 -0.396278 0.0273 0.018774 
2.270143986 0.227882893729 -0.389199 0.039451 0.018516 
2.280000926 0.228860727032 -0.368019 0.037043 0.009329 
2.289870024 0.22985754401 -0.424983 0.033901 0.007883 
2.299732924 0.230853734967 -0.382476 0.035583 -0.021812 
2.310049058 0.231895704306 -0.43952 0.041623 -0.022964 
2.319896937 0.232890378084 -0.432451 0.045593 -0.011223 
2.329807997 0.233880190571 -0.439221 0.033896 -0.010718 
2.340147973 0.234908404494 -0.474756 0.035574 -0.012113 
2.349982977 0.235886403673 -0.432183 0.028799 -0.020628 
2.359906912 0.236873246209 -0.48901 0.018606 -0.021884 
2.369763852 0.237853426718 -0.475294 0.03523 -0.0328 
2.380048991 0.238885443753 -0.460366 0.028525 -0.021901 
2.389911891 0.239878065427 -0.532308 0.032648 -0.024946 
2.399837018 0.24087694975 -0.483312 0.046699 -0.066286 
2.409759045 0.241875522082 -0.540615 0.036608 -0.057572 
2.420014859 0.242907687394 -0.527487 0.053449 -0.079874 
2.429910899 0.243901937623 -0.577551 0.04689 -0.091908 
2.439743042 0.244884532256 -0.606971 0.0448 -0.094167 
2.450041056 0.245913684627 -0.600461 0.033146 -0.124454 
2.459941865 0.246903141532 -0.650929 0.050432 -0.127273 
2.469807864 0.247889119631 -0.658693 0.045832 -0.148688 
2.480144978 0.248936480309 -0.680694 0.043077 -0.149543 
2.489984036 0.249936562574 -0.723379 0.055337 -0.161898 
2.49990201 0.250944666185 -0.702509 0.052474 -0.171331 
2.509742022 0.251944845419 -0.7589 0.041897 -0.172459 
2.52005291 0.252992886423 -0.75997 0.04927 -0.203561 
2.529954911 0.253962695275 -0.781398 0.04445 -0.203612 
2.539800883 0.254922673821 -0.824545 0.041694 -0.215164 
2.549721957 0.255889974783 -0.802949 0.045957 -0.225329 
2.559994936 0.256891586349 -0.845604 0.044948 -0.236268 
2.569874049 0.25785479613 -0.874714 0.058427 -0.257693 
2.57976985 0.25887030791 -0.888968 0.041459 -0.267464 
2.590121985 0.259954345337 -0.938813 0.050749 -0.279266 
2.599987984 0.260987476394 -0.931998 0.053823 -0.299344 
2.609838009 0.262018934712 -0.995878 0.046878 -0.301272 
2.61975503 0.263057408605 -0.989337 0.058684 -0.322218 
2.630040885 0.26406705436 -1.039522 0.04406 -0.343608 
2.639922858 0.265029113775 -1.053923 0.034986 -0.354365 
2.64980793 0.265991474893 -1.068152 0.033416 -0.365067 
2.660038949 0.266987515679 -1.082562 0.057267 -0.376284 
2.669977904 0.267955122576 -1.118326 0.059054 -0.39812 
2.67978406 0.2689632965 -1.125081 0.046633 -0.41909 
2.690163851 0.270044045236 -1.174638 0.046467 -0.451501 
2.700090886 0.271077652803 -1.181657 0.041936 -0.472542 
2.709936858 0.272102820052 -1.217268 0.04389 -0.483119 
2.719807864 0.273128250974 -1.245147 0.041378 -0.493931 
2.730097056 0.274101497535 -1.23781 0.037578 -0.504391 
2.740007878 0.275038954376 -1.272823 0.047496 -0.515581 
2.749827862 0.275967818923 -1.287011 0.046209 -0.536379 
2.760087967 0.276938314168 -1.314884 0.051759 -0.536919 
2.77005291 0.277880890271 -1.350972 0.053816 -0.537526 
2.779903889 0.278857470888 -1.336019 0.045544 -0.547306 
2.789762021 0.279844341186 -1.363958 0.035413 -0.536819 
2.80013299 0.280882550176 -1.391407 0.024455 -0.557777 
2.809973002 0.28186760653 -1.419716 0.030389 -0.558444 
2.819840909 0.282855455376 -1.426713 0.041138 -0.558144 
2.830184937 0.283890632288 -1.447458 0.026196 -0.56858 
2.840059042 0.284878693165 -1.489412 0.039249 -0.559086 
2.849909068 0.285864344557 -1.482212 0.042499 -0.569736 
2.859757901 0.28684987657 -1.488556 0.036631 -0.569414 
2.870148898 0.287889660694 -1.495482 0.039041 -0.570206 
2.879978896 0.288869885645 -1.508879 0.036422 -0.570556 
2.889858962 0.289854331052 -1.537275 0.033731 -0.561302 
2.899769068 0.290841769631 -1.536591 0.023608 -0.571686 
2.910033942 0.291864557137 -1.578871 0.028988 -0.573507 
2.919908047 0.292848408592 -1.578754 0.034363 -0.573937 
2.929689885 0.29384662936 -1.585428 0.029727 -0.575454 
2.940063 0.294921266173 -1.599347 0.018866 -0.56601 
2.949977875 0.295948430112 -1.62746 0.015623 -0.567888 
2.959838868 0.296970011969 -1.641673 0.030296 -0.580316 
2.969733954 0.297995125802 -1.648834 0.031975 -0.572173 
2.980046034 0.299002542756 -1.6267 0.036583 -0.561651 
2.989922047 0.299955943692 -1.640504 0.025727 -0.553123 
2.999699832 0.300899861988 -1.639871 0.016166 -0.554206 
3.010099888 0.301903852477 -1.688981 0.016623 -0.546531 
3.01995492 0.30285522797 -1.681486 0.035445 -0.547769 
3.029810906 0.303833269579 -1.688626 0.030069 -0.538519 
3.039752961 0.304835789952 -1.730663 0.034615 -0.541375 
3.050061942 0.305875309798 -1.716014 0.033951 -0.54113 
3.059933901 0.306870761948 -1.722672 0.036533 -0.531578 
3.069756032 0.307959253932 -1.772132 0.029034 -0.5537 
3.080078841 0.30892908723 -1.778628 0.022998 -0.564638 
3.089948893 0.309863665584 -1.799448 0.0253 -0.564505 
3.099824906 0.310849176153 -1.784631 0.041045 -0.554727 
3.110158921 0.311880389964 -1.812155 0.037585 -0.545219 
3.12003398 0.312865805335 -1.80455 0.033957 -0.545335 
3.129910946 0.313910143137 -1.811187 0.029484 -0.534677 
3.139751912 0.314928863162 -1.810685 0.035035 -0.525679 
3.150068999 0.315957187317 -1.817176 0.037061 -0.526343 
3.159947873 0.316941833929 -1.837616 0.031477 -0.527055 
3.169834853 0.317927288481 -1.85114 0.029696 -0.527286 
3.179745913 0.318990934311 -1.850551 0.029479 -0.5159 
3.19003892 0.320031490851 -1.849801 0.027865 -0.485355 
3.19991994 0.320991901385 -1.81318 0.033206 -0.493746 
3.209753991 0.321947746649 -1.840882 0.031145 -0.474817 
3.220067978 0.322950240497 -1.840319 0.029923 -0.47481 
3.229935885 0.323900152412 -1.846931 0.040849 -0.465082 
3.239825011 0.324865585772 -1.853513 0.043154 -0.446349 
3.250151873 0.325894837534 -1.852996 0.033588 -0.446517 
3.260040045 0.326880366192 -1.866404 0.031811 -0.447663 
3.269916058 0.327864682994 -1.901665 0.024756 -0.448192 
3.279778958 0.328992567936 -1.922267 0.027791 -0.428415 
3.290052891 0.330046178179 -1.914585 0.039001 -0.438763 
3.299950839 0.330983747967 -1.914606 0.046056 -0.439869 
3.309804917 0.33191716223 -1.928007 0.052341 -0.430742 
3.319705964 0.332855025567 -1.928074 0.051054 -0.432024 
3.330046893 0.333945436632 -1.948434 0.036288 -0.433032 
3.339920998 0.334969267609 -1.962708 0.043342 -0.42416 
3.349761963 0.335922508491 -1.941152 0.047323 -0.424228 
3.360107899 0.336924663173 -1.969239 0.045086 -0.414727 
3.369982958 0.337881206555 -1.954154 0.044038 -0.414354 
3.379838944 0.338881467525 -1.960396 0.038898 -0.393473 
3.390166998 0.339940614871 -1.988476 0.044723 -0.373699 
3.400042058 0.34093153819 -1.952572 0.041373 -0.373458 
3.409895897 0.341920332065 -1.994409 0.054431 -0.36488 
3.419779063 0.342912068789 -1.972641 0.056454 -0.35509 
3.430117846 0.343928635878 -1.971673 0.048352 -0.344549 
3.43994093 0.344885323553 -2.000181 0.045775 -0.356651 
3.449820996 0.345858059892 -1.977841 0.040362 -0.346544 
3.459710837 0.346834171605 -1.991927 0.039804 -0.346782 
3.470031024 0.347852757789 -2.020028 0.052684 -0.328115 
3.479902983 0.348828996962 -2.004897 0.059979 -0.327566 
3.489724875 0.349803644324 -2.032943 0.058024 -0.328162 
3.500072003 0.350842314398 -2.031935 0.040458 -0.307819 
3.509903908 0.351829265124 -2.02442 0.052225 -0.30795 
3.519804001 0.352823060729 -2.052172 0.048875 -0.318882 
3.530153037 0.353871257465 -2.044394 0.052751 -0.318942 
3.540057898 0.354871513188 -2.043502 0.05932 -0.329891 
3.549922944 0.355854425826 -2.057508 0.04958 -0.330424 
3.559794903 0.356838027246 -2.078044 0.051329 -0.341424 
3.570116044 0.357866383315 -2.084849 0.047412 -0.32055 
3.579992056 0.358886127372 -2.069677 0.054989 -0.330098 
3.589832068 0.359894298492 -2.133202 0.062212 -0.331118 
3.599767924 0.360886467924 -2.125251 0.073594 -0.331122 
3.610079051 0.361916110969 -2.152708 0.071421 -0.320332 
3.619955063 0.36290230453 -2.102859 0.053227 -0.318007 
3.629797936 0.363989141396 -2.094345 0.048993 -0.305694 
3.640157938 0.365054870064 -2.13669 0.053807 -0.315901 
3.649951935 0.366011671208 -2.100049 0.042346 -0.303287 
3.659821034 0.366975809263 -2.085212 0.051036 -0.292402 
3.669806958 0.367951360256 -2.113045 0.056868 -0.303039 
3.68009305 0.368937014988 -2.133905 0.058887 -0.29281 
3.689950943 0.36990468281 -2.161768 0.063594 -0.292554 
3.699784041 0.370904784396 -2.154274 0.051056 -0.301232 
3.71011901 0.371955930118 -2.167924 0.050113 -0.301343 
3.719992877 0.372960178225 -2.181884 0.048717 -0.3017 
3.729857922 0.373919241097 -2.223965 0.045641 -0.311836 
3.739740849 0.374890175357 -2.216881 0.048887 -0.321571 
3.750083924 0.375943020408 -2.230542 0.054157 -0.321992 
3.759923935 0.376944657433 -2.287339 0.050459 -0.333655 
3.769779921 0.37794792059 -2.244491 0.051918 -0.321554 
3.780102969 0.378936503672 -2.26527 0.071467 -0.311769 
3.789981843 0.379891358011 -2.28683 0.064794 -0.321488 
3.799892903 0.38087040692 -2.293026 0.051031 -0.320179 
3.809746981 0.381843826948 -2.299511 0.046726 -0.298262 
3.820060015 0.382862584244 -2.2708 0.063302 -0.296511 
3.829927922 0.383909877836 -2.291645 0.050204 -0.295448 
3.839762927 0.384935982642 -2.305493 0.048693 -0.27445 
3.850096941 0.385947154566 -2.283451 0.051729 -0.283693 
3.859961987 0.386912438486 -2.290473 0.047079 -0.282463 
3.869808913 0.387875949384 -2.318508 0.061247 -0.262514 
3.879679919 0.388838971423 -2.275143 0.062885 -0.270479 
3.889981986 0.389857040631 -2.296029 0.049505 -0.25932 
3.899855853 0.390850868949 -2.309629 0.048001 -0.268732 
3.909754038 0.391847144932 -2.308523 0.047963 -0.277412 
3.920073033 0.392885776447 -2.364731 0.044048 -0.277689 
3.929941893 0.393976095607 -2.357029 0.048202 -0.286931 
3.939852 0.395004930459 -2.370456 0.054203 -0.296287 
3.949717999 0.396001326427 -2.377392 0.058178 -0.304978 
3.960060835 0.397045879552 -2.398045 0.059923 -0.315062 
3.969943047 0.398037274503 -2.411948 0.066026 -0.314448 
3.979784012 0.398935402456 -2.404412 0.056344 -0.301164 
3.990098 0.399916912741 -2.417965 0.053438 -0.290502 
3.999987841 0.400888411694 -2.367765 0.06806 -0.297691 
4.009878874 0.401860027739 -2.3958 0.050868 -0.285182 
4.019744874 0.402829184743 -2.402752 0.052995 -0.304456 
4.030066014 0.403843051063 -2.42348 0.056867 -0.28456 
4.039968968 0.404842831938 -2.408988 0.055917 -0.273302 
4.049795867 0.405876569569 -2.394339 0.064998 -0.292954 
4.060193062 0.406970299313 -2.450866 0.061472 -0.294274 
4.069984913 0.40800035008 -2.45074 0.060633 -0.294393 
4.079884053 0.409041687081 -2.443727 0.057103 -0.283624 
4.08974886 0.410031761058 -2.464552 0.051342 -0.293764 
4.100064993 0.411046068929 -2.457347 0.062655 -0.294142 
4.109930993 0.412016118603 -2.470734 0.053822 -0.294182 
4.119803906 0.41298684798 -2.521014 0.063497 -0.306111 
4.130112887 0.414000452648 -2.562863 0.060431 -0.318077 
4.139989853 0.41497178901 -2.556129 0.062941 -0.317962 
4.149865866 0.415943346866 -2.576909 0.065524 -0.327927 
4.16018796 0.416958788171 -2.590938 0.072466 -0.327193 
4.170017958 0.417925819278 -2.597571 0.059088 -0.326012 
4.1799469 0.418902584052 -2.568789 0.052933 -0.313043 
4.18975091 0.419881281544 -2.590378 0.071846 -0.312018 
4.200011015 0.420935902888 -2.554468 0.045199 -0.308945 
4.209982873 0.42196089574 -2.568436 0.052588 -0.277554 
4.219859839 0.422976134781 -2.575038 0.072416 -0.28693 
4.230104924 0.42402921224 -2.582112 0.051361 -0.296148 
4.240051032 0.425000359304 -2.567933 0.068606 -0.295558 
4.249933959 0.425955490649 -2.55338 0.060882 -0.293291 
4.259753943 0.426904538894 -2.588063 0.054453 -0.283229 
4.270082951 0.427902781551 -2.573531 0.053784 -0.282068 
4.279962063 0.428857544197 -2.559332 0.063974 -0.280372 
4.289825917 0.4298179125 -2.580522 0.041236 -0.278936 
4.300065995 0.430851127475 -2.56611 0.049467 -0.267382 
4.310030938 0.431856581568 -2.594277 0.056411 -0.257586 
4.319936991 0.432856093711 -2.565461 0.05687 -0.277296 
4.329766989 0.43384793197 -2.600823 0.051659 -0.266326 
4.340129853 0.434890541716 -2.615117 0.06649 -0.265664 
4.349976063 0.435874961368 -2.571575 0.051614 -0.263637 
4.359846831 0.436861836318 -2.600254 0.05922 -0.26315 
4.370138884 0.437890831153 -2.564744 0.047513 -0.260338 
4.379987956 0.438875536947 -2.578469 0.063813 -0.249881 
4.389875889 0.439867463275 -2.628268 0.040342 -0.249049 
4.399662018 0.440854962595 -2.59291 0.055179 -0.257646 
4.410091877 0.441907419463 -2.620944 0.069347 -0.237697 
4.419934989 0.442900668827 -2.613947 0.063968 -0.23751 
4.429796935 0.443895818694 -2.599191 0.064873 -0.24608 
4.439759017 0.44490107309 -2.65621 0.045207 -0.235702 
4.450044871 0.445924688224 -2.59233 0.052152 -0.233775 
4.459918023 0.44690366636 -2.627494 0.064476 -0.224165 
4.469760895 0.447879642065 -2.606522 0.050746 -0.232301 
4.48008895 0.448903726373 -2.656173 0.060485 -0.242941 
4.489969016 0.449896605156 -2.627858 0.062613 -0.232001 
4.499830008 0.450903194757 -2.648642 0.079471 -0.232003 
4.510149956 0.451956633636 -2.691545 0.061488 -0.232281 
4.520061017 0.452968334177 -2.677057 0.079187 -0.231445 
4.529937983 0.453976554372 -2.6913 0.078342 -0.220671 
4.539795876 0.454961326551 -2.719858 0.067303 -0.210677 
4.550150872 0.4559664345 -2.69164 0.059797 -0.229774 
4.55999589 0.456922041422 -2.748431 0.034651 -0.199442 
4.569823027 0.457875912724 -2.66374 0.060623 -0.217369 
4.580185891 0.458881784382 -2.656559 0.059109 -0.184758 
4.590038062 0.459864557545 -2.69936 0.05697 -0.183889 
4.599930048 0.460902195419 -2.628369 0.068167 -0.180317 
4.609767914 0.461934156277 -2.677955 0.054334 -0.150363 
4.620105982 0.463018586734 -2.649887 0.081315 -0.148324 
4.629922867 0.464048346752 -2.656743 0.035003 -0.144852 
4.639837981 0.465047528913 -2.649328 0.048614 -0.133485 
4.650109053 0.466046754041 -2.592141 0.0587 -0.141284 
4.659970999 0.467006177191 -2.655756 0.051808 -0.110597 
4.669893981 0.467971538251 -2.663006 0.064234 -0.110058 
4.679780961 0.468933396843 -2.598305 0.054727 -0.125428 
4.690117836 0.469966010431 -2.619844 0.057964 -0.114291 
4.6999259 0.470988130127 -2.612085 0.069619 -0.122561 
4.709805966 0.472017753308 -2.697033 0.057747 -0.133594 
4.719718934 0.473050805278 -2.689635 0.069509 -0.13281 
4.730010033 0.474123263102 -2.6889 0.044432 -0.140186 
4.73987484 0.475091422234 -2.702696 0.052105 -0.148387 
4.749702931 0.476017714875 -2.695662 0.056634 -0.155925 
4.760123969 0.476999892472 -2.766265 0.037312 -0.144377 
4.770001889 0.477930881471 -2.717108 0.067535 -0.131641 
4.779852868 0.478859331295 -2.666716 0.050525 -0.138005 
4.790195942 0.479859792714 -2.709957 0.057675 -0.127785 
4.800050021 0.480848929887 -2.680405 0.050022 -0.135122 
4.809936047 0.481841273851 -2.722942 0.039994 -0.134182 
4.819763899 0.482827778398 -2.715447 0.059538 -0.142523 
4.830116988 0.483867005422 -2.750667 0.038371 -0.140839 
4.8399539 0.48485508304 -2.757 0.041406 -0.15962 
4.849809886 0.48584614207 -2.742558 0.041738 -0.146164 
4.860121012 0.486882967257 -2.813789 0.037467 -0.155319 
4.870020867 0.487878437491 -2.777842 0.052087 -0.152529 
4.879940987 0.488875945453 -2.777234 0.027849 -0.159786 
4.889780045 0.489862571408 -2.848571 0.04872 -0.160275 
4.900096894 0.490885828277 -2.777425 0.043236 -0.187465 
4.909996987 0.491867750002 -2.833744 0.042008 -0.177039 
4.919821978 0.492842222879 -2.854959 0.050345 -0.186645 
4.929695845 0.493821543428 -2.87588 0.037524 -0.194764 
4.9400239 0.494845911743 -2.904208 0.036843 -0.191331 
4.949904919 0.495833043903 -2.882966 0.049997 -0.189274 
4.959741831 0.496868464986 -2.917881 0.043559 -0.177381 
4.970057011 0.497954227963 -2.854056 0.043725 -0.183528 
4.979930878 0.498993538883 -2.882639 0.043998 -0.172753 
4.989816905 0.499989449827 -2.868962 0.051316 -0.160777 
4.999701024 0.500943618414 -2.847705 0.049353 -0.167886 
5.010016919 0.501939468722 -2.882656 0.028359 -0.155859 
5.019896985 0.502893246051 -2.86831 0.036024 -0.152691 
5.02973485 0.503842949484 -2.875205 0.040281 -0.171479 
5.04005003 0.504853909834 -2.90363 0.031817 -0.158921 
5.049926043 0.505848206987 -2.853308 0.054506 -0.156753 
5.059820891 0.506844400411 -2.888671 0.032329 -0.165533 
5.070138932 0.507883200056 -2.867519 0.060877 -0.16349 
5.080015898 0.508916819905 -2.909883 0.043961 -0.150184 
5.089894057 0.509941180108 -2.944906 0.028732 -0.169124 
5.099735976 0.510823362883 -2.902317 0.038922 -0.186469 
5.11004591 0.511858075276 -2.972854 0.035281 -0.185949 
5.119921923 0.512849239045 -2.96582 0.03981 -0.193486 
5.129822016 0.513842819501 -2.957925 0.027447 -0.221315 
5.140140057 0.514919646484 -3.022301 0.045349 -0.201733 
5.150012017 0.515966742937 -2.979965 0.04747 -0.198941 
5.159870863 0.516940689732 -3.008031 0.038177 -0.188334 
5.169723988 0.517914071354 -2.980553 0.038663 -0.197532 
5.180048943 0.51893406465 -3.016573 0.042008 -0.196857 
5.189919949 0.519981414504 -3.016375 0.033553 -0.205172 
5.199795008 0.521026171957 -2.995539 0.03847 -0.194236 
5.21013093 0.522025006616 -3.023762 0.028891 -0.172616 
5.220018864 0.522980548965 -2.981223 0.039641 -0.18066 
5.22987485 0.523933003948 -3.002332 0.034432 -0.179669 
5.239737034 0.524884276412 -3.038221 0.045001 -0.168841 
5.250051976 0.525884251761 -3.023794 0.038115 -0.166454 
5.259922028 0.526872601001 -3.024194 0.021696 -0.174156 
5.269783974 0.527860138538 -3.016703 0.050144 -0.17302 
5.280117035 0.528894851729 -3.0316 0.034557 -0.169708 
5.289996863 0.529981989426 -3.038055 0.029525 -0.197846 
5.299876929 0.531037863004 -3.058569 0.032161 -0.175196 
5.309708834 0.531965507137 -3.065753 0.028908 -0.193124 
5.320047856 0.53294099796 -3.08676 0.039543 -0.190986 
5.329921008 0.533872533764 -3.108147 0.050121 -0.220546 
5.339787961 0.534889920252 -3.136136 0.041273 -0.207862 
5.350077868 0.535986860853 -3.136085 0.040711 -0.217162 
5.360005856 0.536952449262 -3.128783 0.028446 -0.234106 
5.36981988 0.537906953621 -3.143208 0.043275 -0.203949 
5.380172015 0.538913794238 -3.143598 0.020644 -0.21134 
5.390012026 0.53990200378 -3.144027 0.044205 -0.220607 
5.399919034 0.540927634836 -3.13661 0.016829 -0.219053 
5.409765959 0.541906849852 -3.15105 0.039555 -0.219377 
5.420100928 0.542934597787 -3.172589 0.042792 -0.20824 
5.429970027 0.543916017869 -3.165439 0.047326 -0.216694 
5.4398489 0.544893065528 -3.172628 0.043232 -0.205247 
5.450124026 0.545899410492 -3.18678 0.042108 -0.213871 
5.460031033 0.546875402149 -3.215083 0.024744 -0.211705 
5.469899893 0.547852873987 -3.222455 0.044219 -0.239937 
5.479763985 0.548829873574 -3.208384 0.028535 -0.237972 
5.490090848 0.549856503421 -3.257882 0.038442 -0.237352 
5.499956847 0.550841294886 -3.286313 0.03631 -0.247376 
5.509840966 0.551829546371 -3.300109 0.043983 -0.255578 
5.519746066 0.552820121955 -3.293005 0.040173 -0.264206 
5.530035973 0.553849180787 -3.342757 0.042012 -0.243449 
5.539898873 0.554832370858 -3.336109 0.045642 -0.253311 
5.549734831 0.555809271149 -3.314979 0.034772 -0.240401 
5.560126067 0.556853452969 -3.36495 0.0449 -0.252083 
5.569990874 0.557845208821 -3.35103 0.036992 -0.228834 
5.579843045 0.558835694316 -3.343942 0.025963 -0.248531 
5.589756966 0.559841422397 -3.344093 0.033739 -0.227246 
5.600049019 0.560895594899 -3.322688 0.055241 -0.225928 
5.609925032 0.561880919665 -3.32317 0.047282 -0.226231 
5.619755984 0.562861748719 -3.309367 0.048392 -0.214861 
5.630100966 0.563893862283 -3.338031 0.031135 -0.203641 
5.639953852 0.564945891056 -3.330632 0.042897 -0.202857 
5.649801016 0.566018416322 -3.302033 0.035449 -0.190254 
5.66016984 0.567026486167 -3.316621 0.034709 -0.199005 
5.669991017 0.567981313096 -3.302609 0.052511 -0.188199 
5.679918051 0.568946431573 -3.338069 0.037667 -0.207266 
5.689754963 0.569902859189 -3.352387 0.037099 -0.205673 
5.700114012 0.570916245397 -3.352026 0.053959 -0.194978 
5.709975958 0.571916956039 -3.387794 0.055627 -0.194542 
5.71981597 0.572915440997 -3.344952 0.049024 -0.192714 
5.729743004 0.573922756244 -3.366228 0.044372 -0.181506 
5.740016938 0.574940783323 -3.36678 0.044752 -0.180717 
5.749904871 0.575904206989 -3.367159 0.052637 -0.179873 
5.759757042 0.576903903172 -3.388903 0.039301 -0.190443 
5.770047904 0.57794811317 -3.367919 0.036325 -0.17852 
5.779947997 0.57895267198 -3.375992 0.048236 -0.180433 
5.78982687 0.579913391316 -3.411374 0.050081 -0.170569 
5.800158978 0.580898027822 -3.368806 0.052211 -0.169608 
5.810056925 0.581875494818 -3.404184 0.045151 -0.169221 
5.819912911 0.582848817976 -3.404477 0.061662 -0.178298 
5.829743863 0.583819668913 -3.440108 0.056279 -0.177671 
5.840067864 0.584876102399 -3.461353 0.058121 -0.17687 
5.849969864 0.58595214584 -3.468021 0.045302 -0.194967 
5.859809876 0.586921644418 -3.461129 0.050672 -0.173806 
5.870121956 0.587937654043 -3.503904 0.063932 -0.173867 
5.880022049 0.588913072172 -3.503873 0.056033 -0.171965 
5.889898062 0.589875188149 -3.539743 0.056973 -0.192089 
5.899724961 0.590827474277 -3.496804 0.043037 -0.179973 
5.910037995 0.591869138048 -3.511528 0.066315 -0.169165 
5.919925929 0.592867864768 -3.496711 0.050701 -0.166827 
5.929810048 0.593866206155 -3.50501 0.070665 -0.156636 
5.940135956 0.594965882708 -3.512231 0.04311 -0.154532 
5.95003295 0.596021646448 -3.484681 0.052946 -0.152176 
5.959892035 0.597010081694 -3.505668 0.055803 -0.141827 
5.969743014 0.597997704263 -3.513363 0.060433 -0.129417 
5.980089903 0.599035044927 -3.499033 0.06088 -0.137317 
5.989954949 0.599965636809 -3.51294 0.059644 -0.15408 
5.999800921 0.600894988772 -3.520002 0.055434 -0.149857 
6.010128022 0.601912144803 -3.548036 0.053357 -0.15676 
6.019997836 0.602884260873 -3.540982 0.05083 -0.163192 
6.029814005 0.60385109324 -3.540225 0.050779 -0.169126 
6.039749861 0.604829714041 -3.575612 0.045284 -0.176638 
6.050045014 0.605850248148 -3.589666 0.051942 -0.194387 
6.059907914 0.606882791711 -3.617751 0.050427 -0.19199 
6.069777966 0.607916084013 -3.631953 0.064979 -0.210726 
6.080142975 0.609001193192 -3.638686 0.053445 -0.198046 
6.089964867 0.610029443641 -3.667167 0.052596 -0.205873 
6.099877835 0.611043508487 -3.674139 0.047385 -0.213944 
6.109743834 0.612013106509 -3.673569 0.054946 -0.210767 
6.120071888 0.613028113781 -3.701918 0.044354 -0.22819 
6.129901886 0.613994173743 -3.708844 0.047486 -0.236086 
6.139811039 0.614968012798 -3.736579 0.046707 -0.243539 
6.150141955 0.615983468091 -3.714536 0.050464 -0.259885 
6.15997696 0.616952379894 -3.757199 0.05639 -0.278237 
6.169875861 0.617927586517 -3.785126 0.063103 -0.254309 
6.17974186 0.618899551745 -3.806199 0.050837 -0.28079 
6.19005394 0.619915463382 -3.826404 0.052076 -0.297055 
6.199930907 0.620891326452 -3.847648 0.05464 -0.303358 
6.20980692 0.621911127453 -3.911106 0.046906 -0.329948 
6.220134974 0.622977606386 -3.910774 0.046396 -0.335213 
6.229969979 0.623993172885 -3.924093 0.044944 -0.34059 
6.239886046 0.625017109878 -3.945028 0.047962 -0.346646 
6.249737025 0.625997127577 -3.973138 0.046163 -0.362731 
6.260048867 0.626990478251 -3.98745 0.054378 -0.357969 
6.269925833 0.627941936859 -4.001078 0.052472 -0.363592 
6.279803038 0.628893418491 -4.014696 0.044352 -0.368905 
6.290107012 0.629886011232 -4.02915 0.051557 -0.374606 
6.299980879 0.63083717131 -4.02812 0.042773 -0.379673 
6.309886933 0.631835208867 -4.063729 0.04545 -0.397353 
6.319749833 0.632832499972 -4.049666 0.053667 -0.383053 
6.330061913 0.633875210093 -4.05684 0.049572 -0.400186 
6.339933873 0.634873417304 -4.092146 0.051861 -0.388245 
6.34977603 0.635867966014 -4.077891 0.052585 -0.405327 
6.360101939 0.636896633254 -4.078087 0.052739 -0.391321 
6.369966984 0.637879389213 -4.12077 0.051327 -0.39847 
6.379865885 0.638865517908 -4.134571 0.041915 -0.404149 
6.389791966 0.639854354275 -4.141562 0.044481 -0.42043 
6.400074959 0.640879774242 -4.169236 0.042298 -0.436388 
6.409925938 0.641871890465 -4.211437 0.048844 -0.443235 
6.419796944 0.642866023656 -4.211258 0.048167 -0.459759 
6.430120945 0.643905779084 -4.253815 0.045916 -0.467028 
6.440001965 0.64490092081 -4.260634 0.040872 -0.46384 
6.449897051 0.645897479157 -4.267473 0.05263 -0.481657 
6.459756852 0.6468869083 -4.281634 0.043325 -0.478282 
6.470039845 0.647914313782 -4.288995 0.046842 -0.486304 
6.479887009 0.648898174246 -4.317567 0.046272 -0.474733 
6.489726067 0.649881224815 -4.338695 0.048841 -0.481951 
6.500023842 0.65091335274 -4.324471 0.04844 -0.48814 
6.509893895 0.651914041068 -4.381048 0.046196 -0.487262 
6.519788981 0.6529172674 -4.345618 0.058787 -0.503568 
6.530092955 0.65396194938 -4.373713 0.058114 -0.501967 
6.540020943 0.654968511524 -4.402818 0.065262 -0.50081 
6.549855948 0.655962257561 -4.409662 0.059212 -0.509001 
6.559788943 0.656931677085 -4.437813 0.042016 -0.495576 
6.570090056 0.657937023414 -4.437599 0.050525 -0.512721 
6.579895974 0.658894040745 -4.437359 0.050294 -0.498588 
6.589792967 0.659859946622 -4.494423 0.047145 -0.527698 
6.600144864 0.66087239223 -4.486674 0.050619 -0.523969 
6.609998942 0.661902241362 -4.536294 0.05246 -0.532706 
6.619864941 0.662933336357 -4.529473 0.064317 -0.549616 
6.629742861 0.663965677215 -4.550074 0.051107 -0.556692 
6.640110016 0.665049147995 -4.564625 0.05053 -0.553268 
6.649929047 0.666053410851 -4.585606 0.045205 -0.5595 
6.659796 0.667014031124 -4.628765 0.043896 -0.55668 
6.669769049 0.667984980621 -4.614667 0.044333 -0.562749 
6.679987908 0.668979861524 -4.607313 0.048473 -0.569244 
6.689862013 0.669941178097 -4.650337 0.054506 -0.578542 
6.699727059 0.67090752037 -4.621768 0.055679 -0.574945 
6.710067034 0.671987062338 -4.671742 0.065688 -0.564356 
6.719956875 0.673019608201 -4.664674 0.052692 -0.572364 
6.729788065 0.674046030624 -4.657777 0.049157 -0.56068 
6.740103007 0.675122959029 -4.679758 0.044717 -0.559942 
6.749994994 0.676129675685 -4.651534 0.045273 -0.568767 
6.759866953 0.677062967112 -4.659078 0.049348 -0.537994 
6.769722939 0.677994748457 -4.666684 0.052977 -0.537877 
6.780063868 0.678972376138 -4.652835 0.045464 -0.546081 
6.789937974 0.679905870542 -4.675344 0.056081 -0.538382 
6.799798966 0.68084552215 -4.668761 0.060997 -0.517467 
6.810126067 0.681874127288 -4.690129 0.054051 -0.518919 
6.819963933 0.682854003394 -4.669735 0.051292 -0.518383 
6.82987094 0.683840766117 -4.684211 0.059461 -0.518572 
6.839719058 0.684821663348 -4.699143 0.050932 -0.487788 
6.850038052 0.685850540021 -4.656307 0.036267 -0.496232 
6.85993886 0.686845981603 -4.67852 0.048062 -0.46681 
6.869796038 0.687837036562 -4.657999 0.044464 -0.466393 
6.880138875 0.688876920381 -4.658577 0.045689 -0.437822 
6.890002013 0.689868574566 -4.645674 0.045841 -0.430981 
6.899878979 0.690861619039 -4.610986 0.059609 -0.423666 
6.909734011 0.691840382953 -4.590619 0.056973 -0.388243 
6.920083046 0.692866967492 -4.570495 0.038204 -0.371533 
6.929939032 0.693844643463 -4.54344 0.039479 -0.356069 
6.939787865 0.694821609884 -4.530678 0.040471 -0.320529 
6.95012188 0.695846704497 -4.474831 0.043772 -0.304094 
6.959964037 0.696823008684 -4.483164 0.038831 -0.289039 
6.96982193 0.697855847463 -4.441444 0.041291 -0.262745 
6.97971797 0.698897068762 -4.407243 0.056005 -0.246257 
6.990031004 0.699982164483 -4.42994 0.042153 -0.229784 
6.99990201 0.70100265599 -4.366395 0.049489 -0.20032 
7.00975895 0.701954747941 -4.4101 0.055296 -0.194503 
7.020087004 0.702952345276 -4.375048 0.044937 -0.186306 
7.029962063 0.70390618736 -4.354791 0.034113 -0.166548 
7.039844037 0.70486069737 -4.36271 0.046192 -0.157201 
7.050119877 0.705854895813 -4.312956 0.052297 -0.145415 
7.060052872 0.70685558244 -4.342503 0.051045 -0.147554 
7.069936991 0.707851345118 -4.314827 0.044927 -0.125905 
7.079787016 0.70884367304 -4.308311 0.0583 -0.126171 
7.090124846 0.709885144241 -4.308974 0.066015 -0.107091 
7.099997998 0.710979363501 -4.302114 0.062317 -0.107581 
7.109871865 0.711862808893 -4.302642 0.046015 -0.108059 
7.119700909 0.712826743974 -4.324405 0.056702 -0.099986 
7.130059958 0.713860558287 -4.282486 0.051429 -0.089111 
7.139932871 0.714845857108 -4.282598 0.058764 -0.07082 
7.149787903 0.715831277705 -4.283324 0.050916 -0.062984 
7.160120011 0.716965835314 -4.276616 0.064017 -0.054984 
7.170058966 0.71795014303 -4.249432 0.065176 -0.046742 
7.179914952 0.718926233883 -4.23558 0.049889 -0.018156 
7.18974495 0.719899751006 -4.21542 0.055421 -0.02148 
7.200068951 0.720954959477 -4.18086 0.060283 0.005852 
7.20994401 0.722035043504 -4.181317 0.052608 0.024032 
7.219785929 0.722992705184 -4.168287 0.046551 0.030268 
7.230118037 0.723998064393 -4.105775 0.046307 0.060218 
7.239995957 0.724959229127 -4.113194 0.058568 0.078076 
7.249870062 0.725917164212 -4.070941 0.052182 0.068519 
7.259697915 0.726847429493 -4.085842 0.061743 0.10816 
7.270060063 0.72787402039 -4.065225 0.065206 0.106555 
7.27995205 0.728861766711 -4.01597 0.056132 0.10697 
7.289798975 0.729845013447 -4.044888 0.054945 0.10612 
7.300133944 0.730941710436 -4.016989 0.05505 0.125628 
7.309999943 0.732039284671 -4.032256 0.054806 0.124889 
7.319869042 0.732980386015 -4.025092 0.060466 0.134122 
7.32977295 0.733924806689 -4.053447 0.058057 0.13328 
7.340043068 0.734904148557 -4.053877 0.066503 0.143425 
7.349930048 0.73589312435 -4.075128 0.060284 0.133954 
7.359806061 0.73694581731 -4.046596 0.061294 0.125376 
7.370127917 0.737961029535 -4.068637 0.073373 0.115205 
7.379956961 0.738910422645 -4.075315 0.068618 0.13596 
7.389834881 0.739864536717 -4.040616 0.06715 0.15638 
7.399682999 0.740825238168 -4.055636 0.057168 0.145129 
7.410032988 0.741914417795 -4.069656 0.048152 0.166071 
7.419920922 0.742910336545 -4.034343 0.054646 0.157298 
7.429776907 0.743897205694 -4.041756 0.058723 0.158577 
7.440122843 0.744933133109 -4.056611 0.074778 0.159232 
7.449987889 0.745918478094 -4.049547 0.070686 0.1607 
7.459831954 0.746880403681 -4.056691 0.074936 0.172322 
7.470160962 0.747890687629 -4.057345 0.074587 0.15255 
7.480036974 0.748860951907 -4.050448 0.071052 0.164235 
7.489948988 0.749834753185 -4.057516 0.058058 0.165289 
7.499789954 0.750802926871 -4.057313 0.057665 0.167247 
7.510108948 0.751830909364 -4.085946 0.056648 0.148161 
7.519983054 0.752809516556 -4.114655 0.063129 0.159542 
7.529839993 0.753782182749 -4.114319 0.079704 0.151754 
7.5401299 0.754797573498 -4.128369 0.062343 0.143941 
7.550035 0.755769063135 -4.107315 0.066143 0.13536 
7.559896946 0.756659787429 -4.071678 0.065194 0.157316 
7.56976986 0.757436889457 -4.001151 0.043687 0.149045 
7.580105067 0.758176365412 -3.981006 0.049944 0.167197 
7.589979888 0.75888290111 -3.882123 0.064058 0.206372 
7.599837065 0.759562259316 -3.861421 0.045915 0.233671 
7.609740973 0.760073784881 -3.812684 0.045685 0.241358 
