0.0 0.00101234165523 -0.063222 -0.048438 -0.010261 
0.009876966 0.00200526559689 -0.077364 -0.024416 -0.011134 
0.019747972 0.00303933201027 -0.070362 -0.044069 -0.02091 
0.030030012 0.00411645750537 -0.070661 -0.050736 -0.020847 
0.039947986 0.00515544419043 -0.091887 -0.046926 -0.031735 
0.049827814 0.00619043477849 -0.056565 -0.05639 -0.020298 
0.059676885 0.00719128845942 -0.070469 -0.055657 -0.02017 
0.069988012 0.0082075139429 -0.063725 -0.059359 -0.019745 
0.0798738 0.0091818196313 -0.056676 -0.053703 -0.009596 
0.089756965 0.0101558668068 -0.049729 -0.048776 -0.020007 
0.100052833 0.0111705884212 -0.049983 -0.047099 -0.019768 
0.109939813 0.0121420328918 -0.064115 -0.056001 -0.020182 
0.119829893 0.0131100872295 -0.042981 -0.066753 -0.029544 
0.129666805 0.0140729374119 -0.056489 -0.066686 -0.019192 
0.140003919 0.0150847480391 -0.070798 -0.059073 -0.029598 
0.149873018 0.0160507487283 -0.035136 -0.061589 -0.028323 
0.159747839 0.017034211345 -0.056209 -0.057611 -0.027951 
0.170054912 0.0180968201333 -0.062943 -0.054751 -0.027581 
0.179956913 0.0191176679807 -0.055986 -0.050667 -0.037196 
0.189832926 0.0201358365924 -0.062886 -0.047251 -0.026609 
0.199682951 0.0211513259685 -0.055686 -0.058394 -0.024951 
0.210001945 0.0221816340524 -0.055427 -0.042263 -0.034816 
0.219874859 0.023131924531 -0.084071 -0.052182 -0.034799 
0.22973895 0.0240813657757 -0.076972 -0.047088 -0.033951 
0.240080833 0.0250767955896 -0.077149 -0.040318 -0.024045 
0.249953985 0.0260271089762 -0.06288 -0.038467 -0.02344 
0.259850979 0.026994423107 -0.0557 -0.042554 -0.022888 
0.26968193 0.0279904229261 -0.062701 -0.0229 -0.013112 
0.279997825 0.0290355537129 -0.055923 -0.034383 -0.033056 
0.289873838 0.0300361188832 -0.077528 -0.032433 -0.0232 
0.29974699 0.0310363941979 -0.077265 -0.040323 -0.023129 
0.310083866 0.0320784616978 -0.063113 -0.024083 -0.033919 
0.31990695 0.0330586374971 -0.063006 -0.032259 -0.022835 
0.329837799 0.0340495664006 -0.084044 -0.045807 -0.022935 
0.339705944 0.0350342385172 -0.049062 -0.032711 -0.03306 
0.350030899 0.0360644924599 -0.062758 -0.041997 -0.033347 
0.359906912 0.0370509918782 -0.077001 -0.042842 -0.022573 
0.369781017 0.0380397401586 -0.062935 -0.035228 -0.02344 
0.380112886 0.0390743268586 -0.077057 -0.044973 -0.023058 
0.389992952 0.0400636720466 -0.077812 -0.029084 -0.043641 
0.399850845 0.0410507969306 -0.098582 -0.04246 -0.033397 
0.409687996 0.0420355895525 -0.08445 -0.033558 -0.032983 
0.419996977 0.0430670630975 -0.091498 -0.039214 -0.043132 
0.429872989 0.0440552155743 -0.062701 -0.029127 -0.031889 
0.439749956 0.0450434636044 -0.098672 -0.027065 -0.033412 
0.450083017 0.0460773464935 -0.070069 -0.017428 -0.023332 
0.459957838 0.0470705287199 -0.077021 -0.030416 -0.023193 
0.469829798 0.0480734401501 -0.098693 -0.020009 -0.034518 
0.479659796 0.0490720885799 -0.077224 -0.014908 -0.044564 
0.489997864 0.0501223528196 -0.119666 -0.017876 -0.045645 
0.499873876 0.0511256759003 -0.083968 -0.011205 -0.044989 
0.509758949 0.0521116297874 -0.091224 -0.016586 -0.034825 
0.52008295 0.0531163581531 -0.091017 -0.026606 -0.03524 
0.529965877 0.054078161343 -0.091072 -0.002025 -0.035875 
0.539839983 0.055039106076 -0.097999 0.000385 -0.036667 
0.549686908 0.055997405563 -0.07616 -0.010579 -0.035558 
0.559962988 0.0570178283732 -0.090865 -0.012045 -0.03629 
0.569893837 0.0580592578282 -0.076444 0.004366 -0.036735 
0.579746008 0.0590924364694 -0.132662 0.001294 -0.037808 
0.589599848 0.0601257901354 -0.112151 -0.001461 -0.038187 
0.599915981 0.0612076235988 -0.082488 -0.000205 -0.036963 
0.609884023 0.0622162309936 -0.110701 -0.001604 -0.027342 
0.619725942 0.063177218856 -0.097335 0.014284 -0.028408 
0.63005495 0.0641857672211 -0.104221 0.016977 -0.039297 
0.639964819 0.0651533898795 -0.118926 0.01551 -0.040029 
0.649823904 0.06611605387 -0.082879 0.013171 -0.029325 
0.659658909 0.0670967216148 -0.082844 0.005391 -0.049694 
0.670013904 0.0681739051576 -0.097387 0.012273 -0.051166 
0.679902792 0.0692026016861 -0.090247 0.007904 -0.040516 
0.689767837 0.0702288179347 -0.112305 0.003019 -0.041856 
0.700060844 0.0712995531446 -0.083823 0.00459 -0.041133 
0.70996499 0.0722767432885 -0.105759 0.007772 -0.033116 
0.719816923 0.0732077534713 -0.092169 0.025234 -0.043913 
0.72965002 0.0741369836473 -0.085335 0.006137 -0.043473 
0.73998785 0.0751139112206 -0.092474 0.010506 -0.054122 
0.749851942 0.076046070432 -0.092343 -0.004607 -0.064204 
0.759688854 0.0769949373364 -0.113746 0.005972 -0.065186 
0.770005941 0.0780258947174 -0.078445 -0.013402 -0.074605 
0.779907942 0.0790153737261 -0.092527 -0.022866 -0.08432 
0.789769888 0.0800008501517 -0.114452 -0.020527 -0.075507 
0.799616813 0.0809848255712 -0.107059 -0.016827 -0.084995 
0.809997797 0.0820241857155 -0.100026 -0.01302 -0.085429 
0.819839954 0.083015112301 -0.092456 -0.025835 -0.084925 
0.829707861 0.0840086314441 -0.098921 -0.022803 -0.074211 
0.840023994 0.0850472788106 -0.098318 -0.023744 -0.0843 
0.849913835 0.0860430063095 -0.111928 -0.024405 -0.094508 
0.859783888 0.0870339037116 -0.125928 -0.026083 -0.084769 
0.869669914 0.0880177995432 -0.104763 -0.03034 -0.104538 
0.879977941 0.0890436945588 -0.139614 -0.036213 -0.08426 
0.889858961 0.0900270921738 -0.125487 -0.035372 -0.094119 
0.899705887 0.0910070966211 -0.111041 -0.034921 -0.102935 
0.910053968 0.0920466447687 -0.131785 -0.032897 -0.093621 
0.919914007 0.0930648684281 -0.117795 -0.025005 -0.10367 
0.929797888 0.0940855541963 -0.131911 -0.026689 -0.093016 
0.939620971 0.0950999614942 -0.153213 -0.032347 -0.093186 
0.949980974 0.0961698152915 -0.131039 -0.027457 -0.092762 
0.959801912 0.097156393892 -0.123692 -0.032101 -0.102425 
0.969707966 0.0981111534632 -0.138082 -0.025052 -0.092638 
0.98003602 0.0991065859946 -0.152168 -0.02561 -0.092876 
0.98991394 0.100058633971 -0.1376 -0.017093 -0.092335 
0.99979496 0.10101098073 -0.136901 -0.025366 -0.092137 
1.009615898 0.101966740524 -0.129599 -0.021387 -0.082227 
1.019922018 0.103011554457 -0.151118 -0.010812 -0.082293 
1.029845953 0.104017623235 -0.15838 -0.024255 -0.082401 
1.039705992 0.105017214364 -0.143811 -0.015737 -0.08186 
1.050033808 0.106113203378 -0.193418 -0.029736 -0.09266 
1.059861898 0.107122269605 -0.172024 -0.017136 -0.07224 
1.069784879 0.108024082164 -0.164637 -0.021498 -0.092 
1.079632997 0.109005087765 -0.192373 -0.022999 -0.09235 
1.089993 0.110037084028 -0.164459 -0.005931 -0.081672 
1.099872827 0.111021248274 -0.170954 -0.02636 -0.0803 
1.109699011 0.112020509346 -0.185015 -0.011519 -0.081469 
1.119984865 0.11313541143 -0.170655 -0.019693 -0.080363 
1.129911899 0.114116119404 -0.170392 -0.027583 -0.080292 
1.139781952 0.115091198131 -0.198554 -0.029543 -0.079973 
1.149621963 0.116063308959 -0.176669 -0.032163 -0.078689 
1.159924984 0.117122742481 -0.190233 -0.024481 -0.088721 
1.169856786 0.118206408421 -0.183636 -0.020289 -0.089282 
1.179706812 0.119161506588 -0.183154 -0.01233 -0.088979 
1.190046787 0.120164112181 -0.176181 -0.016143 -0.068113 
1.199905872 0.121120088745 -0.19722 -0.02969 -0.068213 
1.209792852 0.122078335997 -0.19041 -0.017712 -0.078815 
1.219635963 0.123032110135 -0.19045 -0.017993 -0.068718 
1.229964018 0.124053482777 -0.211356 -0.014572 -0.078563 
1.239842891 0.12503043445 -0.189968 -0.010034 -0.068415 
1.249712944 0.126006513886 -0.203558 -0.027497 -0.057618 
1.260001898 0.127106808022 -0.189263 -0.010246 -0.057944 
1.269922018 0.128220472737 -0.196124 -0.006548 -0.057454 
1.279757976 0.12915619161 -0.210169 -0.006825 -0.067789 
1.289690017 0.130101051095 -0.188594 -0.0099 -0.066752 
1.299988985 0.131080817247 -0.188487 -0.018076 -0.055668 
1.30983901 0.132059869097 -0.2023 -0.027367 -0.05504 
1.31969285 0.133141672998 -0.173731 -0.01717 -0.064238 
1.330034017 0.134141557323 -0.223373 -0.023389 -0.054668 
1.339890957 0.135094621886 -0.201797 -0.026463 -0.053631 
1.349798918 0.136052619654 -0.187295 -0.033627 -0.042062 
1.359616995 0.137013326244 -0.208247 -0.038549 -0.052083 
1.369985819 0.138082299835 -0.158889 -0.031778 -0.050521 
1.379838943 0.139072319383 -0.193699 -0.037369 -0.040339 
1.389741897 0.140067345736 -0.208054 -0.0381 -0.050921 
1.400067806 0.141104869648 -0.179551 -0.043584 -0.049092 
1.409946918 0.14209070317 -0.21494 -0.049801 -0.0495 
1.419849872 0.143059463798 -0.172655 -0.047119 -0.037407 
1.429653883 0.144020820314 -0.215 -0.05742 -0.028201 
1.439960956 0.145036548607 -0.18744 -0.039404 -0.037843 
1.449894905 0.146015506752 -0.18744 -0.039404 -0.037843 
1.459713936 0.146983771725 -0.216191 -0.041147 -0.04891 
1.470068931 0.148007047759 -0.166367 -0.043382 -0.038215 
1.479912996 0.148990531091 -0.216632 -0.041604 -0.019662 
1.489836931 0.149985200389 -0.18883 -0.041387 -0.050089 
1.499691009 0.150972867967 -0.181707 -0.052975 -0.050508 
1.510006904 0.152006487467 -0.224898 -0.047108 -0.042486 
1.519902944 0.152996578671 -0.18943 -0.050073 -0.042373 
1.52974987 0.153983659546 -0.204266 -0.041797 -0.033508 
1.540032863 0.155014612955 -0.197542 -0.038443 -0.034189 
1.549947023 0.156008587866 -0.190641 -0.024893 -0.025027 
1.559775829 0.15700365758 -0.233545 -0.028483 -0.037614 
1.569688797 0.158054668141 -0.170019 -0.030335 -0.036108 
1.579978943 0.159076330247 -0.213074 -0.03152 -0.027896 
1.589821815 0.160053584539 -0.220483 -0.037068 -0.02899 
1.599700928 0.161034437036 -0.171055 -0.038637 -0.028519 
1.610078811 0.162111086778 -0.235199 -0.037692 -0.030518 
1.61995101 0.163202324453 -0.192848 -0.019329 -0.029452 
1.629848957 0.164168051991 -0.228849 -0.023762 -0.020567 
1.639701843 0.165129382997 -0.229346 -0.016604 -0.011703 
1.650034904 0.166137563943 -0.208373 -0.018737 -0.000576 
1.659912824 0.167098778888 -0.244487 -0.017686 -0.012562 
1.669770002 0.168054159295 -0.195221 -0.027602 -0.011351 
1.679636955 0.169051374426 -0.187904 -0.03874 -0.010608 
1.689936876 0.170094009848 -0.231319 -0.024702 -0.012754 
1.699828863 0.171095351124 -0.196052 -0.026552 -0.021702 
1.709697962 0.172078403279 -0.246156 -0.033392 -0.023638 
1.720054865 0.173078181615 -0.183289 -0.009723 -0.012679 
1.729894876 0.174075410501 -0.240557 -0.027594 -0.024334 
1.739772796 0.175077598656 -0.233742 -0.007553 -0.024663 
1.750109911 0.176126375545 -0.225974 -0.034193 -0.032959 
1.759949922 0.177104854046 -0.268892 -0.027313 -0.043969 
1.76987791 0.178072869109 -0.212617 -0.01674 -0.041925 
1.779711962 0.179038191854 -0.219513 -0.027599 -0.0413 
1.790024996 0.18005069229 -0.276558 -0.021559 -0.042452 
1.79991579 0.181021738565 -0.219675 -0.026201 -0.060459 
1.809772014 0.182003188673 -0.290491 -0.012205 -0.051329 
1.820122003 0.183140653098 -0.247375 -0.017795 -0.068533 
1.829999923 0.184114973033 -0.304176 -0.026982 -0.05841 
1.839824915 0.185084072355 -0.290606 -0.001742 -0.077416 
1.849720955 0.186060179577 -0.26182 -0.022172 -0.07441 
1.860031843 0.18706844995 -0.32541 -0.020885 -0.084301 
1.869900942 0.188017722166 -0.296856 -0.009965 -0.072023 
1.879783869 0.189015476183 -0.310481 -0.017123 -0.100403 
1.890130996 0.190060094598 -0.331503 -0.023452 -0.089434 
1.900007963 0.19105724691 -0.303203 -0.027821 -0.096667 
1.909842968 0.192074502826 -0.359725 -0.023286 -0.087713 
1.919720888 0.193143722712 -0.338407 -0.010409 -0.076474 
1.930033922 0.194189173027 -0.366311 -0.011354 -0.066607 
1.939940929 0.195193463675 -0.366083 -0.02843 -0.065916 
1.949778795 0.196190745378 -0.33791 -0.010346 -0.04569 
1.960191011 0.197175803725 -0.380591 -0.022107 -0.048109 
1.970005989 0.198065119505 -0.331223 -0.016901 -0.038647 
1.979851961 0.19903871888 -0.3313 -0.017346 -0.040725 
1.989729881 0.200015477371 -0.338517 -0.013422 -0.053452 
2.000092983 0.201040212119 -0.324842 -0.019416 -0.074506 
2.009917021 0.202011642594 -0.374813 -0.009288 -0.086188 
2.019834995 0.202992361745 -0.34699 0.000839 -0.09576 
2.029673815 0.204018682212 -0.361594 -0.00712 -0.115579 
2.040015936 0.205101699938 -0.376673 0.00014 -0.144842 
2.049885988 0.206135283018 -0.383863 0.005791 -0.153294 
2.059739828 0.207167168392 -0.447788 -0.008775 -0.162501 
2.070086956 0.20823378276 -0.426982 0.004763 -0.160571 
2.079984903 0.209206649132 -0.454693 -0.002953 -0.189189 
2.089828014 0.21017412569 -0.497286 -0.005367 -0.208633 
2.099649906 0.211139516639 -0.461769 0.0177 -0.195698 
2.110061884 0.212162906971 -0.525573 -0.005767 -0.215297 
2.119885921 0.213128508751 -0.511248 0.003585 -0.213721 
2.129735946 0.214097749958 -0.546504 0.014337 -0.223876 
2.140002012 0.21510793718 -0.546306 0.005882 -0.23219 
2.149915933 0.216083473118 -0.546508 -0.002748 -0.221353 
2.159782886 0.217054387375 -0.588985 -0.005157 -0.241713 
2.169627905 0.218023143313 -0.574726 0.002906 -0.241418 
2.180015802 0.219089330756 -0.566988 0.006501 -0.231382 
2.189883947 0.220105571412 -0.595298 0.012435 -0.232049 
2.199714899 0.221117981861 -0.573555 0.008805 -0.241228 
2.210066795 0.22218404013 -0.622867 0.010377 -0.242614 
2.219914913 0.223184137984 -0.609004 0.019107 -0.252544 
2.229808807 0.224140167748 -0.62984 0.01419 -0.26348 
2.239630937 0.225089263082 -0.665755 0.023752 -0.264031 
2.250010967 0.226092267322 -0.651486 0.008637 -0.283176 
2.259888887 0.227046753546 -0.707938 0.014578 -0.295212 
2.269742012 0.227998843873 -0.694136 0.030082 -0.296151 
2.280049801 0.229027465212 -0.701327 0.018046 -0.317249 
2.289925813 0.230024980531 -0.730402 0.030966 -0.319396 
2.299843788 0.231026734275 -0.708985 0.019662 -0.33989 
2.309682846 0.232020517097 -0.802021 0.03482 -0.34367 
2.3200109 0.233063690403 -0.752588 0.03874 -0.364984 
2.329883814 0.234047027319 -0.795522 0.028656 -0.367164 
2.339743852 0.235027515895 -0.817002 0.038791 -0.370223 
2.350054979 0.236052861055 -0.817297 0.037613 -0.391946 
2.359936952 0.237035530862 -0.867715 0.039223 -0.384652 
2.369833946 0.238019694367 -0.86124 0.049742 -0.406879 
2.379683971 0.239009929314 -0.840005 0.054112 -0.40799 
2.39000082 0.240048237309 -0.890626 0.061486 -0.402169 
2.399886846 0.24104318643 -0.88335 0.06446 -0.403638 
2.409752846 0.242036120094 -0.933474 0.064675 -0.406681 
2.420070886 0.243074547954 -0.8832 0.061333 -0.417334 
2.429970979 0.244068034376 -0.925353 0.065874 -0.419274 
2.439831972 0.24505351219 -0.932731 0.06682 -0.430776 
2.449692011 0.246038894664 -0.947137 0.066651 -0.432057 
2.459982872 0.247067332186 -0.961158 0.072028 -0.423424 
2.469878912 0.248056312492 -0.954004 0.066935 -0.43425 
2.479764938 0.249060678735 -1.017276 0.067111 -0.435995 
2.490074873 0.250108622872 -0.988596 0.091587 -0.436146 
2.49996686 0.251114085059 -1.009092 0.069479 -0.425035 
2.509840965 0.252117729645 -1.044333 0.069762 -0.436766 
2.519671917 0.253116295307 -1.015679 0.078838 -0.435987 
2.529982805 0.254121602986 -1.042893 0.075832 -0.426232 
2.539872885 0.255085882045 -1.042153 0.07321 -0.435645 
2.549736976 0.256047627186 -1.049013 0.076908 -0.435155 
2.560061931 0.257054306393 -1.069321 0.078547 -0.425714 
2.56991291 0.258014773119 -1.061665 0.074358 -0.435131 
2.579768896 0.25903795674 -1.082941 0.084099 -0.436232 
2.589694977 0.260077379362 -1.118391 0.077436 -0.467298 
2.599957943 0.261152079341 -1.118097 0.076041 -0.477634 
2.609879017 0.262190977649 -1.139506 0.078559 -0.488888 
2.619777918 0.263223859648 -1.16813 0.075977 -0.500074 
2.630088806 0.26422767608 -1.210537 0.065229 -0.521525 
2.639933824 0.265186137741 -1.203707 0.084545 -0.54333 
2.649840832 0.266150634438 -1.224537 0.087689 -0.543994 
2.65970993 0.267111440407 -1.259906 0.08881 -0.555605 
2.669996023 0.268112842922 -1.267015 0.099674 -0.576662 
2.679899931 0.269142155271 -1.302489 0.084832 -0.56715 
2.689775944 0.270170450404 -1.323731 0.086793 -0.58862 
2.700067997 0.271242063817 -1.337336 0.077228 -0.608305 
2.70995593 0.272271600066 -1.387089 0.093459 -0.599856 
2.719856977 0.273284422303 -1.365924 0.089202 -0.619626 
2.729739904 0.274219240578 -1.393533 0.103829 -0.600345 
2.740050792 0.275194539347 -1.407676 0.10114 -0.601069 
2.749913931 0.276127485891 -1.40724 0.100755 -0.600942 
2.759831905 0.277065619234 -1.442409 0.100642 -0.581221 
2.769706011 0.277999603137 -1.427492 0.10015 -0.570631 
2.779980898 0.279025545323 -1.440788 0.081293 -0.570171 
2.789887905 0.280017308362 -1.461252 0.082646 -0.549718 
2.79972887 0.281002460119 -1.431852 0.091792 -0.548565 
2.810060978 0.282036778841 -1.452546 0.093255 -0.548552 
2.819929838 0.283024723089 -1.451927 0.084417 -0.52816 
2.829830885 0.284015502782 -1.501163 0.100828 -0.539778 
2.839651823 0.284998243458 -1.479648 0.104528 -0.52975 
2.850015878 0.286035331607 -1.486205 0.090873 -0.519387 
2.859881878 0.287022581451 -1.514135 0.088922 -0.520899 
2.86974287 0.288009330165 -1.478341 0.09363 -0.50947 
2.880061865 0.289037768734 -1.535284 0.097825 -0.522119 
2.889936924 0.290021715246 -1.556303 0.091615 -0.533422 
2.899830818 0.291007538468 -1.534875 0.096435 -0.533371 
2.909710884 0.291991983875 -1.577773 0.100907 -0.535685 
2.919981003 0.293015293991 -1.584699 0.103317 -0.536477 
2.929848909 0.294029061674 -1.591241 0.105905 -0.527841 
2.939733982 0.295053138177 -1.612569 0.099241 -0.53939 
2.95006299 0.296123205581 -1.618791 0.101439 -0.529711 
2.959906816 0.297143008966 -1.646761 0.099206 -0.521126 
2.969823837 0.298170368289 -1.632341 0.098652 -0.54132 
2.979677915 0.299121651685 -1.653125 0.100394 -0.52191 
2.989980936 0.300116274703 -1.646239 0.112095 -0.52333 
2.999850988 0.301069100182 -1.659317 0.093971 -0.503225 
3.009742021 0.302023951104 -1.687363 0.092016 -0.503821 
3.020072937 0.303021267023 -1.672856 0.107308 -0.494289 
3.029958009 0.304009636158 -1.701338 0.105737 -0.495013 
3.039795875 0.305001650494 -1.715267 0.110834 -0.505777 
3.049678802 0.305998208617 -1.707555 0.09903 -0.49481 
3.060020923 0.307041070179 -1.735621 0.10413 -0.496512 
3.069875002 0.308149817245 -1.735347 0.095398 -0.495645 
3.079757929 0.309045138604 -1.777206 0.084152 -0.495613 
3.090082884 0.310036890692 -1.784213 0.095744 -0.496109 
3.09995985 0.31102249636 -1.790901 0.106947 -0.495563 
3.109790802 0.312003510368 -1.826161 0.116858 -0.476342 
3.119687795 0.312991114496 -1.818419 0.111549 -0.475782 
3.130019903 0.314097137151 -1.803354 0.103163 -0.464206 
3.139884948 0.315101791101 -1.810254 0.106579 -0.453619 
3.149748802 0.31608494064 -1.831293 0.093031 -0.453719 
3.159660816 0.31707289038 -1.823697 0.095616 -0.454145 
3.16996789 0.318100216519 -1.837605 0.110624 -0.444055 
3.179829836 0.319176775244 -1.858309 0.11293 -0.444838 
3.189704895 0.320154728545 -1.865282 0.106997 -0.445806 
3.20002079 0.321157407846 -1.871919 0.102523 -0.435148 
3.209921837 0.322119764954 -1.8717 0.118372 -0.434916 
3.219751835 0.323075216277 -1.893063 0.119488 -0.426096 
3.230099916 0.32406951975 -1.885519 0.122633 -0.417221 
3.239977836 0.325040478186 -1.892375 0.102312 -0.406795 
3.249849796 0.326024391036 -1.891442 0.085024 -0.395633 
3.259710788 0.327007210734 -1.906025 0.091623 -0.387007 
3.270032882 0.328058709268 -1.89845 0.111009 -0.408439 
3.279923916 0.329192877726 -1.912435 0.125573 -0.400426 
3.289776802 0.330171767155 -1.940714 0.122886 -0.392087 
3.300101995 0.33114980715 -1.954624 0.105813 -0.382333 
3.309994936 0.332086902658 -1.982594 0.10358 -0.373748 
3.319857836 0.333027712959 -1.961429 0.116289 -0.373768 
3.329782009 0.334088330067 -1.946563 0.099392 -0.373627 
3.340034008 0.335135385026 -1.996381 0.124082 -0.386359 
3.349933862 0.336094330165 -1.9887 0.120176 -0.377294 
3.359789848 0.33704902605 -2.031725 0.125487 -0.379488 
3.369645834 0.338003721934 -2.031213 0.124825 -0.37018 
3.379979849 0.339062982542 -2.023668 0.127971 -0.361305 
3.389889955 0.340073562557 -2.058687 0.120082 -0.362869 
3.399766922 0.341064677236 -2.022427 0.12553 -0.362206 
3.41002202 0.342093735869 -2.036381 0.132195 -0.352291 
3.419981956 0.34309317616 -2.021514 0.132264 -0.332401 
3.429857015 0.344059248389 -2.0496 0.130027 -0.3229 
3.4396739 0.345015332333 -2.027782 0.126119 -0.322897 
3.450011968 0.346035016986 -2.04127 0.123779 -0.30385 
3.459890842 0.347010046273 -2.041286 0.12193 -0.314432 
3.469776869 0.347985781549 -2.047924 0.13185 -0.316084 
3.48010683 0.349007664472 -2.047412 0.131188 -0.306775 
3.489985943 0.349990657132 -2.054546 0.133873 -0.287254 
3.49980402 0.350976219769 -2.060464 0.128464 -0.2876 
3.509724855 0.351972097507 -2.03863 0.131775 -0.27653 
3.520018816 0.353005430547 -2.038154 0.131672 -0.286499 
3.529914856 0.354009888609 -2.087273 0.123949 -0.266825 
3.539793968 0.355004826507 -2.065398 0.127541 -0.265851 
3.550122022 0.356033871359 -2.078612 0.126214 -0.265835 
3.559996843 0.357017757937 -2.106182 0.124156 -0.276401 
3.569798946 0.357994399193 -2.119807 0.138612 -0.277443 
3.579654932 0.359019180899 -2.13333 0.136831 -0.277674 
3.589981794 0.360069214926 -2.111983 0.133866 -0.297077 
3.599941015 0.361063717528 -2.160889 0.13393 -0.287443 
3.60987997 0.362056196418 -2.138893 0.145589 -0.277112 
3.619723797 0.363039176068 -2.110117 0.145765 -0.286725 
3.629992008 0.364194737333 -2.14478 0.132281 -0.275557 
3.639882803 0.365184488621 -2.130019 0.131502 -0.253955 
3.649732828 0.366146763287 -2.136402 0.135098 -0.263435 
3.660096884 0.367159254983 -2.128178 0.137747 -0.262572 
3.669939995 0.368120854202 -2.113686 0.136797 -0.251314 
3.679816007 0.369063399319 -2.148764 0.131034 -0.251476 
3.690136909 0.370086526073 -2.119811 0.146777 -0.25076 
3.700013876 0.371091089474 -2.154833 0.1334 -0.230538 
3.709894895 0.372096064994 -2.154226 0.123555 -0.250104 
3.719752788 0.373098688422 -2.161274 0.117899 -0.260253 
3.730063915 0.374092793576 -2.189193 0.132071 -0.241219 
3.739941835 0.375073698773 -2.195952 0.133925 -0.252228 
3.749802828 0.376077471604 -2.223842 0.132256 -0.263836 
3.760115862 0.377127258713 -2.194899 0.131876 -0.283665 
3.770026922 0.378128745046 -2.237167 0.153379 -0.264941 
3.779896974 0.379069565706 -2.265381 0.135014 -0.27507 
3.789763927 0.380028076212 -2.265644 0.142903 -0.275141 
3.800058841 0.381045043551 -2.279477 0.140668 -0.275618 
3.809971809 0.382024280938 -2.286251 0.143246 -0.265151 
3.819801807 0.382995322261 -2.257196 0.142752 -0.263624 
3.830150842 0.384113385325 -2.29945 0.149138 -0.254066 
3.840005874 0.38511650232 -2.292406 0.152102 -0.253704 
3.849939823 0.386088528323 -2.284694 0.140298 -0.242737 
3.859735012 0.387046976812 -2.312958 0.137609 -0.262978 
3.870111942 0.38806234802 -2.313216 0.15356 -0.252776 
3.879971981 0.389023613805 -2.326369 0.135713 -0.241852 
3.889829874 0.390002968782 -2.326049 0.135324 -0.24081 
3.900163889 0.391043112096 -2.297684 0.136891 -0.239171 
3.910028934 0.392036052458 -2.353937 0.141598 -0.219874 
3.919922828 0.393031896542 -2.310968 0.134157 -0.218165 
3.929780006 0.394141294637 -2.32474 0.142114 -0.207884 
3.940099954 0.395191756136 -2.331722 0.152139 -0.229061 
3.949971914 0.396188754122 -2.324456 0.156678 -0.238429 
3.959832906 0.397184644419 -2.395263 0.152143 -0.241149 
3.970135927 0.398201076886 -2.373567 0.140169 -0.250503 
3.980018854 0.399103034469 -2.373475 0.156856 -0.250152 
3.989817858 0.400046755123 -2.415971 0.137364 -0.23941 
3.999744892 0.401021907619 -2.400684 0.130552 -0.237565 
4.01007986 0.402037132292 -2.400728 0.15429 -0.237404 
4.019999981 0.40301160571 -2.407152 0.157603 -0.236787 
4.02986598 0.403980762615 -2.420681 0.133367 -0.234981 
4.039685011 0.40498147623 -2.420386 0.164054 -0.244981 
4.05002284 0.406068960986 -2.454811 0.151419 -0.265019 
4.059898853 0.407107865149 -2.489759 0.135914 -0.274777 
4.069764852 0.408145715893 -2.447189 0.170125 -0.273479 
4.080051899 0.409227858651 -2.489033 0.143761 -0.282613 
4.090005874 0.41021453755 -2.488875 0.135024 -0.28083 
4.099811792 0.411178679812 -2.481162 0.155301 -0.269527 
4.109725952 0.412153464697 -2.502236 0.142313 -0.288905 
4.12003994 0.413167561666 -2.494923 0.145449 -0.278199 
4.129901886 0.414137212741 -2.55142 0.175129 -0.290075 
4.139816999 0.415112375588 -2.572119 0.151564 -0.320084 
4.150113821 0.416125330746 -2.55743 0.136788 -0.317626 
4.159993887 0.417097287319 -2.571434 0.159129 -0.317823 
4.169858932 0.418067766193 -2.60668 0.136957 -0.327518 
4.179705858 0.4190364626 -2.592178 0.129794 -0.315949 
4.190028906 0.420074516931 -2.555856 0.150804 -0.304042 
4.199881792 0.421087280823 -2.570398 0.143292 -0.293205 
4.209798813 0.422106637059 -2.542027 0.15292 -0.281293 
4.220122814 0.42316782618 -2.570189 0.15096 -0.280974 
4.229998827 0.424182967264 -2.555204 0.151756 -0.269103 
4.239820957 0.42513294214 -2.54771 0.139218 -0.27778 
4.249717951 0.426089432984 -2.519339 0.148846 -0.265869 
4.260015011 0.42708458804 -2.518802 0.132224 -0.264931 
4.269939899 0.428043774688 -2.518239 0.131002 -0.264923 
4.279768944 0.42899369863 -2.553976 0.150761 -0.255631 
4.2901299 0.430010217971 -2.532427 0.146681 -0.265972 
4.299951792 0.431001238342 -2.539394 0.158555 -0.276566 
4.309866905 0.432001664631 -2.574822 0.152056 -0.266878 
4.31974101 0.432997953248 -2.539536 0.157544 -0.287029 
4.330009937 0.434034079063 -2.560493 0.151781 -0.267675 
4.339939832 0.435031704243 -2.553455 0.146684 -0.277585 
4.349807024 0.436018221666 -2.561441 0.143082 -0.257212 
4.360121012 0.437049409553 -2.567789 0.146118 -0.247413 
4.370014906 0.43803859663 -2.539632 0.155132 -0.277418 
4.379856825 0.43902258727 -2.575126 0.149919 -0.236953 
4.389722824 0.44001366594 -2.57509 0.17422 -0.256986 
4.400002002 0.44105091788 -2.55358 0.155465 -0.244921 
4.409915924 0.442051312544 -2.596056 0.160277 -0.225633 
4.41979289 0.44304797805 -2.532358 0.175675 -0.24397 
4.429701805 0.444047867468 -2.553108 0.155244 -0.23262 
4.439997911 0.445086827579 -2.57485 0.164244 -0.222955 
4.449874878 0.446066673267 -2.553162 0.153835 -0.240209 
4.459728956 0.447043760109 -2.595193 0.15205 -0.220483 
4.470028877 0.448065054774 -2.560154 0.172646 -0.229637 
4.479882955 0.449042141617 -2.580948 0.160837 -0.198713 
4.489792824 0.450042142043 -2.602362 0.170409 -0.239653 
4.500068903 0.451091102864 -2.594491 0.166834 -0.207154 
4.509997844 0.452104628559 -2.623358 0.165086 -0.217305 
4.519895792 0.453114990553 -2.587472 0.169514 -0.225274 
4.529748916 0.454120777005 -2.636694 0.155692 -0.226646 
4.54006195 0.455142644892 -2.651155 0.154114 -0.235517 
4.549938917 0.456101352944 -2.636413 0.155744 -0.22261 
4.559800863 0.457058602983 -2.671999 0.148959 -0.20191 
4.569679022 0.458017426737 -2.608462 0.172975 -0.199758 
4.579931021 0.45901253728 -2.636233 0.147894 -0.187178 
4.589859962 0.460013913309 -2.614869 0.169114 -0.175763 
4.59973979 0.461050275847 -2.579015 0.150081 -0.193074 
4.61003685 0.462130404696 -2.642727 0.150523 -0.172674 
4.61995101 0.463170368552 -2.56437 0.159043 -0.190455 
4.62985301 0.464209056862 -2.627515 0.143988 -0.18001 
4.639737844 0.4651936319 -2.627838 0.159373 -0.178194 
4.650017023 0.46619364572 -2.641519 0.150085 -0.20706 
4.65990901 0.46715599142 -2.633669 0.136599 -0.195417 
4.669749021 0.468113280615 -2.619404 0.16247 -0.204749 
4.680063963 0.469116773652 -2.690205 0.151604 -0.184886 
4.689940929 0.4701145157 -2.704667 0.164419 -0.206066 
4.699816942 0.471143716509 -2.689643 0.14853 -0.224041 
4.709717989 0.472175526166 -2.724286 0.142383 -0.224076 
4.720018863 0.473249002664 -2.710218 0.167686 -0.212298 
4.729892969 0.474278004741 -2.752685 0.149318 -0.212449 
4.739787817 0.475234201929 -2.745879 0.161178 -0.200779 
4.75007391 0.476203661028 -2.709999 0.143151 -0.206712 
4.759959936 0.477135414014 -2.773973 0.151482 -0.186383 
4.769814968 0.47806424583 -2.681693 0.152214 -0.203186 
4.779703855 0.478996268464 -2.738797 0.150634 -0.183037 
4.790007829 0.480001709975 -2.751828 0.155969 -0.182169 
4.799883842 0.480993048849 -2.737797 0.149749 -0.190006 
4.809742927 0.481982688516 -2.751452 0.131721 -0.187595 
4.820065021 0.48301880431 -2.766069 0.156568 -0.185602 
4.829960823 0.484012129573 -2.780119 0.139206 -0.193415 
4.839833975 0.485004105106 -2.793763 0.16144 -0.202666 
4.850137949 0.486040211131 -2.779302 0.122635 -0.188441 
4.860016823 0.487033571641 -2.835904 0.151467 -0.198605 
4.869884014 0.488025757379 -2.772175 0.149221 -0.195141 
4.879755974 0.489018422658 -2.821877 0.145128 -0.184171 
4.890057802 0.490049005051 -2.806629 0.136183 -0.21139 
4.899935007 0.491028656674 -2.856316 0.136737 -0.221409 
4.909823894 0.492009466953 -2.84879 0.133267 -0.208435 
4.919717788 0.492990773842 -2.834211 0.140941 -0.207099 
4.930015802 0.494012162598 -2.88404 0.120721 -0.215757 
4.939891815 0.494991695994 -2.87017 0.159849 -0.19518 
4.949743986 0.495984721975 -2.855455 0.129112 -0.201092 
4.96004796 0.497069305422 -2.884214 0.136155 -0.180411 
4.969952822 0.498111878838 -2.813397 0.139846 -0.176895 
4.97982192 0.49915068778 -2.891545 0.131773 -0.186531 
4.989638805 0.500126900482 -2.876992 0.124048 -0.184264 
4.999982834 0.501125466721 -2.855293 0.129762 -0.180973 
5.009898901 0.502082719425 -2.847874 0.134468 -0.179082 
5.019737959 0.503032538024 -2.876132 0.139841 -0.18905 
5.030080795 0.504030989096 -2.919186 0.139379 -0.187941 
5.039955854 0.505005707982 -2.904166 0.137764 -0.195954 
5.049829006 0.505999717096 -2.876246 0.14128 -0.202342 
5.059681892 0.506991685869 -2.940004 0.133378 -0.182118 
5.069998979 0.508030389467 -2.911619 0.125316 -0.211431 
5.079855919 0.509082144633 -2.954034 0.123354 -0.201134 
5.089734792 0.510069252717 -2.968064 0.130296 -0.2004 
5.09965992 0.510976501197 -2.932837 0.14328 -0.218665 
5.109898805 0.512004083061 -2.98945 0.148816 -0.197417 
5.119790792 0.512996849993 -2.974948 0.124686 -0.205598 
5.129626989 0.5139840178 -2.989565 0.134418 -0.184192 
5.140046835 0.515088039564 -3.003195 0.146183 -0.195021 
5.149889946 0.51611293741 -2.97526 0.124835 -0.190677 
5.159740925 0.517086107031 -2.989939 0.124375 -0.18003 
5.1700809 0.51810758414 -2.996921 0.120007 -0.188897 
5.179927826 0.519080353369 -3.024951 0.12527 -0.178424 
5.189800024 0.520149879676 -3.00374 0.114963 -0.185708 
5.199639797 0.521165979327 -3.011141 0.135164 -0.163885 
5.209975958 0.522164837083 -3.046767 0.120876 -0.172735 
5.219851017 0.523119135227 -3.040153 0.142032 -0.182126 
5.229745865 0.524075345726 -3.024973 0.102291 -0.178906 
5.240053892 0.525068918681 -3.033432 0.145988 -0.167639 
5.249941826 0.526033633402 -3.040258 0.117768 -0.155311 
5.259792804 0.527020072646 -3.040257 0.132883 -0.174724 
5.269629955 0.528005127306 -3.032737 0.121351 -0.172022 
5.279941797 0.529037715707 -3.088919 0.132835 -0.173229 
5.289824962 0.530144528252 -3.096352 0.112609 -0.180497 
5.299702883 0.531172584897 -3.110411 0.145138 -0.16902 
5.309614897 0.532107787346 -3.110451 0.130462 -0.146614 
5.319913864 0.533079498964 -3.095584 0.138426 -0.185784 
5.329785824 0.534010922302 -3.110891 0.128877 -0.163632 
5.339644909 0.535046496935 -3.118003 0.149367 -0.182315 
5.349967003 0.536131881164 -3.10304 0.125859 -0.17899 
5.359869003 0.537094942 -3.110711 0.128921 -0.18726 
5.369702816 0.538051371022 -3.089575 0.126113 -0.164078 
5.379631996 0.539017075364 -3.131549 0.124607 -0.183028 
5.389850855 0.540052155682 -3.125032 0.128957 -0.170499 
5.399797916 0.541074892812 -3.117729 0.133658 -0.167693 
5.409654855 0.542055103658 -3.110325 0.122122 -0.164076 
5.419961929 0.54308007761 -3.124861 0.137787 -0.162379 
5.429870844 0.544065457143 -3.138353 0.128107 -0.160707 
5.439730882 0.545038400233 -3.168025 0.133785 -0.169345 
5.449623823 0.54600731403 -3.174314 0.113081 -0.188286 
5.459875822 0.547018694481 -3.181674 0.133564 -0.17656 
5.469815016 0.548003132626 -3.210157 0.115027 -0.197032 
5.479653835 0.548977629022 -3.238602 0.113619 -0.185581 
5.489957809 0.550003123773 -3.239032 0.13718 -0.194848 
5.499907017 0.550996289803 -3.239437 0.129666 -0.193073 
5.509769916 0.551982645007 -3.246722 0.149871 -0.172165 
5.519660949 0.552971813798 -3.23901 0.106707 -0.168638 
5.529973984 0.554003185583 -3.275624 0.124544 -0.169387 
5.53981781 0.554983422773 -3.247105 0.126278 -0.156489 
5.549659014 0.555962200595 -3.240569 0.115629 -0.175398 
5.560009002 0.557002733995 -3.233191 0.103087 -0.18316 
5.569883823 0.557995496602 -3.26956 0.137777 -0.172298 
5.579717874 0.558984160408 -3.276126 0.125687 -0.169835 
5.589533806 0.559983400147 -3.283482 0.137265 -0.167585 
5.599975824 0.561048116507 -3.248347 0.119169 -0.173891 
5.609871864 0.562035439357 -3.26951 0.124148 -0.161226 
5.619704008 0.563016387336 -3.263268 0.120264 -0.169313 
5.630044937 0.564048096535 -3.270178 0.1155 -0.146727 
5.639897823 0.565126610641 -3.262996 0.112135 -0.153278 
5.64980793 0.566174830604 -3.277102 0.119354 -0.161726 
5.659693002 0.567135869484 -3.305857 0.117492 -0.150521 
5.669971943 0.568135200793 -3.284736 0.122579 -0.157821 
5.679842949 0.569094872158 -3.298619 0.121627 -0.156101 
5.689721823 0.570055404076 -3.32033 0.132475 -0.164432 
5.700028896 0.57107015994 -3.306157 0.11752 -0.141908 
5.709910869 0.572072902761 -3.32767 0.104797 -0.139141 
5.719790935 0.573075452075 -3.270463 0.107827 -0.145833 
5.729713917 0.574082356158 -3.300008 0.107297 -0.155077 
5.739982843 0.575093218397 -3.285545 0.131934 -0.133075 
5.74985981 0.576062182423 -3.299413 0.115864 -0.140522 
5.75970602 0.577061273746 -3.320958 0.11104 -0.139657 
5.770040989 0.578109959265 -3.33483 0.109245 -0.137141 
5.779914856 0.579111856933 -3.335295 0.11825 -0.146274 
5.789783001 0.580061427136 -3.29941 0.122678 -0.154243 
5.799702883 0.5810111847 -3.335573 0.125012 -0.164031 
5.809985876 0.582026676729 -3.335917 0.117945 -0.1316 
5.819862842 0.583002071756 -3.364611 0.123702 -0.141695 
5.829690933 0.583972640157 -3.35733 0.103377 -0.140331 
5.840022802 0.585049807807 -3.364752 0.123413 -0.159261 
5.849891901 0.586102296946 -3.401163 0.125741 -0.13864 
5.859762907 0.587074849244 -3.379704 0.122662 -0.136686 
5.869674921 0.588051441903 -3.380089 0.122485 -0.146115 
5.879959821 0.589064773587 -3.42223 0.11179 -0.13495 
5.889847994 0.590024463544 -3.408812 0.112724 -0.133008 
5.899729013 0.590989686335 -3.408786 0.11373 -0.121629 
5.910019874 0.592029110532 -3.415828 0.116858 -0.128609 
5.919862985 0.593023309923 -3.408257 0.104765 -0.135208 
5.929745912 0.594021530912 -3.429815 0.11578 -0.132281 
5.939608812 0.595086300141 -3.450903 0.118631 -0.149596 
5.949966907 0.596175629276 -3.457848 0.114425 -0.146289 
5.959819793 0.597163443033 -3.465113 0.110609 -0.144024 
5.969676018 0.598151591547 -3.443289 0.098518 -0.160601 
5.979995966 0.599186231206 -3.45033 0.118612 -0.147832 
5.989870786 0.600106240127 -3.478851 0.117481 -0.145562 
5.999755859 0.601048331202 -3.493052 0.11764 -0.151988 
6.009620905 0.602019977653 -3.542551 0.110581 -0.171118 
6.01994586 0.603036922316 -3.520568 0.106719 -0.166164 
6.029824018 0.604009860219 -3.521003 0.122941 -0.192807 
6.039652824 0.604977937253 -3.542141 0.126352 -0.200822 
6.050018787 0.60601520847 -3.562777 0.120922 -0.187528 
6.059896946 0.607049349491 -3.577019 0.120799 -0.183858 
6.069751024 0.608080969481 -3.58429 0.108921 -0.191865 
6.079635858 0.609115809306 -3.612477 0.106677 -0.210028 
6.089949846 0.610195577114 -3.626785 0.105267 -0.207639 
6.099829912 0.61119623169 -3.619482 0.109968 -0.204833 
6.109658956 0.612162197895 -3.640514 0.105204 -0.201764 
6.120005846 0.613179056307 -3.625939 0.105539 -0.217803 
6.129880905 0.614149544716 -3.66877 0.112021 -0.225939 
6.139799833 0.615124344427 -3.689609 0.122099 -0.234017 
6.149686813 0.616096446302 -3.690084 0.122924 -0.231151 
6.159967899 0.617109304513 -3.710995 0.10926 -0.238473 
6.169858932 0.618083736007 -3.68992 0.106004 -0.245948 
6.179715872 0.619054808773 -3.747289 0.095348 -0.24562 
6.190024853 0.620070415107 -3.739646 0.106997 -0.252974 
6.199898004 0.621053345315 -3.753954 0.105587 -0.250585 
6.209795952 0.622075411333 -3.789372 0.107991 -0.26 
6.219660997 0.623094079775 -3.768612 0.113186 -0.258245 
6.229982853 0.6241599187 -3.789888 0.108533 -0.247037 
6.239864826 0.625180335133 -3.80408 0.107127 -0.245564 
6.249716997 0.626149514356 -3.790231 0.116581 -0.234018 
6.260028839 0.62714286503 -3.811618 0.10302 -0.231371 
6.269900799 0.628093841405 -3.804676 0.090862 -0.23926 
6.279780864 0.629045598543 -3.819166 0.097904 -0.257136 
6.289657831 0.629997057247 -3.867762 0.099144 -0.25436 
6.299978971 0.630995341602 -3.86811 0.09913 -0.251613 
6.309865951 0.631995067566 -3.86063 0.102432 -0.258228 
6.31970191 0.632989634521 -3.889105 0.109645 -0.255782 
6.330015898 0.634032537571 -3.896989 0.10492 -0.25401 
6.339865923 0.635028526815 -3.882436 0.097196 -0.251743 
6.349761963 0.636026149453 -3.882455 0.104973 -0.259953 
6.359615803 0.63700778917 -3.897449 0.095997 -0.259825 
6.369934797 0.638035767537 -3.904009 0.091969 -0.247089 
6.379812956 0.639019829914 -3.918166 0.082783 -0.265985 
6.389700889 0.640004865977 -3.953964 0.093072 -0.274555 
6.400041818 0.641037771328 -3.95387 0.100735 -0.261409 
6.409922838 0.642032913054 -3.975221 0.111475 -0.278795 
6.419780969 0.643025749572 -4.003454 0.086494 -0.284824 
6.429631948 0.644017865796 -4.010277 0.105471 -0.291573 
6.439979791 0.645060022409 -4.038357 0.095051 -0.298652 
6.449854851 0.646054563889 -4.038173 0.08732 -0.285491 
6.459699869 0.64704126921 -4.038618 0.094639 -0.293032 
6.470027923 0.648073176875 -4.059655 0.081813 -0.300235 
6.47992301 0.649061825474 -4.081367 0.092661 -0.308567 
6.489781856 0.650046853123 -4.095016 0.09244 -0.315782 
6.499630928 0.651035930927 -4.101905 0.095735 -0.311502 
6.509955883 0.652082740094 -4.137408 0.090235 -0.318099 
6.519851923 0.653086063148 -4.13735 0.098458 -0.324231 
6.529716968 0.654086243733 -4.144681 0.094076 -0.330352 
6.54003787 0.655132641981 -4.194027 0.087184 -0.338222 
6.549899816 0.656122881175 -4.187154 0.100331 -0.325271 
6.559780836 0.657087228153 -4.194132 0.087059 -0.343614 
6.570091963 0.658093551808 -4.222466 0.09456 -0.323602 
6.579958915 0.659056525807 -4.237408 0.085022 -0.332775 
6.589809894 0.660017940906 -4.237352 0.092523 -0.331803 
6.599701881 0.660993514238 -4.223382 0.093077 -0.330649 
6.610077858 0.662077907004 -4.23083 0.087968 -0.328751 
6.619915962 0.663106086695 -4.237766 0.091943 -0.337442 
6.629781008 0.664137082092 -4.231178 0.087954 -0.326004 
6.639628887 0.665166283367 -4.259745 0.07848 -0.32391 
6.649966001 0.666212968721 -4.267112 0.090901 -0.322456 
6.659849882 0.667175237058 -4.27456 0.085792 -0.320557 
6.669708013 0.668134998444 -4.274918 0.086621 -0.318606 
6.680053949 0.669142251227 -4.28911 0.085215 -0.317133 
6.689890861 0.670099946787 -4.296356 0.088736 -0.326071 
6.69974184 0.671076313116 -4.296897 0.088273 -0.324487 
6.709627867 0.67210846078 -4.304234 0.092074 -0.314027 
6.71994996 0.673186135782 -4.290431 0.093184 -0.302657 
6.729822874 0.674216914387 -4.319511 0.083649 -0.302767 
6.739704847 0.675248638794 -4.298199 0.088464 -0.3018 
6.750010967 0.676282632121 -4.305901 0.08431 -0.292559 
6.75987792 0.677215450283 -4.292508 0.101205 -0.282246 
6.769774914 0.678151108509 -4.292727 0.085356 -0.282478 
6.779626846 0.679082506591 -4.314966 0.096145 -0.264435 
6.78994894 0.680058353618 -4.30116 0.087629 -0.255438 
6.799808979 0.68100607621 -4.280776 0.085712 -0.255697 
6.809701919 0.681991437824 -4.295886 0.092976 -0.227801 
6.820011854 0.683018333186 -4.246985 0.092071 -0.208059 
6.829854011 0.683998636686 -4.254724 0.087754 -0.210992 
6.839766979 0.68498599314 -4.234767 0.084657 -0.203479 
6.849642992 0.685971880982 -4.192894 0.087285 -0.165927 
6.85993886 0.687007042469 -4.180431 0.096725 -0.149736 
6.869824886 0.688000997848 -4.138244 0.090903 -0.121414 
6.879690885 0.688992939683 -4.139431 0.0994 -0.105335 
6.890011787 0.690030618124 -4.132957 0.094804 -0.108149 
6.899873018 0.691021116108 -4.083661 0.093233 -0.078183 
6.909770012 0.692002859916 -4.091865 0.088176 -0.07035 
6.919625997 0.692980535787 -4.106626 0.096175 -0.052304 
6.929935932 0.694003241757 -4.093271 0.09594 -0.073915 
6.939801931 0.694981910979 -4.107438 0.094817 -0.05396 
6.949692964 0.695963063478 -4.086445 0.100022 -0.054036 
6.959994793 0.696990424979 -4.087499 0.116464 -0.034907 
6.969909906 0.698033653062 -4.073819 0.108787 -0.02579 
6.979789972 0.699073193642 -4.074468 0.101384 -0.015877 
6.990078926 0.700155755763 -4.060858 0.102045 -0.005669 
6.999948978 0.701161925223 -4.054114 0.098342 -0.005243 
7.009821892 0.702115560119 -4.061497 0.0938 0.005041 
7.019707918 0.703070461516 -4.061775 0.085447 0.006696 
7.02993679 0.704058478761 -4.076631 0.101501 0.007351 
7.039806843 0.70501183731 -4.055318 0.106316 0.008318 
7.04975295 0.705979315083 -4.062828 0.102611 0.018721 
7.05960989 0.706972339649 -4.07768 0.109039 0.017003 
7.069919824 0.708011000503 -4.057057 0.10617 0.03798 
7.079798937 0.709006258858 -4.050196 0.102472 0.03749 
7.089610815 0.710001110416 -4.057732 0.097761 0.036515 
7.099982977 0.7111213496 -4.008531 0.08913 0.068503 
7.109874964 0.712006416245 -4.029939 0.091648 0.057249 
7.119747877 0.712991301505 -4.016173 0.092596 0.056445 
7.12963891 0.713978408669 -4.002274 0.100766 0.065793 
7.139966011 0.715009034629 -4.024433 0.112119 0.063642 
7.149806022 0.716014401638 -3.982174 0.09868 0.08377 
7.159669876 0.71707990421 -4.011696 0.097712 0.100112 
7.169631004 0.718066407836 -3.97676 0.104315 0.128973 
7.179913997 0.71908478747 -3.892517 0.084317 0.129199 
7.189759016 0.720059792203 -3.94326 0.095221 0.144927 
7.19962883 0.721084130798 -3.914788 0.08789 0.164753 
7.209946871 0.72219119716 -3.879629 0.084471 0.16462 
7.219832897 0.723153150643 -3.92315 0.092292 0.163699 
7.229709863 0.724114222549 -3.894773 0.093015 0.166134 
7.239617824 0.725078310403 -3.90893 0.100795 0.166987 
7.24985981 0.726067826562 -3.915932 0.103483 0.157014 
7.25977683 0.727007165212 -3.959432 0.109618 0.157685 
7.269634008 0.727991435743 -3.923501 0.107274 0.169305 
7.27997899 0.729024415053 -3.945361 0.093934 0.15965 
7.289852857 0.730010352033 -3.95253 0.097178 0.159893 
7.299707889 0.731074729361 -3.910338 0.083173 0.171635 
7.309587955 0.732152756096 -3.931111 0.093817 0.171943 
7.319919824 0.733137986439 -3.974815 0.100346 0.170657 
7.329771995 0.734077473556 -3.960525 0.100511 0.172853 
7.339627981 0.735017324465 -3.989249 0.099774 0.173165 
7.349977016 0.736068882379 -3.968053 0.104584 0.175047 
7.359852791 0.737121549971 -3.99733 0.104226 0.176147 
7.369711876 0.73807557573 -3.961951 0.102262 0.188555 
7.380013942 0.739070658312 -3.976859 0.101911 0.178762 
7.38991785 0.74002728258 -3.984216 0.081408 0.180675 
7.399792909 0.741005383934 -3.956139 0.075465 0.183173 
7.409623861 0.742039702955 -3.935653 0.089392 0.184061 
7.41997981 0.743076632961 -3.949708 0.080935 0.185725 
7.429853916 0.744065316547 -3.928638 0.086584 0.187727 
7.439711809 0.745052376742 -3.992579 0.087135 0.187686 
7.449585914 0.746035733743 -3.928896 0.08629 0.171076 
7.459919929 0.747045535429 -3.985646 0.076542 0.171898 
7.469800949 0.748012699687 -3.985848 0.083027 0.163321 
7.479674816 0.748982753231 -4.000019 0.074565 0.165901 
7.489997864 0.749996936356 -4.020545 0.061078 0.168006 
7.499869823 0.750970468888 -4.027475 0.073115 0.169587 
7.509749889 0.75195472519 -4.063253 0.090741 0.149814 
7.519608021 0.752930585185 -4.062223 0.081236 0.151851 
7.529946804 0.753950798936 -4.090628 0.080109 0.153206 
7.539819002 0.754924970862 -4.076677 0.088441 0.14615 
7.549657821 0.755879682269 -4.083654 0.092134 0.147555 
7.559997797 0.756813581909 -4.0123 0.078482 0.159112 
7.56989789 0.757560667096 -3.963415 0.070359 0.167786 
7.579723835 0.758263705754 -3.921862 0.088491 0.184883 
7.589641809 0.758973329016 -3.858282 0.072932 0.213391 
7.599946975 0.75965067416 -3.823813 0.070852 0.220473 
