0.0 0.000839595510133 -0.00221 -0.029979 -0.006865 
0.009882927 0.0018284398729 0.011926 -0.045097 0.003485 
0.019745826 0.0028152803177 -0.00257 -0.029872 0.002189 
0.029695987 0.00381085183345 0.018427 -0.033572 -0.007363 
0.039914846 0.00483330814786 0.011257 -0.045444 0.012293 
0.049821853 0.00582601361498 -0.003296 -0.022604 -0.009387 
0.059689998 0.00682853747199 0.02551 -0.045442 0.002315 
0.069969892 0.00787289170297 0.003625 -0.042821 0.00103 
0.079881906 0.00887987229619 0.003483 -0.043832 -0.009433 
0.089766979 0.00988411590133 -0.00396 -0.031855 -0.010056 
0.099639892 0.0108790447306 -0.004143 -0.033147 -0.010423 
0.109925031 0.0118799910593 0.003549 -0.028151 -0.02046 
0.119782924 0.0128393579485 0.002804 -0.02822 -0.020834 
0.129683017 0.0138028317278 0.024419 -0.040758 -0.009995 
0.140019893 0.0148088130843 0.003118 -0.046416 -0.010165 
0.149885893 0.0157716036926 0.002707 -0.030633 -0.011223 
0.159746885 0.0168057073754 0.017057 -0.037963 -0.010914 
0.16961503 0.0178405611799 0.017057 -0.037963 -0.010914 
0.179942846 0.0189236198175 0.009734 -0.034887 -0.021929 
0.189815998 0.0199589986967 0.009861 -0.035725 -0.022049 
0.199666977 0.020973306944 -0.011588 -0.033489 -0.023206 
0.210006952 0.0219829261526 0.02408 -0.027943 -0.011658 
0.219884872 0.0229474292363 -0.011542 -0.034891 -0.003132 
0.229759931 0.0239116529653 0.002798 -0.026264 -0.023031 
0.240095854 0.0249208765271 0.016884 -0.025705 -0.022793 
0.249943971 0.0258901489192 0.003097 -0.019597 -0.023095 
0.259831905 0.0269187462075 0.010373 -0.031017 -0.012255 
0.269697904 0.0279450616963 0.017446 -0.026928 -0.022785 
0.28002882 0.029019740409 -0.025192 -0.030464 -0.002757 
0.289886951 0.0300452374252 -0.010731 -0.030737 -0.033049 
0.299747944 0.0310416363871 -0.018088 -0.01988 -0.023695 
0.309655904 0.0319779411357 0.018004 -0.030842 -0.032565 
0.319958925 0.0329515792496 0.003964 -0.023057 -0.032627 
0.329798937 0.0338814628949 -0.017648 -0.029169 -0.033045 
0.339679956 0.0348152217121 0.004056 -0.016116 -0.012377 
0.350028991 0.0358020065364 -0.017348 -0.022503 -0.033108 
0.359895944 0.0367879832974 -0.001934 -0.030153 -0.031382 
0.369750976 0.0377727688265 -0.044491 -0.033125 -0.031548 
0.379634857 0.0387604371547 -0.030186 -0.016718 -0.031078 
0.389977932 0.0397939914432 -0.029177 -0.019168 -0.030147 
0.399761915 0.0407718031969 -0.022048 -0.007579 -0.039706 
0.409746885 0.0417771084595 -0.021581 -0.015862 -0.037677 
0.420034885 0.0428129233435 -0.042395 -0.005499 -0.027273 
0.429905891 0.0438067544997 -0.035398 -0.010878 -0.027086 
0.43974185 0.0447970570591 -0.0277 0.00218 -0.026851 
0.449651003 0.0457946745379 -0.0704 -0.001803 -0.03748 
0.459949016 0.0468195729212 -0.041912 0.00783 -0.026484 
0.46983695 0.0478036586444 -0.062845 0.010246 -0.047708 
0.479703903 0.0487856562568 -0.041578 0.006717 -0.046917 
0.490036964 0.0498140427536 -0.034236 0.010978 -0.047104 
0.499907016 0.0507969637869 -0.048672 0.009684 -0.037492 
0.509790897 0.0518176495551 -0.062622 0.002074 -0.03754 
0.519670963 0.0528379413569 -0.048369 0.002076 -0.047518 
0.52995491 0.0538999410252 -0.041168 0.022293 -0.038419 
0.539813995 0.0549180661672 -0.041249 0.004763 -0.037975 
0.549700975 0.0559277975918 -0.027599 0.005706 -0.037864 
0.560029983 0.056923322071 -0.054799 -0.012417 -0.037275 
0.569899797 0.0578745887795 -0.054768 -0.005922 -0.047682 
0.579774856 0.0588263610086 -0.040682 -0.005364 -0.047444 
0.590097904 0.0598213110546 -0.046929 -0.018565 -0.036834 
0.599960804 0.0607719113819 -0.053983 -0.015316 -0.037506 
0.609869003 0.061775965547 -0.060453 -0.020346 -0.037065 
0.619683981 0.0627709884813 -0.060234 -0.004498 -0.036833 
0.630025863 0.0638194278943 -0.038578 -0.016754 -0.036091 
0.639856815 0.0648376867509 -0.087576 -0.023631 -0.046708 
0.649785995 0.0659095054849 -0.073358 -0.01585 -0.036317 
0.660061836 0.0668411456423 -0.072779 -0.015223 -0.025726 
0.669922828 0.0678077514093 -0.086435 -0.024228 -0.03611 
0.679808855 0.0687925332591 -0.05805 -0.015324 -0.045674 
0.689726829 0.0697804974618 -0.093169 -0.021368 -0.03574 
0.700011015 0.0708049413271 -0.078783 -0.014143 -0.035565 
0.709877014 0.0718928749446 -0.092768 -0.013973 -0.015243 
0.719725847 0.0728733979261 -0.078205 -0.013517 -0.024974 
0.730062008 0.0738945242269 -0.078114 -0.023541 -0.024474 
0.73990798 0.0748672239523 -0.084629 -0.010203 -0.024357 
0.749836921 0.0758552368752 -0.077759 -0.014744 -0.024051 
0.759660959 0.0769672293937 -0.10588 -0.016422 -0.033829 
0.770002842 0.0779700199948 -0.098654 -0.012166 -0.033101 
0.779872894 0.0789270599631 -0.098867 -0.019953 -0.02306 
0.789747953 0.0798845854302 -0.091808 -0.01514 -0.012115 
0.800037861 0.080882219487 -0.084857 -0.019117 -0.032003 
0.809948921 0.0818416835021 -0.091327 -0.024147 -0.031561 
0.819819927 0.0828146618477 -0.11314 -0.012177 -0.021291 
0.829668998 0.0837886663107 -0.105484 -0.016367 -0.030708 
0.8399508 0.084805464853 -0.126952 -0.021468 -0.020663 
0.849848032 0.0858223115628 -0.091519 -0.023874 -0.039827 
0.859694004 0.0869775573779 -0.098445 -0.035857 -0.02831 
0.870018005 0.0879648971679 -0.133787 -0.033731 -0.028543 
0.879911899 0.0889061276349 -0.091032 -0.039213 -0.036692 
0.889746904 0.0898417558465 -0.133493 -0.049519 -0.02657 
0.899633884 0.0907852063164 -0.134025 -0.041801 -0.036984 
0.90997982 0.0919328920767 -0.141322 -0.037719 -0.036622 
0.919852018 0.0929043919948 -0.141174 -0.045613 -0.035635 
0.929706812 0.0938572490613 -0.134425 -0.041254 -0.024937 
0.939975023 0.0948500792933 -0.147882 -0.041748 -0.023886 
0.949878931 0.0958076851777 -0.133745 -0.04175 -0.032949 
0.959748029 0.096823717081 -0.14816 -0.0501 -0.02223 
0.96963191 0.0978233472195 -0.169725 -0.047869 -0.022472 
0.979921817 0.0988572537325 -0.141715 -0.0551 -0.021256 
0.989846945 0.0998545080791 -0.176915 -0.051962 -0.011026 
0.999686002 0.100843032001 -0.162529 -0.044737 -0.010851 
1.010021925 0.101854148003 -0.155785 -0.04844 -0.010425 
1.019902944 0.10282157953 -0.184404 -0.04296 -0.011339 
1.029779911 0.103794922285 -0.156064 -0.042399 -0.021079 
1.040020942 0.104804142355 -0.205538 -0.032208 -0.001977 
1.049944877 0.105782188719 -0.177198 -0.031647 -0.011717 
1.059841871 0.106760205297 -0.16259 -0.037963 -0.00186 
1.069684982 0.107740071541 -0.198455 -0.029684 -0.004608 
1.079993009 0.10877323812 -0.147932 -0.030447 -0.013613 
1.089871883 0.109763390984 -0.169507 -0.027372 -0.014651 
1.09977293 0.110755766234 -0.190768 -0.015782 -0.005169 
1.109673023 0.111746378352 -0.168843 -0.018121 -0.013982 
1.119958877 0.11277694297 -0.2045 -0.02451 -0.024734 
1.129832029 0.113766806497 -0.176099 -0.013757 -0.023716 
1.139668941 0.114753036669 -0.21856 -0.024062 -0.013594 
1.150026798 0.115791495802 -0.211866 -0.012088 -0.02328 
1.159919023 0.116840835265 -0.212282 -0.01876 -0.022301 
1.169759988 0.117829128658 -0.226089 -0.019989 -0.0114 
1.179653883 0.118811448793 -0.204776 -0.015174 -0.010433 
1.189910888 0.119829820479 -0.218979 -0.032704 -0.029505 
1.199834823 0.120821529978 -0.241015 -0.022308 -0.009505 
1.209704876 0.121956746079 -0.227051 -0.029816 -0.018623 
1.220021963 0.122963368466 -0.255654 -0.032232 0.010944 
1.229900837 0.123927235081 -0.227679 -0.02266 0.019735 
1.239725828 0.124885844414 -0.213533 -0.029597 0.018086 
1.25007081 0.125893995143 -0.206846 -0.00944 0.02498 
1.259939909 0.126850530961 -0.170932 -0.009979 0.012736 
1.269835949 0.127841645487 -0.213481 -0.010141 8.6e-05 
1.279688835 0.128839028666 -0.177682 0.00443 -0.030656 
1.28996396 0.129879154051 -0.162998 -0.016556 0.000692 
1.299896955 0.130878401527 -0.19907 0.001743 -0.001642 
1.309778928 0.131832333655 -0.15634 0.012221 -0.00142 
1.320062875 0.132862060589 -0.192778 0.008173 0.007338 
1.329905033 0.133860620424 -0.14261 -0.001388 -0.00209 
1.33978486 0.134863002058 -0.142625 0.00836 0.006591 
1.34967494 0.135856626037 -0.186237 0.030853 0.012759 
1.360015869 0.136864904355 -0.144117 0.002129 0.012461 
1.369868993 0.13783066382 -0.158974 0.017461 0.02022 
1.379757881 0.138801522969 -0.137865 0.022669 0.019228 
1.390013933 0.139808429096 -0.131325 0.01936 0.017695 
1.399955988 0.14078450801 -0.160263 0.02523 0.015739 
1.409796953 0.141856284454 -0.125276 0.024051 -0.004349 
1.419674873 0.14285892337 -0.14673 0.035191 0.00397 
1.429987907 0.143876161272 -0.104877 0.028631 0.013564 
1.439827919 0.144846742108 -0.127108 0.016241 0.012167 
1.44974494 0.145822713821 -0.142086 0.023507 0.010569 
1.46006298 0.146814019166 -0.113924 0.025467 0.010249 
1.4699018 0.147798123108 -0.128634 0.032905 0.018994 
1.479794979 0.14879691214 -0.108306 0.028858 0.018249 
1.489686012 0.149795484518 -0.08705 0.026172 0.018244 
1.500007868 0.150842736681 -0.122941 0.019052 0.016426 
1.509871006 0.15192820423 -0.102081 0.017033 0.006197 
1.519711017 0.15292623944 -0.130441 0.023528 0.014831 
1.530025005 0.153971786464 -0.102446 0.009078 0.004979 
1.53985691 0.15496846389 -0.1099 0.012152 0.023458 
1.549794912 0.155937126636 -0.110423 0.003912 0.033252 
1.559610843 0.156815597489 -0.082519 0.004857 0.023385 
1.569974899 0.157826326772 -0.118485 0.01498 0.032135 
1.579857826 0.158803580369 -0.118627 0.01397 0.021672 
1.589689016 0.159775718056 -0.089795 0.016276 0.012545 
1.600018024 0.160797081487 -0.118809 0.022423 0.001407 
1.609900951 0.161774335084 -0.103861 0.008662 0.013413 
1.619781017 0.16279210681 -0.138636 -0.004708 0.003225 
1.629669904 0.163827662274 -0.096143 0.014665 0.014754 
1.639940023 0.164903140015 -0.124295 0.006492 0.015384 
1.649842024 0.165940068766 -0.117606 0.02737 0.015174 
1.659693956 0.166971754336 -0.102664 0.005548 0.016907 
1.670013904 0.167986298339 -0.108997 -0.006533 0.017539 
1.679863929 0.168954454472 -0.116247 0.005893 0.018078 
1.689726829 0.169923876085 -0.116232 -0.009225 0.008911 
1.699610948 0.170895383307 -0.152158 0.001181 0.007564 
1.709939003 0.171910524872 -0.101998 0.000406 0.029885 
1.719813823 0.172881959965 -0.095001 0.004772 0.010173 
1.729667902 0.173851607412 -0.116906 5.5e-05 0.020092 
1.739943981 0.17486277992 -0.109275 -0.019534 0.011605 
1.749867916 0.175839301241 -0.138329 -0.013669 0.010564 
1.759716034 0.176808362123 -0.088129 -0.014162 0.022788 
1.769649982 0.177817801277 -0.123913 -0.019713 0.012155 
1.779896021 0.178872958188 -0.12408 -0.019156 0.022372 
1.789783001 0.179891138509 -0.1309 -0.015176 0.012765 
1.799644947 0.18090674078 -0.131163 -0.007287 0.012694 
1.809985876 0.181971566634 -0.109405 -0.009069 0.014098 
1.819866895 0.182926352309 -0.130367 -0.007778 0.003767 
1.829720974 0.183878534819 -0.12336 -0.01937 0.004263 
1.839551925 0.184828482511 -0.115911 -0.023285 0.015159 
1.849908828 0.185829252029 -0.1582 -0.026086 0.025338 
1.859735965 0.18677883118 -0.11545 -0.03963 0.006916 
1.869632005 0.18775590149 -0.150797 -0.028598 0.01616 
1.879936933 0.188796738981 -0.129661 -0.017014 0.027032 
1.889842987 0.189797288658 -0.115296 -0.017126 0.03841 
1.899711847 0.190794081597 -0.136248 -0.022048 0.028389 
1.910079002 0.191841204254 -0.114459 -0.017336 0.019386 
1.919909 0.192823716934 -0.164364 -0.015665 0.028885 
1.929816007 0.193808876138 -0.121481 -0.021986 0.020616 
1.939652919 0.19478706505 -0.113769 -0.03379 0.031583 
1.949959993 0.195812007177 -0.13577 -0.031174 0.031215 
1.959820032 0.196792495853 -0.113881 -0.042699 0.023022 
1.969671964 0.19778017799 -0.149233 -0.03973 0.021993 
1.979600906 0.198779446262 -0.127835 -0.036035 0.032937 
1.989854812 0.19981141955 -0.141875 -0.02825 0.032874 
1.999753952 0.200807688489 -0.149131 -0.033631 0.043039 
2.00959897 0.201798510483 -0.113185 -0.051092 0.045492 
2.019956827 0.202839678087 -0.198645 -0.030943 0.03259 
2.029829025 0.203826275695 -0.134329 -0.024382 0.034645 
2.039681911 0.20481094332 -0.147913 -0.033783 0.055714 
2.049991846 0.20584128704 -0.126987 -0.061226 0.046917 
2.059849024 0.206826383595 -0.169276 -0.054281 0.037196 
2.069756031 0.207828954769 -0.169969 -0.037946 0.047271 
2.079631805 0.208832768999 -0.133871 -0.040846 0.048673 
2.089931011 0.209879622597 -0.154717 -0.053944 0.049736 
2.099803924 0.210883146023 -0.161248 -0.042454 0.03927 
2.109655857 0.211884536956 -0.147399 -0.033 0.050816 
2.119975805 0.212899513376 -0.154219 -0.038766 0.061107 
2.129846811 0.213861932726 -0.140118 -0.053325 0.052179 
2.139710903 0.214823677965 -0.181737 -0.055779 0.05355 
2.150059938 0.215832704963 -0.146648 -0.050859 0.054508 
2.159910917 0.216793171689 -0.153245 -0.05505 0.055069 
2.169802904 0.217803722784 -0.15324 -0.063955 0.045592 
2.179634809 0.218833283643 -0.160313 -0.068044 0.056123 
2.189965963 0.219915124017 -0.166691 -0.056387 0.056916 
2.199862003 0.220951400857 -0.181041 -0.049056 0.056607 
2.209728002 0.221984531914 -0.165793 -0.05615 0.068549 
2.220063924 0.223004175009 -0.172801 -0.061524 0.048303 
2.229975938 0.223969159065 -0.151094 -0.057375 0.059494 
2.239868879 0.22493228627 -0.186603 -0.054692 0.069477 
2.249660015 0.225885502249 -0.164445 -0.051651 0.059319 
2.260069847 0.226898951373 -0.15733 -0.061674 0.051 
2.269863844 0.227901955799 -0.192054 -0.068384 0.071159 
2.279744863 0.228930772158 -0.19258 -0.052605 0.071017 
2.290087938 0.230007698006 -0.184918 -0.048733 0.071873 
2.29995203 0.231034751918 -0.170518 -0.056625 0.062881 
2.309789896 0.232059075167 -0.163023 -0.052196 0.073953 
2.319648027 0.232995751999 -0.191505 -0.053768 0.07323 
2.329937935 0.233969066286 -0.177119 -0.046542 0.073404 
2.339847803 0.234906432889 -0.184295 -0.05136 0.063375 
2.34968996 0.235837394762 -0.191773 -0.04857 0.063372 
2.360024929 0.236814971334 -0.162977 -0.055449 0.054865 
2.369866848 0.237786799487 -0.198573 -0.061391 0.07477 
2.379741907 0.2387753643 -0.198132 -0.07068 0.06542 
2.389562845 0.23975851121 -0.205622 -0.067047 0.064621 
2.399960994 0.240799441114 -0.213181 -0.055075 0.064913 
2.409848928 0.241789294808 -0.198659 -0.054901 0.065278 
2.419682026 0.242773372403 -0.2056 -0.051767 0.085962 
2.429992914 0.24380514035 -0.198526 -0.047678 0.075431 
2.439855814 0.24479207999 -0.205473 -0.052605 0.085842 
2.4497509 0.24578224035 -0.212212 -0.057807 0.07594 
2.459641933 0.246771995142 -0.183893 -0.064584 0.077403 
2.469955921 0.247800945931 -0.205027 -0.053832 0.086765 
2.479820013 0.248783799696 -0.184029 -0.057533 0.077213 
2.489642858 0.249762543628 -0.18376 -0.057361 0.087556 
2.500010967 0.250795617423 -0.219681 -0.05586 0.076733 
2.509832859 0.251774266399 -0.205452 -0.054291 0.087434 
2.519717931 0.252780236334 -0.233761 -0.048357 0.086767 
2.530019998 0.253847512696 -0.219407 -0.064592 0.0776 
2.539891958 0.254870230716 -0.205326 -0.055129 0.087315 
2.549751997 0.25589171374 -0.219554 -0.056698 0.076613 
2.55961895 0.256913913043 -0.219549 -0.065603 0.067137 
2.569919824 0.257925783656 -0.19845 -0.068575 0.078144 
2.579788923 0.258878517134 -0.212531 -0.061071 0.088178 
2.589639902 0.259829501362 -0.205351 -0.065158 0.088731 
2.600041866 0.260833676044 -0.184495 -0.052903 0.088464 
2.609915018 0.261786800787 -0.177046 -0.056818 0.09936 
2.61976695 0.26276138618 -0.205112 -0.041972 0.07776 
2.62963295 0.263756237446 -0.212059 -0.046899 0.088171 
2.640007972 0.264802416624 -0.204763 -0.050982 0.087808 
2.649883985 0.265798277565 -0.190499 -0.051823 0.078626 
2.659722805 0.266878825115 -0.204631 -0.060725 0.078212 
2.670055866 0.267866406934 -0.197719 -0.048018 0.08817 
2.679929018 0.2687949323 -0.197725 -0.056079 0.077897 
2.689801931 0.269780133525 -0.197289 -0.056464 0.078025 
2.699638843 0.270761742272 -0.226222 -0.042533 0.086341 
2.709985971 0.271794264607 -0.225811 -0.058316 0.087398 
2.719856023 0.272831030277 -0.225689 -0.05025 0.096755 
2.729700803 0.273857096868 -0.218662 -0.054505 0.086049 
2.740022897 0.27488592008 -0.204266 -0.053492 0.086534 
2.749881983 0.275868594384 -0.203825 -0.045815 0.096933 
2.759747982 0.276851957719 -0.18986 -0.053322 0.087815 
2.77007389 0.277953350824 -0.211269 -0.050805 0.076561 
2.77993083 0.278955967803 -0.19665 -0.057963 0.087213 
2.789786815 0.279913944997 -0.196604 -0.04962 0.087389 
2.799667835 0.280874355531 -0.20414 -0.05433 0.086414 
2.809976816 0.281876362808 -0.217917 -0.054435 0.086423 
2.819880962 0.282830731661 -0.196442 -0.041272 0.086649 
2.829754829 0.283791921776 -0.203825 -0.045815 0.096933 
2.840022802 0.284815304223 -0.232038 -0.047214 0.106554 
2.849905967 0.285800333847 -0.196919 -0.041169 0.096619 
2.859751939 0.28678165654 -0.210777 -0.058804 0.097072 
2.869673013 0.287903717478 -0.210306 -0.050002 0.096579 
2.879999876 0.288977794237 -0.217212 -0.054647 0.096893 
2.889889002 0.289914528374 -0.203414 -0.061598 0.097991 
2.899725914 0.29084631661 -0.217911 -0.046373 0.096695 
2.910037994 0.291823114495 -0.224675 -0.050008 0.107473 
2.919883012 0.292856433876 -0.217556 -0.037576 0.097117 
2.92979598 0.293892363531 -0.224979 -0.042401 0.117499 
2.939637899 0.294845696821 -0.232017 -0.054269 0.10766 
2.949954986 0.295845057057 -0.245871 -0.039704 0.086178 
2.959847927 0.296803332572 -0.232073 -0.046655 0.087276 
2.969657898 0.297792944845 -0.232286 -0.054442 0.097316 
2.980041027 0.298860851096 -0.217804 -0.054549 0.107779 
2.989915847 0.299851750332 -0.203293 -0.053532 0.107348 
2.999775886 0.300841166353 -0.20344 -0.045638 0.106361 
3.009629965 0.301829984311 -0.210042 -0.040925 0.116399 
3.019964933 0.302848596486 -0.217399 -0.047035 0.106004 
3.029819965 0.303808395634 -0.231912 -0.063167 0.125847 
3.039670944 0.304777229042 -0.238184 -0.050663 0.124928 
3.049986839 0.305795391612 -0.202933 -0.037395 0.125147 
3.059897899 0.306773597606 -0.217025 -0.046015 0.114636 
3.069766998 0.307749358524 -0.20985 -0.041197 0.124665 
3.07967782 0.308731773399 -0.209607 -0.042031 0.12363 
3.089963913 0.30976431663 -0.188513 -0.053065 0.124365 
3.099831819 0.310754881225 -0.188822 -0.053519 0.124118 
3.109668016 0.311742262793 -0.187819 -0.052434 0.134039 
3.119974851 0.3127851461 -0.223699 -0.050651 0.113119 
3.129851818 0.313784332183 -0.21625 -0.054566 0.124015 
3.139741897 0.314769739006 -0.201808 -0.04521 0.124676 
3.149600982 0.315752057714 -0.208907 -0.03519 0.104415 
3.159953832 0.316783573137 -0.21562 -0.039386 0.105892 
3.169817924 0.317797441782 -0.208278 -0.035125 0.105705 
3.179648876 0.318809209144 -0.229093 -0.041728 0.09636 
3.189983844 0.31984123289 -0.228606 -0.042674 0.087186 
3.199858904 0.320827331388 -0.249857 -0.048893 0.077715 
3.209766864 0.321816715196 -0.256362 -0.036397 0.078627 
3.22002697 0.322938786385 -0.255869 -0.029281 0.079726 
3.22991085 0.323965383241 -0.254794 -0.030444 0.081938 
3.239801883 0.324931664085 -0.303599 -0.036872 0.072484 
3.249644994 0.325893263304 -0.267368 -0.017433 0.064627 
3.25997591 0.326902517468 -0.301975 -0.040384 0.057017 
3.269860029 0.327850977255 -0.322429 -0.030128 0.058368 
3.279709816 0.328812124448 -0.321892 -0.031635 0.039893 
3.29002285 0.329861039211 -0.327419 -0.04505 0.032394 
3.299912929 0.330866936203 -0.340956 -0.030992 0.034226 
3.309782028 0.331870699368 -0.35382 -0.040607 0.037187 
3.319623947 0.332832567861 -0.367626 -0.026721 0.028675 
3.329953909 0.333843772742 -0.4088 -0.047368 0.011219 
3.339856863 0.334851816878 -0.400498 -0.044274 0.01416 
3.349737882 0.335857628201 -0.420688 -0.026792 -0.003831 
3.360008955 0.336903144005 -0.41903 -0.053199 -0.020254 
3.369894981 0.337852916534 -0.425068 -0.043617 -0.016827 
3.379782915 0.338805629368 -0.452652 -0.046802 -0.045079 
3.389670849 0.33978239381 -0.522514 -0.051779 -0.023195 
3.399964809 0.34079926691 -0.486319 -0.031782 -0.050331 
3.409840822 0.341774853754 -0.52665 -0.042726 -0.037376 
3.419701814 0.342810064927 -0.540041 -0.053528 -0.054306 
3.429996967 0.343893430502 -0.567442 -0.050051 -0.081706 
3.43986988 0.3448594842 -0.588012 -0.0398 -0.07944 
3.449748993 0.345826144561 -0.608188 -0.047181 -0.086699 
3.460054874 0.346834563702 -0.599861 -0.060047 -0.092129 
3.469920873 0.347797250172 -0.620395 -0.03524 -0.089998 
3.479823827 0.348773793555 -0.654576 -0.042617 -0.117689 
3.489670992 0.349764934253 -0.674736 -0.048149 -0.114365 
3.499985933 0.350803157723 -0.695712 -0.047985 -0.142383 
3.509856939 0.351796698074 -0.736463 -0.051327 -0.118486 
3.519723892 0.352874350507 -0.728603 -0.040794 -0.145358 
3.530054807 0.353957856754 -0.7489 -0.056242 -0.161974 
3.539907932 0.354952952539 -0.784083 -0.030771 -0.160089 
3.549806833 0.355952671375 -0.81909 -0.03878 -0.16796 
3.559665918 0.356948369078 -0.804643 -0.047352 -0.163981 
3.569984913 0.357892689434 -0.85408 -0.038849 -0.171866 
3.5798738 0.358829180162 -0.881673 -0.050215 -0.188119 
3.589749813 0.359799320762 -0.916724 -0.04888 -0.183521 
3.600041866 0.360810329808 -0.951761 -0.048268 -0.200398 
3.609920978 0.36178077483 -0.958381 -0.044801 -0.185775 
3.619797945 0.362751009144 -0.986076 -0.039929 -0.202839 
3.629652023 0.363739124592 -1.006819 -0.046928 -0.18073 
3.639958858 0.364823348944 -0.956258 -0.027043 -0.196488 
3.649866819 0.365865613867 -1.027013 -0.041162 -0.195714 
3.659698963 0.366899903244 -1.033402 -0.054652 -0.202671 
3.670018911 0.367985507013 -1.075364 -0.034664 -0.20059 
3.679905891 0.368981431251 -1.046141 -0.034993 -0.216384 
3.68978095 0.369952371628 -1.109254 -0.042832 -0.22345 
3.69964385 0.370922116502 -1.10875 -0.035837 -0.228659 
3.709966898 0.371937104273 -1.136494 -0.029682 -0.243526 
3.719859838 0.372909802755 -1.185334 -0.044575 -0.259464 
3.729728937 0.373880316309 -1.19895 -0.030358 -0.244541 
3.740021944 0.374892896164 -1.24139 -0.031883 -0.25983 
3.749862909 0.375861006156 -1.241241 -0.033685 -0.265461 
3.75975585 0.376834229313 -1.269356 -0.036325 -0.252171 
3.769680977 0.377810618785 -1.29703 -0.022264 -0.241276 
3.779958009 0.378833812043 -1.303714 -0.046677 -0.250057 
3.789855957 0.379851207793 -1.331636 -0.017508 -0.228165 
3.799716949 0.380864804889 -1.331979 -0.026427 -0.234895 
3.810009002 0.381922710122 -1.367153 -0.03388 -0.23255 
3.819875002 0.382936821983 -1.395202 -0.020839 -0.230287 
3.829741955 0.38390584158 -1.387798 -0.01726 -0.246083 
3.839645862 0.384863000528 -1.444406 -0.037594 -0.254061 
3.849936962 0.385857579582 -1.423092 -0.026687 -0.259712 
3.859848976 0.386815522028 -1.451946 -0.01159 -0.256422 
3.869700908 0.387767657875 -1.501506 -0.020898 -0.253766 
3.879998922 0.388767875511 -1.4657 -0.006567 -0.268543 
3.889870882 0.3897639477 -1.50071 -0.014695 -0.254143 
3.899744034 0.39076014016 -1.557383 -0.018629 -0.250758 
3.909672022 0.391761865526 -1.564055 -0.021821 -0.266481 
3.919938802 0.392797774709 -1.606605 -0.01064 -0.262992 
3.929826021 0.393793286807 -1.592051 -0.017643 -0.267828 
3.939678907 0.394778373923 -1.649139 -0.013855 -0.275773 
3.949973821 0.3958076548 -1.663584 -0.008215 -0.273575 
3.959831953 0.396793266408 -1.648756 -0.02395 -0.277544 
3.969731807 0.397783049364 -1.749665 -0.01436 -0.278756 
3.9800179 0.398814294313 -1.721557 -0.013086 -0.293769 
3.989892959 0.399810767387 -1.728988 -0.02537 -0.268493 
3.999830007 0.400813495651 -1.793795 -0.017839 -0.297677 
4.009665966 0.40180602322 -1.758019 -0.019747 -0.282149 
4.020010948 0.402849915313 -1.830111 -0.007126 -0.271012 
4.02986598 0.403844367502 -1.822879 -0.011053 -0.286864 
4.039729833 0.404827123692 -1.830606 -0.024514 -0.28331 
4.049608946 0.405806692895 -1.895001 -0.015801 -0.291688 
4.05991292 0.406828389437 -1.859662 -0.034291 -0.296036 
4.069758892 0.407804672524 -1.937941 -0.010285 -0.275841 
4.079650879 0.408795848833 -1.909889 -0.016513 -0.291825 
4.089990854 0.409851332026 -1.959661 -0.033608 -0.279128 
4.0998559 0.410858335452 -1.96089 7.1e-05 -0.277095 
4.109718799 0.411865119716 -1.961432 -0.031752 -0.282951 
4.12003994 0.412918680373 -2.033063 -0.004116 -0.272618 
4.129884004 0.413904952349 -1.97623 -0.01722 -0.26853 
4.139752865 0.414862873592 -2.054743 -0.025306 -0.24684 
4.149711847 0.415829542433 -2.069851 -0.002205 -0.24546 
4.159972906 0.416825532385 -2.062615 -0.030151 -0.251376 
4.169859886 0.417785212349 -2.091627 -0.016062 -0.22997 
4.179677009 0.418756517072 -2.050259 -0.00584 -0.237719 
4.19005394 0.419845024135 -2.120482 -0.027676 -0.22653 
4.199934959 0.420881511605 -2.114887 -0.006881 -0.224367 
4.209784984 0.421914747904 -2.135965 -0.019989 -0.221473 
4.219628811 0.422947334052 -2.200385 -0.019454 -0.189273 
4.229990959 0.423997335689 -2.164839 -0.006859 -0.206494 
4.239871025 0.42495852165 -2.200682 -0.029052 -0.183032 
4.249716997 0.425916390764 -2.229349 -0.007174 -0.201161 
4.260052919 0.426921924848 -2.215094 -0.030589 -0.186036 
4.269889831 0.427878912556 -2.301054 -0.002678 -0.174906 
4.279763937 0.428859420654 -2.25141 -0.004761 -0.178784 
4.289659977 0.42989070852 -2.308237 -0.031198 -0.206892 
4.299950838 0.430963141542 -2.301581 -0.010841 -0.181041 
4.309849024 0.431994653047 -2.365211 -0.026081 -0.207688 
4.319694996 0.433020723218 -2.436613 -0.029914 -0.184355 
4.329983949 0.434038660705 -2.386665 -0.007523 -0.197922 
4.339912891 0.434974458502 -2.465076 -0.022101 -0.19532 
4.349776983 0.435904144219 -2.451924 0.001719 -0.190591 
4.359646797 0.436834369232 -2.444171 -0.026048 -0.216573 
4.369915962 0.437802232875 -2.543837 -0.030719 -0.174318 
4.379808902 0.438753797488 -2.501896 -0.012817 -0.201162 
4.389664888 0.439743126083 -2.53094 -0.022189 -0.189098 
4.400024891 0.440783047123 -2.545708 -0.006533 -0.18557 
4.409873008 0.44177158584 -2.552609 -0.034477 -0.182423 
4.419749021 0.442762924714 -2.652401 -0.008801 -0.17177 
4.430064916 0.443798983952 -2.596587 -0.012521 -0.176026 
4.439939022 0.44479186502 -2.653148 -0.007546 -0.16408 
4.449826955 0.445786136449 -2.639253 -0.015738 -0.159313 
4.459641933 0.44677307196 -2.653596 -0.01659 -0.176202 
4.46994996 0.44780958553 -2.746452 -0.009282 -0.144549 
4.479841947 0.448802365889 -2.67538 -0.006546 -0.148376 
4.489749908 0.449785067986 -2.746637 -0.026216 -0.1566 
4.50008583 0.450810216574 -2.761081 -0.003609 -0.134653 
4.50995183 0.45178875685 -2.775718 -0.012812 -0.121308 
4.519785881 0.452764128326 -2.840165 -0.003537 -0.120385 
4.529637813 0.453741273295 -2.805328 -0.005964 -0.106392 
4.539976835 0.454770204428 -2.848382 -0.018023 -0.124547 
4.54985094 0.4558095404 -2.884589 -0.016089 -0.101967 
4.559703827 0.456846642992 -2.841821 -0.004727 -0.096674 
4.570039987 0.457934614297 -2.898398 -0.03296 -0.10275 
4.579893827 0.458932301377 -2.94148 -0.002465 -0.090413 
4.589781999 0.459886861223 -2.969777 -0.011046 -0.085078 
4.599627971 0.460837347269 -2.955932 -0.003561 -0.090423 
4.609972953 0.461836005506 -3.005106 -0.017341 -0.085928 
4.61984086 0.462788609059 -3.026263 -0.015897 -0.082253 
4.629719972 0.463753335138 -3.026561 -0.016472 -0.088807 
4.640014887 0.464789806504 -3.055538 -0.024556 -0.075461 
4.649883032 0.465783311523 -3.055648 -0.001384 -0.083686 
4.659752845 0.466776984472 -3.06988 -0.017465 -0.059807 
4.669638872 0.467796899411 -3.126395 -0.004146 -0.047685 
4.679941892 0.468886043823 -3.098809 -0.011114 -0.052903 
4.689818859 0.46976454819 -3.176632 -0.011515 -0.051224 
4.69967103 0.470753319159 -3.169613 -0.023228 -0.057035 
4.709933996 0.471783317809 -3.205504 0.002337 -0.043349 
4.719853878 0.472778884303 -3.22603 -0.027395 -0.068096 
4.729739904 0.473800323709 -3.268985 0.002261 -0.055878 
4.740029812 0.474902419261 -3.289498 0.00562 -0.040331 
4.749902963 0.475877779235 -3.30404 -0.012767 -0.05586 
4.759802818 0.476855777273 -3.339146 -0.001966 -0.032484 
4.769658804 0.477829441531 -3.396023 -0.005506 -0.031057 
4.779949903 0.478908781496 -3.382178 -0.013137 -0.016988 
4.789831876 0.479965092602 -3.375306 -0.016956 -0.023786 
4.799709797 0.480919667323 -3.382673 -0.014281 -0.002433 
4.810042858 0.481918225502 -3.427034 -0.00822 -0.00122 
4.81991291 0.482872039785 -3.433609 0.002869 0.020682 
4.829782009 0.483824235604 -3.433649 -0.013657 0.003926 
4.839637994 0.484775814498 -3.469617 -0.002931 0.027844 
4.849942922 0.485807710558 -3.498391 0.002985 0.030839 
4.859853983 0.486800166283 -3.540668 6.4e-05 0.034709 
4.869710922 0.487787202438 -3.569107 -0.009527 0.029581 
4.880041837 0.488911071671 -3.58416 -0.010286 0.024492 
4.88991189 0.489978049098 -3.633571 -0.000777 0.027985 
4.89983201 0.490914016352 -3.654804 0.000945 0.022479 
4.909648895 0.491840243342 -3.676534 0.005177 0.018246 
4.920002937 0.492817151308 -3.747369 0.000961 0.012212 
4.929873943 0.493827356035 -3.754982 -0.002869 0.017224 
4.939738989 0.494886136063 -3.754478 0.004126 0.012015 
4.950045824 0.495891278267 -3.797627 0.001973 0.015631 
4.959918976 0.49685153337 -3.833876 -0.003595 0.00866 
4.969796896 0.497812252204 -3.833468 -0.004383 0.012577 
4.980104923 0.498841972888 -3.870025 0.006561 0.025108 
4.989951849 0.499864378576 -3.862708 -0.013601 0.038647 
4.999863863 0.500850066285 -3.905978 0.00754 0.040346 
5.009725809 0.501830775046 -3.898392 -0.01967 0.02458 
5.020020961 0.50285456343 -3.956301 0.001291 0.026829 
5.029887914 0.50383137298 -3.98466 -0.017481 0.021405 
5.039858818 0.504807922467 -3.998739 -0.009256 0.024336 
5.049643993 0.505770813853 -4.02018 -0.00726 0.039142 
5.059950828 0.506791665395 -4.062625 -0.016846 0.013582 
5.06980586 0.507767767625 -4.048729 -0.008072 0.038098 
5.079668998 0.508747626758 -4.105873 -0.011063 0.022078 
5.09005785 0.509784607684 -4.134347 -0.012874 0.037319 
5.099888801 0.510767434159 -4.126749 -0.008845 0.022685 
5.109725952 0.511751214393 -4.169674 -0.004054 0.017057 
5.119572878 0.512735972191 -4.226692 -0.022998 0.02033 
5.129873991 0.513763463338 -4.205505 -0.011253 0.014798 
5.13983798 0.514753079576 -4.277623 -0.014031 0.026865 
5.149673938 0.515740748996 -4.271014 -0.009961 0.019996 
5.159947872 0.516773636327 -4.249635 -0.029848 0.01529 
5.169824838 0.517766614581 -4.285756 -0.019289 0.027949 
5.179701805 0.518766861411 -4.321704 -0.001224 0.040664 
5.190062999 0.519830252269 -4.364306 -0.028063 0.006367 
5.199930906 0.520814768304 -4.414614 -0.027815 0.011022 
5.209810972 0.521800497437 -4.442962 -0.020719 0.006245 
5.21964693 0.522781825937 -4.464265 -0.010658 0.001829 
5.229950905 0.523867348892 -4.499726 -0.007933 0.017679 
5.239902019 0.524963203121 -4.557113 -0.01009 0.002695 
5.249737978 0.525919467174 -4.593 -0.024789 -0.000536 
5.259606838 0.526878929903 -4.62121 -0.019374 -0.004637 
5.269872904 0.527877009488 -4.657113 -0.024327 0.000814 
5.279774904 0.52883975482 -4.685667 -0.00184 -0.003063 
5.289801836 0.529816692103 -4.728228 -0.021176 -0.00781 
5.299942016 0.530845635685 -4.756889 -0.005629 -0.003357 
5.309803962 0.531846346328 -4.792747 -0.00296 0.009373 
5.319662809 0.532846742509 -4.807126 -0.012998 -0.006897 
5.32999897 0.533874000224 -4.829044 -0.001876 0.005085 
5.339912891 0.534837892764 -4.843692 -0.010235 0.017634 
5.349759817 0.535836310088 -4.844207 0.005423 0.011184 
5.359601021 0.536834893454 -4.858834 -0.009992 0.02484 
5.369910001 0.537880941879 -4.90097 0.00249 0.026864 
5.37981081 0.538848310001 -4.894229 -0.017576 0.022708 
5.389789819 0.539796441069 -4.923204 0.006422 0.036391 
5.400023937 0.540806178626 -4.966055 -0.006031 0.020194 
5.409868955 0.541778418644 -5.008358 -0.024351 0.024995 
5.419737816 0.542753013266 -5.045016 -0.014137 0.016967 
5.429656028 0.543755519366 -5.059344 -0.022885 0.030559 
5.44005394 0.544894523801 -5.052877 -0.002859 0.032976 
5.449860811 0.545860757124 -5.074066 -0.024875 0.027309 
5.459689855 0.546829175068 -5.095867 -0.013026 0.031271 
5.469990015 0.547844010261 -5.146288 -0.012664 0.01457 
5.479882955 0.548809391401 -5.181994 -0.026793 0.01881 
5.489850998 0.549772641006 -5.174634 -0.014591 0.022588 
5.499701023 0.550767538743 -5.211238 -0.028958 0.015195 
5.509955883 0.551803326673 -5.225718 -0.020907 0.037277 
5.519833803 0.552801041933 -5.219201 -0.033524 0.030057 
5.529699802 0.553842072877 -5.247986 -0.026765 0.032256 
5.540067911 0.554958088474 -5.298432 -0.025557 0.043338 
5.549908876 0.555944707077 -5.291707 -0.021482 0.035554 
5.559773922 0.556933739951 -5.292107 -0.037901 0.027853 
5.570104837 0.55796947912 -5.328416 -0.01973 0.049622 
5.579975843 0.558905605365 -5.343109 -0.021317 0.042582 
5.589857816 0.559834708462 -5.386067 -0.040709 0.034715 
5.599728822 0.560806941936 -5.393558 -0.021358 0.029671 
5.609988928 0.561817499371 -5.42939 -0.034648 0.034031 
5.619865894 0.562790319869 -5.444347 -0.028346 0.02692 
5.62975502 0.563764338053 -5.48024 -0.034863 0.04027 
5.640086889 0.564784603445 -5.523436 -0.036336 0.030916 
5.650013923 0.565823861173 -5.538298 -0.038089 0.041197 
5.659858942 0.56685453278 -5.524844 -0.037714 0.062417 
5.669700861 0.567884879848 -5.532419 -0.041985 0.064436 
5.680011987 0.568964348034 -5.547477 -0.03456 0.075927 
5.68995285 0.569985141845 -5.575684 -0.044142 0.068967 
5.699841022 0.570956918957 -5.598225 -0.041267 0.063079 
5.710114002 0.571966513736 -5.63395 -0.047619 0.059109 
5.719973802 0.572935502541 -5.676845 -0.050726 0.055383 
5.729833841 0.573904514833 -5.699263 -0.039064 0.051748 
5.739645004 0.574868723753 -5.749338 -0.038084 0.047469 
5.750048876 0.57589356545 -5.785023 -0.044154 0.033402 
5.759912967 0.576865342708 -5.814039 -0.037404 0.037432 
5.769788027 0.577838200596 -5.872335 -0.048701 0.029917 
5.780073881 0.578851528535 -5.900526 -0.051064 0.034026 
5.789953947 0.579824879597 -5.936717 -0.049132 0.028027 
5.799916982 0.580853419968 -5.972352 -0.056485 0.011763 
5.810130834 0.581908106358 -5.973124 -0.039269 0.027824 
5.819999933 0.582927193417 -6.023008 -0.055529 0.012061 
5.829855919 0.583944926422 -6.065791 -0.049727 0.016896 
5.839735985 0.584932590005 -6.116774 -0.048142 0.000188 
5.849750995 0.585897346538 -6.138205 -0.046988 0.01579 
5.859928846 0.586877789717 -6.174092 -0.051942 -0.007338 
5.869782924 0.5878270435 -6.238562 -0.051975 -0.012103 
5.879707813 0.588783118581 -6.281537 -0.045901 -0.015534 
5.889962911 0.589771003046 -6.338741 -0.058362 -0.049416 
5.899935007 0.590772432178 -6.389688 -0.056614 -0.053949 
5.909721851 0.59176203285 -6.4252 -0.055178 -0.06796 
5.920037985 0.592805152893 -6.468191 -0.066068 -0.062561 
5.929901838 0.593802540361 -6.511405 -0.068787 -0.067331 
5.93975091 0.594798433242 -6.561896 -0.060085 -0.08294 
5.950150966 0.5958348799 -6.569606 -0.056583 -0.088216 
5.959903955 0.596806472839 -6.633925 -0.064391 -0.114265 
5.969829797 0.597795285397 -6.677454 -0.058659 -0.109804 
5.979700803 0.598778635192 -6.735023 -0.062108 -0.125155 
5.989977836 0.599802624578 -6.806359 -0.066505 -0.139702 
6.000010967 0.600813085775 -6.835609 -0.076731 -0.15359 
6.009809971 0.601799967469 -6.871602 -0.066288 -0.148154 
6.019699812 0.602795997579 -6.964626 -0.077242 -0.165196 
6.030019998 0.603835368788 -6.972417 -0.064557 -0.170177 
6.039891958 0.604829598059 -6.965255 -0.060145 -0.184937 
6.049702882 0.605814682535 -7.009104 -0.054745 -0.174416 
6.06002593 0.606846090035 -7.038128 -0.05678 -0.173555 
6.069926023 0.607835238799 -7.074058 -0.063459 -0.172379 
6.079805851 0.608822362824 -7.089146 -0.064381 -0.189642 
6.089685917 0.609811272838 -7.160331 -0.059587 -0.205725 
6.100015878 0.610858589545 -7.197054 -0.058961 -0.209344 
6.109890938 0.611859785514 -7.261143 -0.051042 -0.241469 
6.119694948 0.612853777986 -7.375324 -0.065199 -0.262425 
6.130033016 0.613901916631 -7.433472 -0.052834 -0.299715 
6.139958858 0.614907017699 -7.53999 -0.062397 -0.32692 
6.149760961 0.615863662702 -7.632513 -0.056007 -0.353901 
6.160073995 0.616870172472 -7.761487 -0.054792 -0.389811 
6.169956922 0.617834705565 -7.882736 -0.049861 -0.409377 
6.179841995 0.618799448099 -7.975816 -0.051153 -0.445842 
6.189708948 0.619762422195 -8.090239 -0.049361 -0.485176 
6.199999809 0.620832423599 -8.176718 -0.039122 -0.504827 
6.209877968 0.621864789435 -8.276605 -0.036029 -0.526109 
6.219740867 0.622895560449 -8.419684 -0.044035 -0.559119 
6.230050802 0.62397305117 -8.498837 -0.036754 -0.590025 
6.23992896 0.6249882785 -8.598577 -0.027161 -0.62263 
6.249816894 0.625950941427 -8.71357 -0.02756 -0.664654 
6.259693861 0.626912536636 -8.75699 -0.014167 -0.675627 
6.269968033 0.627912802667 -8.899983 -0.013548 -0.718558 
6.279903888 0.628880131054 -8.965237 0.001905 -0.740115 
6.28974986 0.629840062929 -9.086492 -0.001948 -0.76285 
6.300037861 0.630914178567 -9.18751 0.000176 -0.78683 
6.309913873 0.631945280617 -9.266147 0.006916 -0.830699 
6.319813966 0.632978896837 -9.331134 0.021819 -0.83481 
6.329715013 0.634012612659 -9.432625 0.024165 -0.871092 
6.339986801 0.635065662046 -9.553911 0.028211 -0.895729 
6.349840879 0.635997263009 -9.619348 0.051395 -0.930447 
6.359712839 0.636930554531 -9.726791 0.056833 -0.953811 
6.370067835 0.637909512101 -9.877263 0.060242 -0.996745 
6.379904031 0.638839422506 -9.971023 0.07384 -1.037508 
6.389788866 0.638839422506 -10.114218 0.080944 -1.089015 
