0.0 0.000836231721326 0.006039 -0.043017 0.013601 
0.009922028 0.00179124953436 0.013001 -0.053207 -0.005976 
0.020252943 0.00278562365324 0.020187 -0.049232 0.004849 
0.030112028 0.00373640123433 -0.001206 -0.044866 0.004178 
0.039970875 0.00473522727144 -0.015298 -0.053486 -0.006333 
0.049955845 0.00574683116546 -0.001333 -0.044027 0.004297 
0.060202837 0.0067849812059 0.027372 -0.050627 0.015188 
0.070104838 0.00778817928964 0.026936 -0.050243 0.015061 
0.079939842 0.00878391644954 0.02685 -0.049123 0.005084 
0.090302944 0.00981797681049 0.019761 -0.055061 0.005032 
0.10016799 0.0108023396999 0.019239 -0.053556 -0.005073 
0.110076904 0.0117910798655 -0.001753 -0.041794 0.014753 
0.12034893 0.0128160523991 0.019118 -0.044656 0.00532 
0.13021183 0.0138003608734 0.019254 -0.051707 0.00551 
0.140050888 0.0147855997056 -0.002028 -0.050028 -0.005863 
0.149950028 0.0157768548778 0.012247 -0.040115 0.005014 
0.160262823 0.0168095315936 0.019375 -0.060607 -0.004882 
0.17017889 0.0178024817591 0.040257 -0.047346 0.00623 
0.180030823 0.0187889509562 0.033214 -0.050311 0.005868 
0.190335989 0.0198200427883 0.004853 -0.060782 -0.005247 
0.200198889 0.0208068833331 0.047563 -0.057642 0.006177 
0.210093975 0.0217969442746 0.040739 -0.044757 0.006047 
0.219956875 0.0227837848195 0.025897 -0.039172 0.005125 
0.230268002 0.0238167853092 0.039851 -0.045837 -0.00479 
0.240185976 0.0248243713903 0.06095 -0.048809 0.006217 
0.250051975 0.025826677231 0.032945 -0.050483 -0.004476 
0.259903908 0.0268275540797 0.011643 -0.056141 -0.004646 
0.270188809 0.0278724169815 0.025299 -0.047136 0.005737 
0.280093908 0.0288709701176 0.039482 -0.053911 0.016263 
0.289966822 0.0298317988456 0.00389 -0.044618 -0.005517 
0.300256968 0.0308332324539 0.039674 -0.039068 0.005116 
0.310133934 0.0317944555212 0.032058 -0.034597 0.004437 
0.320055008 0.0327599711644 0.010756 -0.040255 0.004266 
0.329923868 0.0337204053584 0.046413 -0.050832 -0.004731 
0.340225935 0.0347996317361 0.039243 -0.047588 -0.004487 
0.350106955 0.0358358357176 0.03941 -0.048145 -0.014704 
0.359994888 0.0368727646524 0.039765 -0.039347 -0.014282 
0.370266914 0.0379499726977 0.018636 -0.0375 -0.014396 
0.380198002 0.0389727248981 0.032991 -0.036769 -0.003814 
0.390074015 0.0399370417779 0.004535 -0.022941 -0.005468 
0.399945974 0.0409009628157 0.011613 -0.027757 -0.025475 
0.410208941 0.041903062784 -0.002514 -0.028597 -0.015617 
0.420143843 0.0428731297227 0.011806 -0.037053 -0.004415 
0.429991007 0.043839181625 0.012014 -0.037328 -0.024728 
0.440266848 0.0449081311333 0.004737 -0.025908 -0.035568 
0.450147867 0.0459360090851 0.004864 -0.026746 -0.035688 
0.460085869 0.0469698147221 0.00499 -0.027584 -0.035807 
0.469928026 0.047993650035 -0.009197 -0.021651 -0.016958 
0.480244875 0.0490378511794 0.01211 -0.024897 -0.026264 
0.490134001 0.0499723761102 -0.009167 -0.015156 -0.027365 
0.500000954 0.0509048056868 -0.016093 -0.012746 -0.028157 
0.510330916 0.0518809897321 -0.023497 -0.010233 -0.018979 
0.520217896 0.0528153118653 0.004391 -0.011136 -0.039428 
0.530069828 0.0537524277673 -0.002525 -0.014939 -0.03991 
0.53994894 0.0547396195429 -0.031311 -0.008902 -0.030607 
0.550216913 0.0557656691005 0.011814 -0.016057 -0.039911 
0.560133934 0.0567566490154 -0.002479 -0.016341 -0.019836 
0.570019007 0.0577444364568 -0.016501 -0.018185 -0.05085 
0.580344915 0.0587764359716 -0.023574 -0.022274 -0.04032 
0.590185881 0.0597672426449 -0.037675 -0.007715 -0.031391 
0.600122929 0.0607677230319 -0.016328 -0.020425 -0.030896 
0.609954834 0.0617576174271 -0.030511 -0.01365 -0.041422 
0.620277882 0.0627969610086 -0.044663 -0.015497 -0.042942 
0.630136967 0.0637895919365 -0.015786 -0.014592 -0.031994 
0.640015841 0.0647727806664 -0.037098 -0.019407 -0.032961 
0.650295973 0.0657958994629 -0.016015 -0.024227 -0.032536 
0.660211802 0.0667827614052 -0.04433 -0.026355 -0.043476 
0.670059919 0.0677628843854 -0.058679 -0.019024 -0.043785 
0.67995286 0.0687474684248 -0.051499 -0.023111 -0.043233 
0.690326929 0.0698175510377 -0.072822 -0.021713 -0.044509 
0.700134993 0.0708304073578 -0.051697 -0.009286 -0.034432 
0.710026026 0.0718518316966 -0.058609 -0.021993 -0.044391 
0.720341921 0.0729171305618 -0.058366 -0.022827 -0.045426 
0.730213881 0.0739254767271 -0.058361 -0.031731 -0.054902 
0.740083933 0.0748767663744 -0.079328 -0.021536 -0.055757 
0.749941826 0.07582688412 -0.078765 -0.022759 -0.055749 
0.760318995 0.0768270504249 -0.078806 -0.023041 -0.045652 
0.770198822 0.0777792822006 -0.085646 -0.012005 -0.056365 
0.780078888 0.0787315370115 -0.099296 -0.012948 -0.056476 
0.790431976 0.0797786000573 -0.092137 -0.009979 -0.05703 
0.800266981 0.080775653289 -0.098557 -0.030685 -0.046477 
0.810154915 0.0817780723573 -0.09843 -0.031524 -0.046596 
0.82002902 0.0827966288933 -0.084319 -0.015566 -0.047288 
0.830359936 0.0839128559418 -0.076393 -0.019583 -0.046362 
0.840195894 0.0848046149189 -0.104399 -0.021257 -0.057055 
0.850063801 0.0857683031644 -0.097046 -0.017838 -0.056446 
0.860395908 0.0867975206088 -0.10379 -0.014136 -0.056872 
0.870282888 0.0877823973902 -0.103784 -0.006074 -0.046599 
0.880162001 0.0887664905122 -0.124904 -0.01044 -0.046403 
0.890022993 0.0898497366496 -0.124463 -0.019729 -0.055753 
0.900321961 0.0908792392782 -0.110103 -0.027903 -0.054648 
0.910224915 0.0918575683489 -0.116821 -0.023194 -0.043695 
0.920104027 0.0928335420292 -0.116521 -0.016527 -0.043758 
0.930399895 0.0938581839668 -0.123595 -0.020616 -0.033227 
0.940285921 0.0949757599008 -0.123382 -0.01283 -0.043268 
0.950150967 0.0959323144671 -0.101725 -0.025086 -0.042526 
0.960002899 0.0968875974473 -0.151676 -0.031758 -0.033203 
0.970353842 0.0978912665425 -0.123767 -0.022752 -0.032797 
0.980194807 0.0988454288002 -0.123068 -0.031025 -0.032599 
0.990082026 0.09980258483 -0.137291 -0.024533 -0.033028 
1.000001907 0.100779554229 -0.122895 -0.02352 -0.032543 
1.010198832 0.101787959028 -0.165174 -0.01814 -0.034364 
1.02014494 0.102771559774 -0.123006 -0.00107 -0.033664 
1.030061007 0.103784294762 -0.158471 -0.022125 -0.023842 
1.040388823 0.104996076211 -0.150916 -0.019822 -0.014171 
1.050215006 0.105932553559 -0.151473 -0.027504 -0.023655 
1.060078859 0.106870926152 -0.17235 -0.032703 -0.024495 
1.070433855 0.107856022386 -0.15118 -0.028899 -0.033991 
1.080317021 0.108801419003 -0.207859 -0.03002 -0.014511 
1.090178967 0.109895415235 -0.158521 -0.016194 -0.014055 
1.10005784 0.110872371847 -0.157781 -0.024186 -0.023954 
1.110381842 0.111870596494 -0.179037 -0.0215 -0.023949 
1.120246887 0.112824444727 -0.150383 -0.012424 -0.023169 
1.130095959 0.113776748535 -0.171462 -0.026253 -0.013172 
1.139945984 0.114788762727 -0.200283 -0.034773 -0.003735 
1.150255919 0.115832091093 -0.150495 -0.036448 -0.012318 
1.160167933 0.116828027775 -0.20723 -0.0397 0.006677 
1.170014858 0.117817424461 -0.186293 -0.026881 -0.013784 
1.180392981 0.118859661638 -0.20005 -0.043787 0.007229 
1.190217018 0.119820702177 -0.200273 -0.035616 -0.002939 
1.200103998 0.120788474531 -0.179396 -0.030416 -0.002099 
1.209906817 0.121754510244 -0.214084 -0.027941 0.017439 
1.220278025 0.122776558831 -0.171638 -0.033877 0.009044 
1.230185032 0.12375286193 -0.192753 -0.047148 -0.000237 
1.240022898 0.124725029586 -0.221619 -0.031929 0.009361 
1.250345945 0.125752497672 -0.178949 -0.046037 0.011133 
1.260219812 0.126742148688 -0.221801 -0.047615 0.021303 
1.270087004 0.127731130673 -0.186665 -0.034352 0.022437 
1.279877901 0.128712465662 -0.207684 -0.054955 0.023444 
1.290293932 0.129754774784 -0.208103 -0.047352 0.034385 
1.300177813 0.130745055879 -0.186918 -0.058665 0.015722 
1.310030937 0.131732911436 -0.208341 -0.055423 0.025944 
1.320344925 0.132766972346 -0.187425 -0.049942 0.016686 
1.33021903 0.133756931419 -0.194351 -0.061925 0.028204 
1.340106964 0.134803716368 -0.251791 -0.064964 0.036727 
1.349937916 0.135793479412 -0.181166 -0.061722 0.03908 
1.360279799 0.136820278251 -0.244844 -0.07443 0.038625 
1.370187998 0.137804018565 -0.209881 -0.068672 0.039703 
1.380033016 0.13878252159 -0.21704 -0.071641 0.040256 
1.390347958 0.139967097703 -0.238296 -0.068956 0.040261 
1.400234938 0.140931755209 -0.202761 -0.070633 0.041657 
1.410111904 0.141895435663 -0.216928 -0.06201 0.041713 
1.41995287 0.142855603653 -0.217359 -0.07053 0.03211 
1.430313826 0.143865502893 -0.188735 -0.067949 0.043296 
1.440192938 0.144823009194 -0.238342 -0.081947 0.032496 
1.450042009 0.14580814667 -0.195956 -0.08111 0.033091 
1.460356951 0.146852302631 -0.218544 -0.075705 0.053395 
1.470234871 0.147852219939 -0.22541 -0.080068 0.043612 
1.480050802 0.148841416139 -0.218321 -0.07413 0.043664 
1.490001917 0.149802022722 -0.239501 -0.071722 0.05285 
1.500324011 0.150834073563 -0.18306 -0.076821 0.064091 
1.510200977 0.151836164928 -0.225466 -0.070603 0.06239 
1.52006793 0.152837240399 -0.211689 -0.070498 0.062381 
1.53035903 0.153870969214 -0.169137 -0.075587 0.052274 
1.54023695 0.154834102464 -0.218718 -0.074186 0.040544 
1.550131798 0.155803745613 -0.169284 -0.067693 0.051288 
1.559988976 0.156771491577 -0.176484 -0.070944 0.061938 
1.570312977 0.157785068718 -0.205356 -0.063787 0.061263 
1.580192804 0.158755038287 -0.190691 -0.062602 0.072092 
1.590053797 0.159825463555 -0.226328 -0.076047 0.062446 
1.600341797 0.160871739953 -0.175915 -0.068753 0.064629 
1.610222817 0.16184636566 -0.211602 -0.081636 0.064283 
1.620046854 0.162815370784 -0.219471 -0.070118 0.064329 
1.629916906 0.163787644537 -0.176137 -0.074975 0.06677 
1.640285969 0.164783851915 -0.240423 -0.089434 0.066617 
1.650192976 0.165773306784 -0.197646 -0.070613 0.067014 
1.660058022 0.166769255584 -0.197768 -0.078679 0.057657 
1.670389891 0.167812333591 -0.227076 -0.080883 0.076754 
1.680174828 0.168802014224 -0.212853 -0.087376 0.077183 
1.690137863 0.169898475733 -0.234423 -0.07624 0.086418 
1.699988842 0.170899967836 -0.213558 -0.087164 0.066712 
1.71033001 0.171948270144 -0.256167 -0.089575 0.075848 
1.720197916 0.172948597054 -0.228424 -0.080012 0.08647 
1.729992867 0.17390678526 -0.221417 -0.091604 0.086966 
1.740362883 0.174834843618 -0.257652 -0.081653 0.085373 
1.750259876 0.175801407362 -0.229205 -0.089268 0.086716 
1.760143995 0.176778778828 -0.214936 -0.087417 0.087321 
1.769984007 0.177751788861 -0.25076 -0.093249 0.086785 
1.780390024 0.178780767174 -0.236588 -0.084066 0.077102 
1.79023099 0.179753871541 -0.251059 -0.094546 0.087334 
1.800118923 0.180771259329 -0.236952 -0.101044 0.088678 
1.810361862 0.181843890805 -0.265119 -0.094099 0.098474 
1.820302963 0.182884914073 -0.236627 -0.093371 0.099993 
1.830199957 0.183921318495 -0.207952 -0.09135 0.101879 
1.840040922 0.18495185561 -0.264769 -0.102387 0.101419 
1.850385904 0.185970081912 -0.235749 -0.100471 0.122829 
1.860258818 0.186940487798 -0.228335 -0.103827 0.114447 
1.870129824 0.187910706148 -0.248978 -0.108295 0.104673 
1.87992692 0.188873659904 -0.213128 -0.101457 0.116588 
1.890293837 0.189892621204 -0.283858 -0.105547 0.115946 
1.900209904 0.190868094826 -0.220281 -0.090994 0.1279 
1.909989834 0.191830445966 -0.261861 -0.108282 0.138586 
1.920259953 0.192841032006 -0.275627 -0.109229 0.139391 
1.930081844 0.193807512135 -0.239656 -0.111291 0.140913 
1.940042019 0.194787599494 -0.297004 -0.097644 0.149788 
1.95031786 0.195831280788 -0.260901 -0.109449 0.141714 
1.960214853 0.196850492267 -0.260698 -0.124957 0.163085 
1.970166922 0.197875375579 -0.289088 -0.109842 0.162713 
1.980043888 0.198892524638 -0.266747 -0.119902 0.165231 
1.990355969 0.199954482682 -0.316921 -0.118404 0.164385 
2.000229836 0.200909534644 -0.281395 -0.113868 0.165471 
2.010102987 0.201863560048 -0.288154 -0.109442 0.186521 
2.020030975 0.202822884256 -0.280807 -0.114085 0.176857 
2.030395985 0.203824437139 -0.258775 -0.124599 0.179128 
2.040205956 0.20477235757 -0.322557 -0.106796 0.187824 
2.050042868 0.205743162581 -0.272515 -0.110148 0.179002 
2.060362816 0.206785517149 -0.286232 -0.126772 0.189918 
2.070238829 0.207783032569 -0.293086 -0.115012 0.20068 
2.080121994 0.208781270369 -0.27147 -0.117805 0.191621 
2.089977026 0.209776666627 -0.313556 -0.111975 0.190962 
2.100309849 0.210810179382 -0.270359 -0.109781 0.193213 
2.110193014 0.211792967723 -0.298096 -0.111282 0.192864 
2.120056868 0.212773835765 -0.283883 -0.111562 0.192982 
2.130362988 0.213798683025 -0.269031 -0.117989 0.194701 
2.140236855 0.214780546766 -0.325949 -0.112788 0.19343 
2.150087833 0.215767988537 -0.290246 -0.115022 0.184609 
2.159920931 0.216757610879 -0.297153 -0.119668 0.184923 
2.170337916 0.217805996759 -0.311584 -0.129867 0.185058 
2.180171967 0.218795715013 -0.283395 -0.126901 0.196118 
2.190026999 0.219787544836 -0.311801 -0.113634 0.185163 
2.200338841 0.220824190654 -0.262058 -0.123653 0.176405 
2.210212946 0.221810978842 -0.31172 -0.122815 0.184868 
2.220089913 0.22279805305 -0.283953 -0.114819 0.17481 
2.229974032 0.223785842006 -0.297766 -0.12411 0.175439 
2.240315914 0.224819378413 -0.298415 -0.131513 0.185353 
2.250129938 0.225812378749 -0.276815 -0.136154 0.165711 
2.260018826 0.22681752594 -0.270025 -0.131513 0.166312 
2.270318985 0.227864476405 -0.269872 -0.116952 0.165262 
2.280190945 0.228867902965 -0.277215 -0.121214 0.165449 
2.290077925 0.229872856219 -0.305742 -0.131128 0.16455 
2.299922943 0.230842003419 -0.263276 -0.129727 0.144951 
2.310283899 0.231852192709 -0.291007 -0.123167 0.154875 
2.320160866 0.232815193255 -0.255757 -0.126865 0.135344 
2.330000877 0.233774590606 -0.276653 -0.139402 0.145707 
2.340318918 0.2347805957 -0.255676 -0.136047 0.135048 
2.350180864 0.235787070168 -0.26246 -0.132626 0.14472 
2.360107899 0.236826592689 -0.26925 -0.137267 0.144119 
2.369982958 0.237860672476 -0.261958 -0.11733 0.13382 
2.380275011 0.238938418338 -0.275903 -0.143589 0.144194 
2.390143871 0.239971848988 -0.261356 -0.128016 0.143629 
2.400017977 0.240947423571 -0.268799 -0.116039 0.143005 
2.410229921 0.24194160731 -0.268571 -0.133115 0.143696 
2.420249939 0.242917106095 -0.253613 -0.133325 0.144189 
2.430116892 0.243877703238 -0.26743 -0.133712 0.154294 
2.439977884 0.244837720048 -0.267136 -0.11814 0.163707 
2.450373888 0.245899150585 -0.274048 -0.130848 0.153749 
2.460194826 0.246921711282 -0.27349 -0.123166 0.163233 
2.470079899 0.247950949746 -0.265995 -0.118737 0.174305 
2.480378866 0.249023283048 -0.279651 -0.127741 0.163922 
2.490253925 0.25005147885 -0.292819 -0.120725 0.164113 
2.500103951 0.250988084408 -0.271507 -0.11591 0.16508 
2.50997901 0.251922158455 -0.292064 -0.121499 0.165283 
2.520313025 0.252899644789 -0.278012 -0.11316 0.185891 
2.530181885 0.253833132478 -0.291668 -0.122165 0.175507 
2.54003787 0.25476540233 -0.312975 -0.118918 0.184813 
2.550362825 0.25578269419 -0.291374 -0.12356 0.165171 
2.560284853 0.256775960939 -0.298113 -0.111795 0.175018 
2.570171833 0.257765719131 -0.26994 -0.110678 0.175494 
2.580012798 0.258750870888 -0.291019 -0.124507 0.185492 
2.590350866 0.259785786249 -0.283986 -0.1207 0.185058 
2.600222826 0.260773754054 -0.269565 -0.104289 0.184612 
2.610056877 0.261757806894 -0.276249 -0.117105 0.195095 
2.620373964 0.262790195149 -0.304558 -0.111171 0.194428 
2.630282879 0.26378173932 -0.261077 -0.109528 0.185546 
2.640168905 0.264770993083 -0.283084 -0.114974 0.174905 
2.65002203 0.265754027955 -0.275909 -0.110157 0.184934 
2.660313845 0.266779499851 -0.261204 -0.118436 0.205564 
2.670197964 0.267764349097 -0.289898 -0.112678 0.195469 
2.680055857 0.268746585196 -0.289832 -0.111391 0.196751 
2.690407991 0.269778067249 -0.303223 -0.105948 0.206673 
2.700292826 0.270784163641 -0.303608 -0.106125 0.197245 
2.710172892 0.271807721428 -0.303552 -0.098625 0.198217 
2.719987869 0.272824536107 -0.310286 -0.095765 0.198587 
2.730320931 0.273895023498 -0.303085 -0.106908 0.200246 
2.740198851 0.274918358963 -0.324128 -0.096435 0.19021 
2.75007081 0.275888520363 -0.323802 -0.088763 0.201525 
2.760372877 0.276883051285 -0.309138 -0.087578 0.212354 
2.770237923 0.2778353935 -0.323477 -0.08109 0.212841 
2.780207872 0.278797862737 -0.34459 -0.077394 0.223309 
2.790052891 0.279748271605 -0.344418 -0.069889 0.223365 
2.800336838 0.280764703897 -0.322675 -0.07352 0.214186 
2.810163975 0.281755636361 -0.358271 -0.079462 0.234091 
2.820005894 0.282748059387 -0.336396 -0.075869 0.235065 
2.82988596 0.283744329017 -0.329291 -0.062713 0.246185 
2.840282917 0.284881474143 -0.329078 -0.054926 0.236144 
2.850157023 0.285826923995 -0.357017 -0.065057 0.246632 
2.860008955 0.286749324156 -0.363837 -0.061077 0.237025 
2.870342016 0.287780442769 -0.342398 -0.057101 0.237872 
2.88021493 0.288765644094 -0.341936 -0.056479 0.249377 
2.890121937 0.289754247502 -0.363293 -0.054522 0.228823 
2.899966955 0.290784464188 -0.37067 -0.051004 0.249379 
2.910214901 0.291854815577 -0.412762 -0.053236 0.238448 
2.920110941 0.292841173157 -0.363044 -0.056318 0.250855 
2.930015802 0.293828409943 -0.376598 -0.064594 0.261031 
2.940343857 0.2948578273 -0.383392 -0.045215 0.250494 
2.950207949 0.295908934076 -0.354738 -0.036138 0.251273 
2.960083008 0.296918565424 -0.362034 -0.032056 0.251636 
2.969949007 0.297877515954 -0.389913 -0.034568 0.240824 
2.980250836 0.298878828075 -0.368022 -0.029127 0.25238 
2.990149021 0.299840907004 -0.403628 -0.01911 0.252076 
3.000028849 0.300793414599 -0.35361 -0.020896 0.263934 
3.010348797 0.301797601025 -0.403526 -0.035348 0.252887 
3.020186901 0.302778139535 -0.382477 -0.022643 0.253782 
3.030097962 0.303765949481 -0.381995 -0.014684 0.254085 
3.039934874 0.304746369187 -0.396345 -0.007353 0.253776 
3.050218821 0.305904729064 -0.389165 -0.01144 0.254329 
3.060130835 0.306939333877 -0.381447 -0.015183 0.275568 
3.07001996 0.307876067919 -0.402805 -0.013226 0.255013 
3.080341816 0.308853791822 -0.417052 -0.005167 0.275264 
3.090220928 0.309789577396 -0.445321 0.001049 0.2645 
3.100111008 0.310823411469 -0.430677 0.00929 0.274223 
3.109984875 0.311858645844 -0.410003 0.005859 0.285899 
3.120320797 0.312859830525 -0.4101 0.013192 0.275611 
3.130168915 0.313813764278 -0.431006 0.006868 0.285665 
3.140057802 0.314771647104 -0.452967 0.009766 0.275199 
3.150375843 0.315811791541 -0.445402 0.005856 0.28518 
3.160185814 0.316821495473 -0.452652 0.008536 0.305617 
3.170027971 0.317809117106 -0.452965 0.032102 0.295434 
3.179898024 0.318799537992 -0.480885 0.029308 0.294718 
3.190228939 0.319836204563 -0.480539 0.044319 0.29483 
3.200106859 0.320810120888 -0.46622 0.035863 0.306033 
3.209972859 0.321770988229 -0.472503 0.023221 0.297364 
3.220270872 0.322783441318 -0.500796 0.036374 0.307765 
3.230154991 0.323758988278 -0.471558 0.037171 0.309658 
3.240024805 0.324733123357 -0.499983 0.043101 0.309907 
3.249899864 0.325709374122 -0.513866 0.042149 0.311626 
3.260236025 0.326733903415 -0.534468 0.043332 0.292241 
3.270020962 0.327716139378 -0.527065 0.046189 0.283549 
3.27996397 0.328714242896 -0.548477 0.048588 0.294566 
3.290277958 0.329749586295 -0.569246 0.050328 0.285398 
3.300179005 0.330751312373 -0.554084 0.049725 0.287848 
3.310067892 0.33175235783 -0.581916 0.046533 0.290006 
3.319919825 0.332733963942 -0.596524 0.052848 0.28015 
3.330263853 0.333764600378 -0.595976 0.050499 0.262471 
3.340157032 0.334750316072 -0.632083 0.060334 0.253654 
3.350090027 0.335769577052 -0.617534 0.066884 0.265884 
3.360409975 0.336831588501 -0.6525 0.059156 0.247916 
3.370319843 0.337821162837 -0.666428 0.064976 0.230047 
3.380222797 0.338810046759 -0.701516 0.066148 0.222471 
3.390015841 0.339787955346 -0.701372 0.07325 0.226316 
3.40033102 0.340912121292 -0.742408 0.077634 0.209388 
3.410194874 0.341940670723 -0.749292 0.072024 0.204191 
3.420053005 0.342903737285 -0.791705 0.085899 0.187972 
3.42997098 0.343872650163 -0.805424 0.068027 0.174894 
3.440254927 0.344877315802 -0.883068 0.083915 0.179798 
3.450129986 0.345825504777 -0.896705 0.083573 0.166276 
3.460004807 0.346787511697 -0.946029 0.092684 0.172643 
3.470319033 0.347836547697 -0.995698 0.084933 0.139736 
3.480190992 0.348840601745 -1.045038 0.086825 0.135034 
3.490059853 0.349844340704 -1.072848 0.091693 0.118886 
3.499967814 0.350814029356 -1.079551 0.086654 0.121158 
3.510250807 0.35181933364 -1.071079 0.079565 0.111509 
3.520134926 0.352825460519 -1.056784 0.102185 0.111669 
3.529976845 0.353827291764 -1.041608 0.100858 0.092644 
3.540308952 0.354879020357 -1.076412 0.101478 0.073936 
3.550200939 0.355830894774 -1.082896 0.112287 0.076441 
3.560053825 0.356779345458 -1.081496 0.111577 0.05032 
3.569933891 0.357755332671 -1.094044 0.125593 0.044388 
3.580273867 0.358776751391 -1.149242 0.114579 0.037452 
3.59017396 0.359754716941 -1.169614 0.116375 0.031404 
3.600023985 0.360786108798 -1.147211 0.120026 0.006003 
3.610427857 0.361883049125 -1.167572 0.137945 0.0205 
3.620272875 0.362846373328 -1.195491 0.118907 -0.007068 
3.630093813 0.363807341329 -1.194921 0.126468 -0.003892 
3.640022993 0.36477890069 -1.209077 0.139618 -0.002553 
3.650305986 0.365782444345 -1.194352 0.122432 -0.019979 
3.660159826 0.366753563733 -1.229552 0.13094 -0.009263 
3.670046806 0.367748711906 -1.244377 0.153488 -0.019015 
3.680361033 0.36878686351 -1.286839 0.141332 -0.048055 
3.690259934 0.36978321156 -1.286579 0.131473 -0.064875 
3.700101853 0.370856107521 -1.257725 0.164175 -0.072073 
3.709995985 0.371897684369 -1.300116 0.144402 -0.109308 
3.720309973 0.372939324051 -1.307294 0.154581 -0.116479 
3.730180979 0.37393622569 -1.356544 0.155471 -0.133474 
3.740015984 0.374929491483 -1.356938 0.162229 -0.150316 
3.75036788 0.375878633011 -1.363757 0.157186 -0.147128 
3.76025486 0.376813863237 -1.406738 0.154476 -0.153728 
3.770066977 0.377777727206 -1.372144 0.182392 -0.170423 
3.779987812 0.378752270762 -1.443295 0.154545 -0.167564 
3.790311813 0.379766418124 -1.444393 0.161516 -0.194876 
3.8002038 0.380738127882 -1.451789 0.187927 -0.201942 
3.810040951 0.381723549676 -1.480077 0.160816 -0.208457 
3.82038188 0.382811360536 -1.522846 0.165894 -0.225098 
3.830276966 0.383852271077 -1.523913 0.181931 -0.23076 
3.840104818 0.384886108959 -1.566459 0.178838 -0.237233 
3.84994483 0.385921226007 -1.552164 0.17082 -0.251617 
3.860261917 0.386963638813 -1.61593 0.179598 -0.258705 
3.87016201 0.387937040596 -1.616211 0.186242 -0.254191 
3.880002976 0.388904628864 -1.651085 0.180808 -0.259499 
3.890331984 0.389920202637 -1.658349 0.183083 -0.263852 
3.900210857 0.390891518017 -1.6794 0.186097 -0.268992 
3.910073996 0.391861435391 -1.736321 0.174935 -0.274844 
3.919927836 0.392830811968 -1.715021 0.196311 -0.278918 
3.930285931 0.393849794889 -1.764767 0.189967 -0.274741 
3.940173864 0.394822525381 -1.77199 0.192524 -0.289191 
3.950011015 0.395790260169 -1.808055 0.193618 -0.295309 
3.960328817 0.396816730847 -1.850971 0.192196 -0.300628 
3.970192909 0.397830646587 -1.858514 0.195142 -0.31612 
3.980067015 0.398845591653 -1.908644 0.205587 -0.301622 
3.989977837 0.399864310703 -1.922951 0.204899 -0.306337 
4.000277996 0.40092304914 -1.923257 0.211258 -0.320305 
4.010130882 0.40189153248 -1.979778 0.200271 -0.345308 
4.020015955 0.402846871224 -2.001918 0.210541 -0.3307 
4.030380964 0.403848593182 -2.058758 0.216909 -0.336996 
4.040284872 0.404805752227 -2.059724 0.216709 -0.341847 
4.050143004 0.40575848727 -2.08151 0.21881 -0.346565 
4.059996843 0.406713484321 -2.117392 0.221196 -0.352317 
4.070333004 0.407756393987 -2.111274 0.241209 -0.347154 
4.08017683 0.40874962748 -2.182205 0.229211 -0.344062 
4.090059996 0.409746830344 -2.182593 0.229637 -0.338323 
4.100011826 0.410750961347 -2.211508 0.235264 -0.352894 
4.110261917 0.411783179875 -2.260731 0.213022 -0.326304 
4.120117903 0.412768576927 -2.289397 0.235622 -0.351537 
4.129993916 0.41375597627 -2.310021 0.247038 -0.324802 
4.140318871 0.414788260632 -2.338089 0.236497 -0.338189 
4.150198937 0.415776065192 -2.36674 0.2512 -0.33294 
4.160060883 0.416764445427 -2.41677 0.228442 -0.33738 
4.169987917 0.417766163197 -2.42488 0.246885 -0.342918 
4.180234909 0.41880016731 -2.446722 0.258452 -0.328859 
4.190119982 0.419797650878 -2.497832 0.25113 -0.325549 
4.200037956 0.420798454421 -2.512199 0.266961 -0.341171 
4.210292816 0.421833252479 -2.583885 0.246713 -0.326455 
4.220194817 0.422819984292 -2.56325 0.258838 -0.331198 
4.230045796 0.423796763851 -2.57812 0.259372 -0.335921 
4.239979029 0.424781699354 -2.656525 0.258226 -0.32256 
4.250222921 0.42579743843 -2.664458 0.2699 -0.338004 
4.260085821 0.426785432394 -2.706785 0.253146 -0.312524 
4.269958973 0.427793263263 -2.743067 0.270472 -0.318538 
4.280246019 0.428843343573 -2.728765 0.287483 -0.3029 
4.290190935 0.429858499963 -2.84312 0.281343 -0.289956 
4.300041914 0.430864067459 -2.814825 0.275004 -0.314079 
4.310320854 0.431895232645 -2.87209 0.271168 -0.299808 
4.32019496 0.432853662995 -2.858508 0.286541 -0.305224 
4.330091 0.433814222368 -2.880178 0.283277 -0.311343 
4.339987993 0.434774874245 -2.959709 0.289225 -0.290408 
4.350291967 0.435775029743 -2.931738 0.282434 -0.286199 
4.360153914 0.436750214767 -2.981727 0.276201 -0.273883 
4.370079994 0.437791428993 -2.968353 0.29185 -0.258985 
4.3799088 0.438822439486 -3.019149 0.302067 -0.257951 
4.390224934 0.439904569136 -3.097256 0.285252 -0.264889 
4.400080919 0.44093843062 -3.070176 0.287007 -0.269143 
4.409945011 0.441940624735 -3.127294 0.289671 -0.266195 
4.420228958 0.442941102411 -3.127388 0.288702 -0.270791 
4.430124998 0.443903842409 -3.163758 0.292033 -0.26737 
4.440019846 0.444866466442 -3.228447 0.292396 -0.245513 
4.44993186 0.445830760477 -3.214399 0.30851 -0.261694 
4.46021986 0.446850972902 -3.256357 0.290084 -0.237368 
4.470063925 0.44787684434 -3.250265 0.309091 -0.243583 
4.480012894 0.448913648053 -3.292952 0.307559 -0.228461 
4.490298987 0.449985584191 -3.342859 0.307982 -0.242957 
4.500176907 0.451014983733 -3.321108 0.304112 -0.236172 
4.510054827 0.45199473026 -3.3925 0.309181 -0.231941 
4.519923925 0.45292488779 -3.456226 0.308495 -0.229227 
4.530211926 0.453894526718 -3.435145 0.314023 -0.233534 
4.540135861 0.454829852607 -3.499079 0.296646 -0.230256 
4.550002813 0.455759807878 -3.471426 0.322326 -0.226753 
4.560279846 0.456747168295 -3.549321 0.298182 -0.224319 
4.570214033 0.457744346585 -3.53583 0.313835 -0.210336 
4.580113888 0.458738078682 -3.557551 0.316502 -0.206669 
4.590425968 0.459773189285 -3.600239 0.282889 -0.191884 
4.600278854 0.460762206706 -3.600793 0.315232 -0.168487 
4.610155821 0.461754128713 -3.657913 0.295559 -0.185774 
4.620007992 0.462744804129 -3.665633 0.322241 -0.171611 
4.630329847 0.463782708161 -3.708139 0.304313 -0.168768 
4.640187979 0.464773982979 -3.730741 0.313962 -0.165665 
4.650041819 0.46576482622 -3.745109 0.320047 -0.16139 
4.659941912 0.4667590208 -3.76647 0.307492 -0.147364 
4.670228958 0.467779321715 -3.801713 0.325344 -0.124178 
4.680115938 0.468759942853 -3.788026 0.310205 -0.138745 
4.689981937 0.469738483029 -3.859768 0.328932 -0.136973 
4.700344801 0.470766303808 -3.853508 0.317873 -0.121683 
4.710173845 0.471741178674 -3.909588 0.330808 -0.109433 
4.720083952 0.472724956953 -3.931537 0.323839 -0.106308 
4.73037982 0.473808687172 -3.946711 0.331258 -0.093901 
4.740244866 0.474847069606 -3.933257 0.332355 -0.079784 
4.750140905 0.475888714323 -3.955485 0.343023 -0.068049 
4.759996891 0.476890412491 -3.969529 0.333723 -0.065589 
4.770330906 0.477888012023 -3.991412 0.359402 -0.053742 
4.780186892 0.478839464776 -4.013391 0.331545 -0.027901 
4.790087938 0.479795267419 -4.063532 0.357226 -0.026508 
4.799998999 0.480752036866 -4.042554 0.335314 -0.051224 
4.810277939 0.481755447463 -4.149359 0.350127 -0.039032 
4.820123911 0.482746720149 -4.13559 0.342773 -0.034145 
4.82999897 0.483740921256 -4.15768 0.347112 -0.029323 
4.840312004 0.484779216806 -4.229245 0.349324 -0.017559 
4.850193024 0.485798867546 -4.194424 0.354793 -0.034048 
4.860071898 0.486849914292 -4.230651 0.349389 -0.000265 
4.869987011 0.487730125562 -4.280646 0.35021 -0.017634 
4.880259991 0.488758535407 -4.281297 0.343411 0.007447 
4.890120983 0.489748191658 -4.338273 0.3622 0.001446 
4.899993897 0.490739044409 -4.332187 0.341785 -0.022481 
4.910333872 0.491806683683 -4.424712 0.357606 -0.008888 
4.920193911 0.49286558208 -4.417869 0.353384 -0.011897 
4.930082798 0.493842496599 -4.460855 0.360301 -0.016124 
4.939990997 0.494821318934 -4.503977 0.364524 -0.000644 
4.950280905 0.495837849968 -4.51872 0.36422 -0.005486 
4.96012187 0.496867288531 -4.555068 0.365865 -0.000472 
4.969997883 0.497929242227 -4.605179 0.366682 -0.016926 
4.980316877 0.498926441011 -4.626915 0.353106 -0.011533 
4.990204811 0.49988198336 -4.677507 0.378045 -0.027953 
5.000089884 0.50083724923 -4.678134 0.369679 -0.023551 
5.00993681 0.501787458575 -4.728497 0.379393 -0.000118 
5.020277977 0.502786128224 -4.736132 0.365652 -0.015961 
5.030104876 0.503770156288 -4.729741 0.387807 0.016436 
5.040021896 0.504763208725 -4.751502 0.373226 0.010451 
5.050339937 0.50579641787 -4.752191 0.380656 0.011049 
5.06020689 0.506868797464 -4.816571 0.381473 0.033153 
5.070073843 0.507942664586 -4.795293 0.377824 0.027636 
5.079976797 0.508877012221 -4.831415 0.371417 0.020546 
5.090287924 0.509849871139 -4.889435 0.38532 0.053396 
5.100131989 0.510778662573 -4.868426 0.381499 0.037535 
5.110049009 0.511788512459 -4.918679 0.383156 0.04978 
5.120328903 0.512891816636 -4.905834 0.391525 0.051405 
5.130168915 0.513851023161 -4.94943 0.389877 0.061202 
5.140045881 0.51481164921 -4.971741 0.392039 0.060586 
5.149951935 0.515775104335 -4.936915 0.389733 0.080886 
5.160245895 0.516800701552 -4.959398 0.38439 0.080215 
5.170127869 0.517828482768 -4.946204 0.383749 0.091887 
5.179975987 0.518807816421 -4.968482 0.394979 0.112923 
5.190284968 0.519832980012 -4.976168 0.381799 0.106381 
5.20016098 0.520815087548 -4.998087 0.392922 0.118362 
5.210034847 0.521793171223 -5.034249 0.386233 0.121369 
5.22041297 0.522809603703 -5.006333 0.387056 0.105194 
5.230315924 0.523784179625 -5.077929 0.382774 0.127365 
5.240182877 0.524761462583 -5.0928 0.382586 0.129746 
5.250033856 0.525737163378 -5.107417 0.380721 0.131889 
5.260344029 0.526761405955 -5.136196 0.380426 0.163773 
5.270217896 0.527746982777 -5.101806 0.393619 0.164533 
5.280098915 0.528734744794 -5.102648 0.385767 0.173284 
5.289968968 0.529721815446 -5.117844 0.385128 0.203998 
5.300272942 0.530752281071 -5.103688 0.377347 0.203145 
5.310283899 0.531750842042 -5.118564 0.385342 0.222107 
5.320086002 0.532724379879 -5.090741 0.385723 0.232433 
5.329982996 0.533717834313 -5.127198 0.379707 0.25288 
5.340209961 0.534745999627 -5.163711 0.381306 0.252942 
5.350106001 0.535740895481 -5.142657 0.385106 0.24436 
5.359957934 0.536737940489 -5.164799 0.389284 0.265587 
5.370347977 0.53780510956 -5.208471 0.393284 0.266688 
5.380188942 0.538786937605 -5.194677 0.395959 0.270159 
5.390021801 0.53976795692 -5.224456 0.385675 0.282645 
5.399914026 0.540754899149 -5.238996 0.384255 0.286865 
5.410157919 0.541828774487 -5.246794 0.388156 0.278715 
5.42005682 0.542926046624 -5.261669 0.402242 0.291059 
5.430018902 0.543894572511 -5.291001 0.38536 0.303983 
5.440316916 0.54489575812 -5.298556 0.388428 0.294798 
5.450204849 0.545857075149 -5.31341 0.395458 0.308248 
5.46005702 0.546814972031 -5.356763 0.393699 0.309906 
5.470384836 0.547821361232 -5.357141 0.392561 0.323545 
5.480258942 0.548823305773 -5.393237 0.387159 0.327833 
5.490150929 0.549827064734 -5.42228 0.392903 0.320485 
5.499977827 0.550824218988 -5.415528 0.38896 0.336874 
5.510342836 0.551855223907 -5.472235 0.402552 0.340731 
5.520210028 0.552814573165 -5.501683 0.400781 0.335157 
5.530080795 0.553814391836 -5.516304 0.408542 0.339672 
5.540385008 0.554859956555 -5.566633 0.410477 0.342736 
5.550272942 0.555863281596 -5.595629 0.41554 0.348358 
5.560151816 0.556829689442 -5.645663 0.416801 0.333981 
5.570020914 0.557767377586 -5.69633 0.417879 0.340588 
5.580334902 0.558783858031 -5.710752 0.417907 0.329685 
5.590210915 0.559759158945 -5.782274 0.421845 0.317145 
5.600070953 0.560732882257 -5.825721 0.419117 0.314206 
5.610378027 0.561776161871 -5.897395 0.439853 0.310156 
5.620256901 0.562861613601 -5.940295 0.428684 0.296157 
5.630131006 0.563834471232 -5.961664 0.44003 0.322518 
5.64000392 0.564807211518 -6.019224 0.444761 0.295168 
5.650307894 0.56582242249 -6.03384 0.443618 0.290207 
5.660218 0.566789966526 -6.063013 0.450081 0.305249 
5.670073986 0.567740925767 -6.127656 0.442543 0.300429 
5.680405855 0.568784491959 -6.149569 0.445482 0.29583 
5.690276861 0.569781508873 -6.193006 0.450935 0.280893 
5.700161934 0.570779946619 -6.229182 0.460086 0.285963 
5.710012913 0.57181699037 -6.279465 0.470363 0.289202 
5.720331907 0.572930719511 -6.294431 0.468485 0.29409 
5.73021698 0.573921760217 -6.315843 0.454639 0.278255 
5.740080834 0.574910673586 -6.337927 0.481433 0.28104 
5.749993801 0.575904510841 -6.395528 0.470768 0.2832 
5.760285854 0.576884578862 -6.425225 0.493128 0.275829 
5.77016592 0.57781216499 -6.447701 0.470579 0.271372 
5.780016899 0.578782425928 -6.469141 0.48232 0.26628 
5.790337801 0.579798971396 -6.541471 0.501986 0.249562 
5.800201893 0.580770523884 -6.570694 0.524125 0.254493 
5.810091019 0.581744542067 -6.628533 0.505388 0.248211 
5.81990099 0.582710763969 -6.664801 0.507597 0.233031 
5.8302598 0.583793385073 -6.70041 0.50125 0.228145 
5.840147972 0.584828574352 -6.758543 0.513417 0.200478 
5.849996805 0.585859645245 -6.801559 0.518488 0.214247 
5.860301972 0.586938489586 -6.830738 0.516889 0.219017 
5.870213986 0.587958032212 -6.874769 0.531463 0.20217 
5.880070925 0.588926739847 -6.896439 0.533569 0.196536 
5.88992691 0.589895353725 -6.961381 0.533757 0.17947 
5.900278807 0.590912704209 -7.005108 0.547945 0.192245 
5.910094977 0.5918774052 -7.034252 0.55296 0.164337 
5.919929981 0.592843957135 -7.063355 0.551084 0.178288 
5.930275917 0.593863030705 -7.100071 0.553798 0.169288 
5.94016099 0.59483687504 -7.150836 0.57051 0.159915 
5.950089932 0.595815041202 -7.194452 0.57664 0.161502 
5.959951878 0.596786607142 -7.230412 0.578581 0.153672 
5.970278978 0.597803998499 -7.275097 0.583061 0.136952 
5.98018384 0.598825526444 -7.333113 0.580839 0.120678 
5.98999691 0.599838827927 -7.39814 0.604484 0.11387 
6.000317812 0.600904568342 -7.456668 0.608293 0.088773 
6.010191918 0.601924172425 -7.549839 0.614979 0.050846 
6.020095825 0.602915525343 -7.61554 0.630937 0.035469 
6.030002832 0.603869877833 -7.680593 0.639183 0.029592 
6.040321827 0.604863917563 -7.752929 0.650786 0.002601 
6.0502038 0.605815858501 -7.825644 0.655159 -0.004132 
6.060055018 0.606764836777 -7.912399 0.667318 -0.010928 
6.07037282 0.607758761584 -7.970587 0.678076 -0.046185 
6.080250979 0.608750084258 -8.092918 0.675385 -0.071132 
6.090135813 0.609749593229 -8.165794 0.701641 -0.115951 
6.100010872 0.610748113796 -8.273561 0.716373 -0.130881 
6.110345841 0.611793138348 -8.389153 0.733278 -0.158235 
6.120218992 0.612791465987 -8.454951 0.756569 -0.183899 
6.130069017 0.613773221585 -8.563875 0.754933 -0.200596 
6.140398026 0.614802197646 -8.650003 0.764583 -0.238161 
6.15026784 0.615785428694 -8.744293 0.787146 -0.265345 
6.160132885 0.616768184654 -8.846311 0.805271 -0.301769 
6.169956923 0.617746855495 -8.940124 0.818708 -0.326127 
6.180285931 0.618786696898 -9.034296 0.841998 -0.36133 
6.190155983 0.619780734009 -9.185342 0.85212 -0.397478 
6.200024843 0.620774651072 -9.308463 0.873098 -0.422639 
6.210294008 0.621808883831 -9.437857 0.889615 -0.468467 
6.220201969 0.622806738851 -9.524951 0.915309 -0.484029 
6.230058909 0.623796602364 -9.648331 0.944296 -0.531532 
6.239949942 0.624784845916 -9.771387 0.948873 -0.568056 
6.25027585 0.625816539167 -9.908392 0.960956 -0.62404 
6.260154009 0.625816539167 -10.031361 0.98138 -0.630837 
