0.0 0.00013731735368 -0.022832 -0.03586 0.012927 
0.009885073 0.00108877816373 -0.008609 -0.042353 0.013356 
0.019705057 0.00203397400915 -0.016174 -0.038443 0.003375 
0.030044079 0.00302912844525 -0.023212 -0.033345 0.013286 
0.039918185 0.00399422990376 -0.023527 -0.041861 0.002767 
0.049792052 0.00499457765706 0.00453 -0.040749 0.004159 
0.060091019 0.00603799342312 -0.017219 -0.045179 0.003065 
0.069992066 0.00704109485458 -0.002864 -0.044449 0.013647 
0.079883099 0.00804318174105 0.018123 -0.047306 0.003298 
0.089696169 0.00903287987166 -0.00336 -0.027545 0.002612 
0.100053072 0.0100663216784 0.018479 -0.038509 0.003721 
0.109919071 0.0110507796609 -0.009845 -0.031851 0.024529 
0.119827986 0.0120395199263 -0.010732 -0.032931 0.013692 
0.130102158 0.013064706594 -0.017329 -0.037122 0.014253 
0.140024185 0.0140558144031 -0.017157 -0.029617 0.014309 
0.149877072 0.0150424380088 -0.038251 -0.03555 -0.006175 
0.15969801 0.016025862386 -0.017106 -0.030178 0.005008 
0.170042992 0.0170617621625 -0.017283 -0.023409 0.014915 
0.179917097 0.0180505104429 -0.024316 -0.027216 0.015349 
0.189788103 0.0190386906826 -0.031323 -0.015624 0.014852 
0.200112105 0.0200716671661 -0.009723 -0.020265 -0.00479 
0.209995985 0.021060606882 -0.01675 -0.016011 0.005916 
0.219871044 0.0220486640056 -0.031282 -0.009972 0.005241 
0.229710102 0.0230331190196 -0.038355 -0.014061 0.015772 
0.240046978 0.0240725633014 -0.024847 -0.014129 0.00542 
0.249922037 0.025075789565 -0.038665 -0.014515 0.015525 
0.259788037 0.0260780955073 -0.031455 -0.017477 0.005185 
0.270109177 0.0271266399989 -0.052711 -0.014792 0.00519 
0.280004025 0.0281318766651 -0.024452 -0.005049 -0.004255 
0.289884091 0.0291170825112 -0.046108 -0.002539 0.014901 
0.299702168 0.0300725745204 -0.032022 -0.00198 0.01514 
0.310024023 0.0310770940381 -0.032164 -0.002991 0.004676 
0.31991601 0.0320397789442 -0.025258 0.001655 0.004362 
0.329795122 0.0330012108594 -0.04655 -0.010216 0.004502 
0.340108156 0.034025804118 -0.053866 0.000922 0.003758 
0.350008965 0.0350640833347 -0.046996 -0.003619 0.004064 
0.359894038 0.0361007123467 -0.047168 -0.011124 0.004008 
0.369697094 0.0371287403902 -0.054961 0.000117 0.013235 
0.380038023 0.0382131741635 -0.047432 -0.003234 0.003937 
0.389919997 0.0392129952246 -0.054881 0.00068 -0.006959 
0.399821997 0.0401798495355 -0.026434 -0.006935 -0.005615 
0.41012311 0.041185674168 -0.034314 0.005426 -0.006366 
0.42001009 0.0421510618912 -0.048871 -0.003935 -0.006111 
0.429888964 0.0431156581256 -0.056178 0.00099 -0.006544 
0.439746142 0.0440986065569 -0.062917 -0.004212 -0.016446 
0.450064183 0.0451719459413 -0.048684 -0.011547 -0.015222 
0.45995903 0.0462012623578 -0.048334 -0.010811 -0.025072 
0.46982503 0.0472275779507 -0.084422 -0.008754 -0.025679 
0.480148077 0.0483014380867 -0.070107 -0.015526 -0.044648 
0.49000001 0.0492735214913 -0.076699 -0.011656 -0.033814 
0.49990511 0.0502095559692 -0.069002 -0.015564 -0.053328 
0.509761095 0.051140949067 -0.082688 -0.015948 -0.072718 
0.520050049 0.0521132578459 -0.083376 -0.008517 -0.07212 
0.529956103 0.053049382477 -0.061618 -0.010299 -0.070716 
0.539834023 0.0540025373978 -0.097275 -0.016687 -0.081468 
0.550146103 0.0550329944434 -0.089552 -0.029335 -0.069705 
0.560022116 0.0560198765446 -0.103775 -0.022842 -0.070134 
0.569962979 0.0570132389233 -0.104181 -0.015963 -0.080668 
0.57978797 0.0579950225401 -0.104348 -0.015406 -0.070452 
0.590066195 0.059024113728 -0.097001 -0.02005 -0.080116 
0.599987984 0.0600230578106 -0.096392 -0.012929 -0.079932 
0.609861136 0.06101710503 -0.110519 -0.013769 -0.070074 
0.620172024 0.0620552243203 -0.103871 -0.010139 -0.079936 
0.630048991 0.063049655641 -0.103608 -0.018029 -0.079865 
0.639945984 0.0640431577421 -0.131801 -0.01209 -0.081447 
0.649800062 0.0650238739842 -0.103233 -0.011639 -0.070747 
0.66013217 0.0660521656348 -0.109977 -0.007936 -0.071172 
0.670016051 0.0670358479877 -0.124206 -0.009505 -0.081874 
0.679859162 0.0680154727513 -0.109561 -0.001265 -0.072151 
0.69018817 0.0690533663608 -0.123542 0.004394 -0.073615 
0.700060129 0.0700728209713 -0.116555 -0.000142 -0.074225 
0.709952116 0.0710943438275 -0.115881 0.007544 -0.065656 
0.719803095 0.0721116318815 -0.122665 0.010965 -0.055985 
0.730113983 0.0731764136852 -0.100548 0.008354 -0.056532 
0.739992142 0.0741680673207 -0.100568 0.01541 -0.057638 
0.749818087 0.0751151058726 -0.093064 0.018274 -0.038666 
0.760153055 0.0761112047851 -0.107197 0.009372 -0.03908 
0.770020008 0.0770621957464 -0.114239 0.011777 -0.038957 
0.779906988 0.0780151169384 -0.099388 0.019743 -0.049548 
0.789769173 0.0789752727001 -0.113581 0.017615 -0.040971 
0.800076962 0.0800202558327 -0.106072 0.02132 -0.051374 
0.809929133 0.0810190493193 -0.112856 0.024741 -0.041703 
0.81983614 0.0820234019704 -0.113085 0.015105 -0.042245 
0.830129147 0.0831161552401 -0.112963 0.023171 -0.032888 
0.840043068 0.0841324290458 -0.11985 0.025863 -0.043777 
0.849904061 0.0850290697126 -0.133546 0.016577 -0.044063 
0.859769106 0.0860117614717 -0.13994 0.021015 -0.054339 
0.870007038 0.0870315978138 -0.154083 0.018326 -0.055063 
0.879949093 0.0880219608093 -0.146496 0.024326 -0.024227 
0.889809132 0.0890250336003 -0.138713 0.019299 -0.033764 
0.900096178 0.0901395804377 -0.152439 0.018633 -0.043056 
0.910026074 0.0911205711527 -0.16611 0.010352 -0.031964 
0.919885159 0.0920945663329 -0.144179 0.016075 -0.030505 
0.929758072 0.0930699276039 -0.171814 -0.001664 -0.030043 
0.940078974 0.0941323677045 -0.186159 -0.003237 -0.039829 
0.949926138 0.0952064315952 -0.185621 -0.002893 -0.019142 
0.959825039 0.0961662688787 -0.198937 -0.019342 -0.027377 
0.970107079 0.0971632568616 -0.184059 -0.010371 -0.026589 
0.980059147 0.0981282494314 -0.197649 -0.018088 -0.035691 
0.989914179 0.0990833906991 -0.205127 -0.015298 -0.035694 
0.999793053 0.100040810447 -0.198028 -0.010203 -0.034846 
1.01010108 0.101060202459 -0.225704 -0.028224 -0.024288 
1.020015002 0.102040620234 -0.211688 -0.019326 -0.022959 
1.029858113 0.103014035295 -0.232371 -0.024076 -0.022636 
1.040182114 0.104119843939 -0.239855 -0.029348 -0.032912 
1.050060034 0.105227027649 -0.240241 -0.029525 -0.04234 
1.059910059 0.10616408475 -0.233288 -0.026281 -0.02258 
1.069790125 0.107103999725 -0.241224 -0.016051 -0.023816 
1.080111981 0.10808594327 -0.255919 -0.02373 -0.024238 
1.090003014 0.109070395457 -0.249002 -0.019928 -0.023756 
1.099820137 0.110147297824 -0.234439 -0.019472 -0.033488 
1.110140086 0.111145130588 -0.249205 -0.028558 -0.012919 
1.120021105 0.112100523342 -0.235823 -0.027787 -0.023152 
1.129883051 0.113054071933 -0.243039 -0.032886 -0.023084 
1.139755011 0.114020430196 -0.272119 -0.042421 -0.023195 
1.150074005 0.115084216247 -0.23029 -0.032299 -0.012334 
1.159965039 0.116078044905 -0.258767 -0.042775 -0.022534 
1.169816017 0.117067848828 -0.259507 -0.034783 -0.012635 
1.180147171 0.118105899746 -0.260105 -0.042747 -0.012023 
1.190026999 0.119091776119 -0.28198 -0.040969 -0.012511 
1.199907065 0.120058297719 -0.246794 -0.043383 -0.001265 
1.209764958 0.121024955532 -0.296583 -0.058673 -0.012432 
1.220092058 0.12204265742 -0.268674 -0.049667 -0.012026 
1.22995019 0.123014144048 -0.269317 -0.049008 0.00816 
1.239814043 0.123986834538 -0.28386 -0.042126 0.006689 
1.250149012 0.125008131612 -0.270083 -0.042021 0.00668 
1.26002717 0.125995047524 -0.291827 -0.055357 -0.00389 
1.269905091 0.12698510487 -0.256879 -0.034481 0.006354 
1.279752016 0.127972055508 -0.264273 -0.055148 -0.003907 
1.290075064 0.12900639212 -0.314162 -0.037235 0.003865 
1.299950123 0.129994384191 -0.243321 -0.050225 0.006114 
1.309836149 0.130985380576 -0.285793 -0.059688 0.01544 
1.320156098 0.132020039124 -0.27238 -0.035456 0.01455 
1.330031157 0.133010093843 -0.286532 -0.051696 0.025339 
1.339908123 0.13401037651 -0.315277 -0.045378 0.024544 
1.349764109 0.135055283612 -0.250541 -0.04642 0.015658 
1.360077143 0.136079218164 -0.314807 -0.053542 0.004302 
1.36995697 0.137060141551 -0.272669 -0.042966 0.015409 
1.379798174 0.138037230234 -0.25801 -0.049843 0.015965 
1.390130043 0.139109027972 -0.29431 -0.055573 0.025399 
1.40003419 0.140203696949 -0.265306 -0.045761 0.016328 
1.409913063 0.141167563466 -0.300988 -0.050582 0.026255 
1.419767142 0.142129010871 -0.286729 -0.042519 0.026549 
1.430073023 0.143134539906 -0.264707 -0.05219 0.028024 
1.439953089 0.144095982873 -0.314618 -0.058581 0.02725 
1.449872971 0.145057440696 -0.264702 -0.044129 0.038297 
1.460178137 0.146099160798 -0.307523 -0.044582 0.037575 
1.470050097 0.147098474791 -0.286252 -0.057015 0.028889 
1.47993207 0.148098802375 -0.257364 -0.062323 0.040146 
1.489789963 0.149080612716 -0.314678 -0.056455 0.028651 
1.500096083 0.150075488839 -0.257532 -0.061766 0.050363 
1.509979964 0.151077031283 -0.307355 -0.059532 0.039667 
1.519850016 0.152078421171 -0.300317 -0.047663 0.049506 
1.530174017 0.153125867548 -0.271551 -0.061037 0.051406 
1.540050984 0.15410796919 -0.299825 -0.045917 0.050119 
1.549926997 0.155070916501 -0.25709 -0.044343 0.040864 
1.559787989 0.156038870648 -0.249818 -0.046859 0.06118 
1.570091963 0.157050481603 -0.299998 -0.053422 0.050063 
1.579953194 0.158018625477 -0.242719 -0.041764 0.062028 
1.589828015 0.159001746106 -0.313895 -0.044626 0.060463 
1.600157023 0.160137290296 -0.235696 -0.051507 0.073108 
1.610035181 0.161111633707 -0.306873 -0.071336 0.051793 
1.619912148 0.162085859642 -0.272179 -0.048784 0.062277 
1.629743099 0.163055546736 -0.25073 -0.05102 0.063434 
1.640082121 0.164066640378 -0.293896 -0.061113 0.063085 
1.649976969 0.165018420185 -0.279237 -0.06799 0.063641 
1.659836054 0.166013767178 -0.258052 -0.062337 0.064727 
1.669744969 0.167014144875 -0.29385 -0.05277 0.063261 
1.680031061 0.168052601358 -0.2583 -0.069565 0.05549 
1.689905167 0.16907374192 -0.300903 -0.063915 0.074898 
1.699767113 0.170141402515 -0.273395 -0.062304 0.054807 
1.710108996 0.171189777304 -0.287293 -0.063254 0.085106 
1.719982147 0.17219063591 -0.237241 -0.072819 0.076594 
1.72984004 0.173189947785 -0.223281 -0.071422 0.076952 
1.739747048 0.174129886297 -0.27303 -0.069464 0.075438 
1.750030995 0.175060758072 -0.237165 -0.06335 0.065877 
1.759904146 0.176037044989 -0.229904 -0.059653 0.085883 
1.769765139 0.177012129686 -0.251439 -0.056297 0.074749 
1.780097962 0.178033870356 -0.222983 -0.070125 0.076402 
1.78997612 0.17901065238 -0.265738 -0.064642 0.084551 
1.79983902 0.179985925647 -0.244705 -0.059156 0.074378 
1.810163021 0.181062673977 -0.244746 -0.059438 0.084475 
1.82003212 0.18209615726 -0.23788 -0.055074 0.094258 
1.829903126 0.183129840242 -0.217054 -0.049314 0.104398 
1.839766979 0.184162774168 -0.245897 -0.067744 0.09298 
1.850107193 0.185228978752 -0.232227 -0.059463 0.081888 
1.85999012 0.186200368813 -0.218398 -0.042954 0.092328 
1.869837046 0.187168220346 -0.247403 -0.052766 0.101399 
1.880145073 0.188181393364 -0.240314 -0.063794 0.081702 
1.890088082 0.189158688868 -0.254892 -0.049133 0.1006 
1.899897099 0.190122814336 -0.19087 -0.058144 0.093241 
1.909751177 0.191092447936 -0.240355 -0.064076 0.091798 
1.920120001 0.192112746609 -0.20558 -0.050706 0.101986 
1.929955006 0.193080517163 -0.198481 -0.062577 0.083085 
1.939874172 0.194056569212 -0.24148 -0.056261 0.092269 
1.949704171 0.195023847173 -0.184658 -0.054129 0.083252 
1.96005702 0.196086458075 -0.190849 -0.0652 0.094348 
1.969851971 0.197095161071 -0.241074 -0.06314 0.102803 
1.979686976 0.198107988906 -0.184253 -0.061008 0.093787 
1.990038157 0.199173973543 -0.212861 -0.061741 0.093183 
1.999900103 0.200176028651 -0.212278 -0.070019 0.094297 
2.009773016 0.201130031057 -0.226967 -0.069637 0.104148 
2.019627095 0.202082213567 -0.227104 -0.062586 0.103957 
2.029951096 0.203079803822 -0.205675 -0.07216 0.116317 
2.039829016 0.204034290047 -0.220288 -0.056939 0.115937 
2.049710989 0.204989167905 -0.191096 -0.064485 0.117654 
2.060041189 0.206019614687 -0.205041 -0.080999 0.10813 
2.069918156 0.207017226465 -0.219501 -0.065611 0.119009 
2.079799176 0.208015247611 -0.205004 -0.080836 0.120305 
2.08961916 0.209007103886 -0.254387 -0.070924 0.120009 
2.099954129 0.210050975633 -0.183224 -0.067338 0.143049 
2.109865189 0.211038302595 -0.210667 -0.084628 0.144673 
2.119721175 0.212018388238 -0.245532 -0.082603 0.13447 
2.130048037 0.213045298096 -0.224301 -0.068606 0.135732 
2.139926195 0.214027588537 -0.252067 -0.071233 0.146276 
2.149805069 0.215009950178 -0.215949 -0.081189 0.148785 
2.159621001 0.215996636221 -0.286374 -0.07592 0.157866 
2.169968128 0.217037991454 -0.250783 -0.070097 0.160233 
2.179865122 0.218034044415 -0.257582 -0.082918 0.171631 
2.189723969 0.219026258188 -0.278093 -0.080163 0.17201 
2.200052977 0.220065789889 -0.241949 -0.07472 0.173588 
2.209928036 0.221056835838 -0.28437 -0.084744 0.173613 
2.219807148 0.22204412441 -0.269361 -0.085515 0.164805 
2.22962308 0.223025098964 -0.262206 -0.088035 0.186037 
2.239987135 0.224060851273 -0.276358 -0.074766 0.165104 
2.249866009 0.225048116061 -0.232957 -0.08808 0.188726 
2.259737015 0.226050815597 -0.296472 -0.08707 0.188016 
2.270030976 0.227097136072 -0.260689 -0.098486 0.1789 
2.279926062 0.228102913253 -0.303303 -0.091993 0.197512 
2.289805174 0.229107066771 -0.282229 -0.080855 0.177728 
2.299627066 0.23010518386 -0.24644 -0.084209 0.178884 
2.310055971 0.231121998152 -0.274237 -0.09333 0.199835 
2.319947958 0.232086463143 -0.287888 -0.094273 0.199724 
2.32981205 0.233048208381 -0.280479 -0.074331 0.188509 
2.340131045 0.23405430649 -0.266576 -0.075065 0.188381 
2.350008011 0.235017306939 -0.252369 -0.083406 0.178227 
2.35988617 0.236042999982 -0.273595 -0.089341 0.187238 
2.369718075 0.237072560841 -0.266831 -0.085706 0.17646 
2.380064011 0.238155949132 -0.281064 -0.078371 0.175235 
2.389935971 0.239189704403 -0.295429 -0.072889 0.164343 
2.399810076 0.240220261894 -0.224466 -0.077813 0.175949 
2.410135031 0.241225447819 -0.259297 -0.093314 0.165276 
2.420016051 0.242187414454 -0.252487 -0.081335 0.154674 
2.429890156 0.24314870788 -0.260453 -0.0776 0.163844 
2.439746142 0.244108237331 -0.239201 -0.066011 0.173801 
2.450073004 0.245113608911 -0.231911 -0.078155 0.163166 
2.459936142 0.2461387295 -0.23179 -0.087055 0.152774 
2.469815016 0.247167322521 -0.239193 -0.084542 0.161952 
2.480143071 0.248242684479 -0.224843 -0.091873 0.162261 
2.490019083 0.249270979508 -0.253462 -0.086393 0.161347 
2.499878168 0.250279889399 -0.246256 -0.07508 0.160969 
2.509757996 0.251214414542 -0.238858 -0.078434 0.181167 
2.520066977 0.252189532929 -0.253133 -0.088347 0.17029 
2.52994299 0.253123697214 -0.245933 -0.085096 0.159639 
2.539824009 0.254058335013 -0.253021 -0.074067 0.179336 
2.550143004 0.255034400617 -0.252586 -0.091418 0.159714 
2.560016156 0.256022156192 -0.238184 -0.082344 0.170472 
2.569929123 0.25701451587 -0.252027 -0.068621 0.149786 
2.579790116 0.258001672575 -0.259537 -0.072325 0.160189 
2.59013319 0.259037089074 -0.279712 -0.063462 0.179783 
2.600003958 0.260025224326 -0.258253 -0.066541 0.181736 
2.609866143 0.261012115052 -0.278763 -0.063786 0.182115 
2.619731188 0.261999269333 -0.263968 -0.072345 0.183347 
2.630022049 0.263029033261 -0.263125 -0.064493 0.174596 
2.63993001 0.264020481969 -0.284705 -0.037398 0.163622 
2.649796009 0.265007731713 -0.298355 -0.038341 0.163511 
2.660137177 0.2660383864 -0.275492 -0.049906 0.176133 
2.67001009 0.267022119085 -0.295957 -0.055774 0.156938 
2.679862023 0.268003761332 -0.309541 -0.055429 0.158109 
2.689738035 0.2689878028 -0.309053 -0.039408 0.168684 
2.700049162 0.270015198935 -0.315903 -0.036553 0.16997 
2.709928036 0.271030099107 -0.301112 -0.036207 0.180679 
2.719805002 0.272053335739 -0.321845 -0.025281 0.17089 
2.730134011 0.273123403246 -0.306598 -0.032374 0.182832 
2.739984036 0.274143848837 -0.320511 -0.025428 0.18265 
2.750197172 0.275199736976 -0.29132 -0.032974 0.184367 
2.760186196 0.276164047658 -0.319233 -0.01796 0.174026 
2.770058155 0.277117057232 -0.333785 -0.019259 0.184553 
2.779929161 0.278069974807 -0.354732 -0.01612 0.184805 
2.789770127 0.27901999241 -0.340372 -0.024294 0.18591 
2.800132036 0.280020300301 -0.340133 -0.015501 0.187248 
2.809978962 0.28100477988 -0.353605 -0.000877 0.197466 
2.819853068 0.282000448525 -0.332191 -0.012299 0.199243 
2.829743147 0.282997727829 -0.331614 -0.02864 0.190084 
2.840015173 0.284033521269 -0.360039 -0.02271 0.190333 
2.849886179 0.285144568664 -0.352742 0.005289 0.190306 
2.859848023 0.28604703933 -0.36699 -0.003618 0.190808 
2.870133162 0.28703501118 -0.359851 -0.007986 0.201457 
2.880011082 0.288020712045 -0.36698 -0.00446 0.191604 
2.889860153 0.289003534118 -0.380974 0.001923 0.211615 
2.900174141 0.290032749468 -0.374057 0.005725 0.212097 
2.910044194 0.291092238276 -0.367187 0.001184 0.212403 
2.919914961 0.292097893928 -0.381846 0.008061 0.211847 
2.929795981 0.293082754435 -0.395846 0.006383 0.221586 
2.940124989 0.294112266779 -0.374676 0.010187 0.212089 
2.950000048 0.295096533143 -0.374407 0.010359 0.222433 
2.959860087 0.296172491283 -0.388487 0.017862 0.232467 
2.96971798 0.297149282763 -0.395677 0.028162 0.231604 
2.980057001 0.298154209854 -0.367316 0.038633 0.24272 
2.989927054 0.299113554422 -0.380968 0.020724 0.222859 
2.999796152 0.300072806167 -0.394612 0.027843 0.233021 
3.010145188 0.301067233247 -0.416137 0.030356 0.222682 
3.019994974 0.302035297971 -0.394703 0.043238 0.233006 
3.02985406 0.303017927703 -0.401462 0.030698 0.234307 
3.039704085 0.303999654348 -0.408672 0.03366 0.244647 
3.050018072 0.305049086126 -0.408459 0.041447 0.234606 
3.059895039 0.306181641573 -0.429593 0.052199 0.243968 
3.069781065 0.307165624326 -0.415932 0.052299 0.244875 
3.080116034 0.30814459034 -0.41504 0.044474 0.246236 
3.089961052 0.309077146406 -0.443176 0.057914 0.245625 
3.099866152 0.310021215457 -0.443004 0.065419 0.245681 
3.109697104 0.311071869841 -0.471602 0.063843 0.245873 
3.120012999 0.312126655397 -0.435672 0.044533 0.237743 
3.129901171 0.313084468964 -0.441821 0.056081 0.258977 
3.139780045 0.314041381885 -0.462966 0.065824 0.228381 
3.150117159 0.315042682028 -0.455608 0.077304 0.239262 
3.159968138 0.316054564804 -0.462423 0.072379 0.220178 
3.169877053 0.317065332675 -0.518666 0.059277 0.220522 
3.17969513 0.318050537975 -0.496259 0.064898 0.212012 
3.190052033 0.319089812339 -0.516713 0.075153 0.213363 
3.199928046 0.320080831287 -0.502119 0.067711 0.205533 
3.209784031 0.321045409309 -0.515176 0.057646 0.207332 
3.220117092 0.322051764554 -0.528936 0.079876 0.198996 
3.229990006 0.323026028027 -0.542343 0.078821 0.190746 
3.239871979 0.32400136318 -0.563704 0.080659 0.192463 
3.249694109 0.324970791924 -0.563014 0.07932 0.185247 
3.260058165 0.325996011292 -0.604582 0.076305 0.177317 
3.269935131 0.326978618766 -0.590195 0.084253 0.170388 
3.279798031 0.327968680847 -0.611456 0.069853 0.172915 
3.290117026 0.329004526861 -0.640646 0.083491 0.16458 
3.299997092 0.329996312106 -0.662271 0.076252 0.146476 
3.309852124 0.330996486028 -0.683819 0.086424 0.1502 
3.319702149 0.331988791904 -0.726542 0.099845 0.133734 
3.330054045 0.333020212275 -0.747441 0.08606 0.120104 
3.33992815 0.334004027514 -0.775894 0.092309 0.117038 
3.349807978 0.334988412969 -0.83963 0.076222 0.092102 
3.360124111 0.33606126639 -0.860427 0.094525 0.106472 
3.370002032 0.337064334392 -0.895804 0.102581 0.087446 
3.379882098 0.338050932776 -0.866608 0.086131 0.079687 
3.389739037 0.339035221757 -0.887594 0.094358 0.090521 
3.400056124 0.340065459951 -0.901508 0.099454 0.051177 
3.409929037 0.341179617161 -0.929035 0.105621 0.063059 
3.419811964 0.342170816345 -0.942426 0.094818 0.046128 
3.430122137 0.34317804407 -0.927031 0.094946 0.039644 
3.440009117 0.344143928966 -0.926674 0.109835 0.033448 
3.44988513 0.345108742467 -0.967497 0.10689 0.025892 
3.45974803 0.346050322006 -0.980963 0.113331 0.019529 
3.470052958 0.347070958289 -1.009068 0.133987 0.001407 
3.479938031 0.348076346132 -1.029344 0.12845 0.005646 
3.489812136 0.349080618445 -1.049748 0.121178 -0.022053 
3.500111103 0.350128102487 -1.049564 0.118817 -0.008406 
3.510020018 0.351081945154 -1.077422 0.124364 -0.037525 
3.519886971 0.352061078873 -1.056397 0.144006 -0.015465 
3.529716969 0.353061696653 -1.042188 0.141756 -0.032236 
3.54005909 0.354114444593 -1.070588 0.146841 -0.059771 
3.54994011 0.355113882159 -1.084429 0.15154 -0.067662 
3.559810162 0.356054702819 -1.127082 0.156623 -0.085219 
3.57013917 0.357058316796 -1.127323 0.163548 -0.090802 
3.580008984 0.358033291281 -1.161559 0.156614 -0.08692 
3.589891196 0.359009490484 -1.153935 0.176042 -0.102485 
3.599743128 0.359982698524 -1.189134 0.168305 -0.118622 
3.610061169 0.36109567754 -1.231331 0.165947 -0.134945 
3.619937182 0.362103018252 -1.273415 0.177868 -0.142222 
3.62984705 0.363072687956 -1.266294 0.181999 -0.146886 
3.640177012 0.364083463396 -1.30171 0.190495 -0.162918 
3.650053025 0.365049820425 -1.293779 0.178295 -0.178572 
3.659922123 0.366012015535 -1.32246 0.200897 -0.175226 
3.669784069 0.366991402011 -1.358272 0.200314 -0.181583 
3.680088043 0.368028521626 -1.393851 0.195092 -0.197362 
3.689975024 0.369023669899 -1.400613 0.212664 -0.212615 
3.69985199 0.370017810139 -1.428661 0.211312 -0.198043 
3.710174084 0.371178573882 -1.456183 0.209296 -0.202742 
3.720050097 0.372179741009 -1.469977 0.223061 -0.217561 
3.72992301 0.373176835242 -1.505231 0.225511 -0.222024 
3.739778042 0.37417212362 -1.532894 0.222485 -0.237186 
3.75009799 0.375191307052 -1.525017 0.225842 -0.24068 
3.759974003 0.376092633634 -1.588408 0.226617 -0.226342 
3.76985097 0.377043218673 -1.60994 0.236787 -0.251198 
3.780173064 0.378057178706 -1.630453 0.240145 -0.235651 
3.790033102 0.379025750051 -1.666259 0.257369 -0.251635 
3.799916983 0.379996663541 -1.658682 0.237093 -0.274815 
3.809775114 0.380965047557 -1.736569 0.253093 -0.261772 
3.820088148 0.382016613783 -1.736739 0.252401 -0.275549 
3.829964161 0.383055517946 -1.793827 0.241796 -0.271185 
3.839843035 0.384094723071 -1.83686 0.254763 -0.287897 
3.85016203 0.38518022659 -1.831173 0.25114 -0.272924 
3.860012055 0.386216396953 -1.853122 0.253917 -0.289697 
3.869893074 0.387196651411 -1.868996 0.252644 -0.297238 
3.879748106 0.388165622684 -1.890797 0.264492 -0.293275 
3.890079022 0.389181384056 -1.92704 0.266985 -0.289973 
3.899969101 0.390153801237 -1.927307 0.258512 -0.294626 
3.909813166 0.391121694207 -1.970339 0.271479 -0.311338 
3.920103073 0.392133719238 -1.984986 0.263841 -0.305892 
3.930001974 0.393107528713 -2.042013 0.260855 -0.322828 
3.939887047 0.394079977852 -2.04238 0.285585 -0.308542 
3.94974804 0.395050058108 -2.042653 0.26905 -0.323467 
3.960070133 0.396065499314 -2.099579 0.266793 -0.319842 
3.969979048 0.397062288074 -2.093512 0.2704 -0.325126 
3.979854107 0.398077331097 -2.143095 0.272404 -0.321689 
3.990164042 0.399137074394 -2.179374 0.275455 -0.337666 
4.000050068 0.400153244699 -2.179346 0.282553 -0.332905 
4.009926081 0.401168385782 -2.230004 0.276696 -0.318885 
4.019791127 0.402123379835 -2.230251 0.27556 -0.33474 
4.030091048 0.403118811391 -2.29496 0.27833 -0.321579 
4.039972067 0.404073758338 -2.281282 0.286371 -0.316707 
4.0498631 0.405029673084 -2.310218 0.283938 -0.312972 
4.060157061 0.406024528638 -2.346146 0.27798 -0.3189 
4.070048094 0.406994990375 -2.339471 0.273593 -0.304588 
4.079925061 0.407991567766 -2.397244 0.287504 -0.302148 
4.089790106 0.408986942237 -2.411779 0.277179 -0.307405 
4.100087166 0.410025906646 -2.433575 0.280124 -0.312919 
4.110002995 0.411026405179 -2.483265 0.28128 -0.307771 
4.119857073 0.412016520149 -2.490826 0.30897 -0.311724 
4.130162001 0.41304680222 -2.554461 0.293612 -0.316099 
4.140048027 0.414035202659 -2.554579 0.309326 -0.319428 
4.149923086 0.415022506621 -2.60475 0.302523 -0.314582 
4.159797192 0.416009715303 -2.633401 0.317227 -0.309334 
4.170092106 0.417043955413 -2.662099 0.306621 -0.32401 
4.180057049 0.418049498507 -2.68362 0.317799 -0.308908 
4.189871073 0.419039812658 -2.726774 0.3227 -0.334978 
4.200169087 0.420078965302 -2.741391 0.321557 -0.339939 
4.210052967 0.421076328486 -2.791876 0.323205 -0.325863 
4.21993208 0.422073210641 -2.814169 0.333307 -0.322514 
4.229750157 0.423047453544 -2.850363 0.303157 -0.328849 
4.240128041 0.424076478675 -2.880018 0.333021 -0.306669 
4.250002146 0.425055551306 -2.859389 0.305002 -0.322022 
4.259869099 0.426033914777 -2.916817 0.318808 -0.300057 
4.270173073 0.42707390216 -2.917849 0.334287 -0.28644 
4.280045986 0.428081708633 -2.953514 0.320439 -0.292297 
4.289911032 0.429088712059 -3.025408 0.324605 -0.289475 
4.299813032 0.430099487672 -2.997304 0.340153 -0.294525 
4.310094118 0.431148959598 -3.089877 0.315548 -0.281444 
4.320015192 0.43213139787 -3.083612 0.34206 -0.287603 
4.329871178 0.433088069401 -3.062749 0.331739 -0.292141 
4.34017396 0.434088109198 -3.112683 0.333007 -0.278853 
4.350013972 0.435043230212 -3.113441 0.339754 -0.264369 
4.359910012 0.436003789586 -3.177243 0.32423 -0.251424 
4.369794131 0.436999758112 -3.198866 0.351646 -0.237133 
4.380131007 0.438084063532 -3.212748 0.334449 -0.262266 
4.390019179 0.43912130133 -3.291674 0.357144 -0.238775 
4.39985919 0.440153487192 -3.248997 0.366935 -0.253247 
4.410139084 0.441231815381 -3.33478 0.346972 -0.239565 
4.420049191 0.442217197726 -3.342384 0.356692 -0.246066 
4.429924012 0.443177873425 -3.357533 0.348151 -0.24203 
4.439799071 0.444138572279 -3.414237 0.352116 -0.240546 
4.450126171 0.445143248111 -3.365429 0.367209 -0.205651 
4.459983111 0.446102184251 -3.4222 0.34755 -0.225685 
4.469870091 0.447099931102 -3.423207 0.363312 -0.193585 
4.480185986 0.448174972971 -3.472862 0.372933 -0.181953 
4.490051985 0.4492031302 -3.473602 0.354936 -0.179009 
4.499922037 0.4502317098 -3.494754 0.364442 -0.165061 
4.509785176 0.451259568981 -3.495396 0.365823 -0.151979 
4.520138026 0.452260695086 -3.538732 0.371282 -0.139252 
4.529972077 0.453187549454 -3.539024 0.378769 -0.135534 
4.539855957 0.45411910018 -3.567992 0.352875 -0.141141 
4.550191164 0.455093188249 -3.58277 0.374744 -0.137923 
4.560069084 0.456024177248 -3.654502 0.372143 -0.116428 
4.56991005 0.456984957615 -3.6132 0.381799 -0.132563 
4.579802037 0.457977899934 -3.635022 0.385588 -0.110294 
4.59009099 0.459010689085 -3.684719 0.377961 -0.108314 
4.599967003 0.460002027959 -3.671274 0.38527 -0.094507 
4.609855175 0.460994587335 -3.72849 0.374781 -0.082919 
4.620170117 0.462030955946 -3.714772 0.373359 -0.068246 
4.63003707 0.463023117752 -3.74311 0.37352 -0.065609 
4.639919997 0.464016885807 -3.765704 0.376234 -0.055093 
4.649809122 0.465011277097 -3.752527 0.400337 -0.031881 
4.660134077 0.466049492845 -3.758865 0.388137 -0.008977 
4.669994116 0.467035833637 -3.809849 0.389001 -0.018581 
4.679869175 0.468015272413 -3.803373 0.376102 -0.015704 
4.69017601 0.469037536063 -3.832638 0.391868 0.005941 
4.700031042 0.470014988499 -3.81172 0.388326 0.009478 
4.709882975 0.470992133566 -3.848318 0.398987 0.032107 
4.719798088 0.471975545021 -3.897497 0.391539 0.01402 
4.73011899 0.47301691968 -3.926732 0.38244 0.017819 
4.739999056 0.4740568831 -3.955105 0.395751 0.04131 
4.749869108 0.475095792459 -3.948167 0.383475 0.055693 
4.759778023 0.476138792488 -3.970444 0.395426 0.069625 
4.770028115 0.477157810867 -4.006485 0.394952 0.042827 
4.779910088 0.478111772288 -4.02062 0.386653 0.057581 
4.789817095 0.47906815038 -4.084426 0.39515 0.060589 
4.800137043 0.480064391947 -4.064136 0.392264 0.055734 
4.809993029 0.4810158447 -4.113892 0.392133 0.059601 
4.819869042 0.481990009766 -4.164531 0.393613 0.062418 
4.829785109 0.482988339476 -4.158114 0.397956 0.047283 
4.840048075 0.48402159428 -4.158665 0.389313 0.060867 
4.849912167 0.485014691251 -4.18111 0.416214 0.072706 
4.859806061 0.486068504239 -4.238287 0.38904 0.054448 
4.870139122 0.487099011509 -4.247081 0.416884 0.066398 
4.880016089 0.488005310344 -4.268875 0.395087 0.077924 
4.889862061 0.488993459177 -4.291032 0.412531 0.069155 
4.899780035 0.489988834182 -4.312804 0.383678 0.081787 
4.910079003 0.491022446019 -4.320687 0.411035 0.083895 
4.919933081 0.492067629097 -4.321147 0.402112 0.07808 
4.92980218 0.49309743947 -4.364767 0.417147 0.089144 
4.940143109 0.494119010824 -4.350862 0.408112 0.094707 
4.950015068 0.495094253041 -4.372161 0.420142 0.107182 
4.959863186 0.496067140027 -4.386531 0.394146 0.111122 
4.969735146 0.497134648458 -4.437847 0.428204 0.122286 
4.980062962 0.498200193925 -4.430824 0.392471 0.126412 
4.989937067 0.499154399877 -4.480794 0.408691 0.108112 
4.999830008 0.500110426089 -4.495168 0.391599 0.121528 
5.010145188 0.501107256299 -4.545137 0.409671 0.14239 
5.020020962 0.502059099252 -4.531247 0.393417 0.136885 
5.029858113 0.503018329991 -4.567698 0.405208 0.147705 
5.03973198 0.504007061252 -4.568275 0.412524 0.169659 
5.050079108 0.505043183058 -4.56909 0.404549 0.143523 
5.059965134 0.506033131874 -4.5911 0.398984 0.155154 
5.069805146 0.50713442051 -4.620432 0.428578 0.156105 
5.080146075 0.508207879399 -4.641869 0.401184 0.180362 
5.090027094 0.509140157457 -4.684664 0.405256 0.152342 
5.09988904 0.510070635971 -4.678419 0.409315 0.176799 
5.109737158 0.510999809807 -4.721296 0.407453 0.168487 
5.120079041 0.512085673116 -4.722175 0.406133 0.173614 
5.12996912 0.513125365185 -4.75097 0.413735 0.175017 
5.139808178 0.514082304331 -4.765744 0.411583 0.188172 
5.150154114 0.515088542038 -4.779824 0.419808 0.191102 
5.16003418 0.516049469591 -4.823384 0.401358 0.193325 
5.169910193 0.517051136962 -4.816789 0.421268 0.188519 
5.179772139 0.518065456596 -4.866339 0.405746 0.191485 
5.19007802 0.519090311911 -4.916028 0.406902 0.196634 
5.199966193 0.520073628783 -4.866987 0.40576 0.202845 
5.20985198 0.521056708381 -4.952689 0.41772 0.203774 
5.220160961 0.522073753212 -4.960329 0.412884 0.197407 
5.23003316 0.523040635539 -4.968258 0.416783 0.218752 
5.239916086 0.524015837101 -4.989833 0.410834 0.230509 
5.249777079 0.524992529744 -4.968759 0.407578 0.223034 
5.260107041 0.526015671925 -5.012299 0.413431 0.233802 
5.269980192 0.526998459338 -5.019984 0.417218 0.247009 
5.279846192 0.527983295142 -5.041634 0.411546 0.249585 
5.290160179 0.529014762134 -5.085117 0.408655 0.234472 
5.300042153 0.530003024964 -5.085712 0.409356 0.260525 
5.30990696 0.530989570982 -5.164213 0.425288 0.2437 
5.319741965 0.531969025649 -5.185736 0.4195 0.239052 
5.330121041 0.533001702104 -5.178994 0.416401 0.254646 
5.339993 0.533994176981 -5.215399 0.410545 0.258687 
5.349847079 0.534984854296 -5.244046 0.415623 0.261563 
5.36017704 0.536023374287 -5.237458 0.412355 0.265897 
5.370016098 0.537025946773 -5.280318 0.417713 0.268654 
5.379937172 0.538037364848 -5.337488 0.415567 0.280417 
5.389791966 0.539020572606 -5.352241 0.421475 0.275265 
5.400148154 0.540053804187 -5.345231 0.401582 0.281453 
5.41001606 0.541038320122 -5.416724 0.422888 0.284873 
5.419857979 0.542113873344 -5.45255 0.432774 0.280092 
5.429706097 0.543158211023 -5.459884 0.428273 0.296243 
5.440039158 0.544162803946 -5.524411 0.42074 0.290507 
5.449890137 0.545120528262 -5.53884 0.428229 0.303288 
5.459798098 0.546083792438 -5.539056 0.435439 0.316188 
5.470129013 0.547088277662 -5.568151 0.424777 0.298391 
5.479998112 0.548060023199 -5.576212 0.421452 0.309583 
5.489861965 0.549060927349 -5.598197 0.431287 0.320283 
5.49979806 0.550069162033 -5.590824 0.427649 0.321998 
5.510066986 0.551111169719 -5.634197 0.432946 0.32255 
5.519970179 0.552085267532 -5.649219 0.440533 0.346216 
5.529824972 0.553051634553 -5.663608 0.431338 0.329151 
5.540143967 0.554098699197 -5.685845 0.433825 0.352885 
5.550018072 0.555100621014 -5.714639 0.447519 0.34767 
5.559900999 0.556103437998 -5.750861 0.441105 0.312916 
5.569808007 0.557057236418 -5.815569 0.449245 0.326563 
5.580099106 0.558043488291 -5.866233 0.450441 0.310898 
5.589974165 0.559018694994 -5.873952 0.445764 0.317621 
5.599843025 0.559993289517 -5.889025 0.452061 0.311426 
5.610148192 0.561010971328 -5.960148 0.440336 0.306251 
5.620011092 0.562040790121 -5.982618 0.466953 0.299608 
5.629881144 0.563094427662 -6.004531 0.469893 0.29501 
5.639739037 0.564065687986 -6.034059 0.467558 0.30963 
5.650077105 0.565084258109 -6.048939 0.474305 0.304597 
5.659955979 0.566057585611 -6.113272 0.467221 0.300024 
5.669821024 0.567015221239 -6.149671 0.484542 0.294925 
5.680157185 0.568025952942 -6.221336 0.472354 0.291335 
5.689968109 0.569016901299 -6.257547 0.482063 0.277126 
5.699889183 0.570018975311 -6.264379 0.493581 0.275273 
5.709761143 0.571016088583 -6.294064 0.500705 0.281007 
5.720090151 0.572132485117 -6.365414 0.511426 0.275627 
5.72994709 0.573166713484 -6.37993 0.494046 0.271476 
5.739806176 0.574155148831 -6.430259 0.49598 0.27454 
5.750153065 0.575192489494 -6.45177 0.506315 0.290438 
5.760038138 0.576183530201 -6.509188 0.512057 0.273551 
5.769909144 0.577103391047 -6.509443 0.519706 0.289444 
5.77977705 0.578043611179 -6.545431 0.521244 0.285403 
5.790064097 0.579056822137 -6.610151 0.513261 0.278505 
5.799951077 0.580030628953 -6.617977 0.51676 0.274144 
5.809816122 0.581002275305 -6.661384 0.530558 0.287962 
5.820155144 0.582020605482 -6.689817 0.529029 0.293106 
5.830010176 0.583007071571 -6.704424 0.536067 0.276145 
5.839863062 0.584038566771 -6.740809 0.537549 0.268984 
5.849735022 0.585072058822 -6.776894 0.531305 0.274068 
5.860077143 0.586154771863 -6.848281 0.527469 0.268823 
5.869958163 0.587189212402 -6.878067 0.550831 0.273746 
5.879826069 0.588189061813 -6.899179 0.544374 0.250743 
5.890102148 0.589198961152 -6.949902 0.537951 0.256378 
5.900030136 0.59017465125 -6.979279 0.559923 0.250049 
5.909855128 0.591140219238 -7.029608 0.561857 0.253113 
5.919736147 0.592111293376 -7.05863 0.560545 0.24687 
5.930099964 0.593130339775 -7.073611 0.568414 0.26044 
5.939946175 0.594100355556 -7.159881 0.578904 0.251574 
5.949822188 0.59507330733 -7.16061 0.569809 0.235416 
5.960118056 0.596087621814 -7.233158 0.573626 0.218466 
5.970024109 0.597063533029 -7.263695 0.588857 0.212743 
5.979902029 0.598046624303 -7.314135 0.596997 0.187832 
5.989753962 0.599063938794 -7.400682 0.599857 0.173518 
6.000075102 0.600129703785 -7.451693 0.601039 0.160599 
6.009951115 0.601149504786 -7.538468 0.620975 0.145594 
6.019826174 0.602169207277 -7.617485 0.620484 0.121982 
6.030147076 0.603184286593 -7.682462 0.629174 0.118182 
6.040026188 0.604135951928 -7.761976 0.635841 0.103434 
6.049906016 0.605087686235 -7.826745 0.644257 0.07932 
6.059749127 0.606035883555 -7.885043 0.657702 0.054765 
6.070080042 0.607031071552 -7.95766 0.660834 0.051702 
6.079931975 0.607983601194 -8.02216 0.669422 0.037932 
6.089832068 0.608984653084 -8.11572 0.675812 0.012849 
6.099745035 0.609987006734 -8.202049 0.694521 -0.001234 
6.109968186 0.611020724764 -8.281765 0.702303 -0.025044 
6.119822026 0.612017099763 -8.375162 0.708018 -0.038072 
6.129683972 0.61301149495 -8.469117 0.732041 -0.05363 
6.140002013 0.614039378379 -8.555882 0.734168 -0.087589 
6.149893999 0.615024818202 -8.62779 0.737206 -0.102454 
6.159754038 0.616007075463 -8.71493 0.764303 -0.13809 
6.170094967 0.617037238996 -8.816055 0.774604 -0.173154 
6.180021048 0.618028718991 -8.895903 0.797499 -0.186882 
6.189896107 0.61902326037 -9.032224 0.80131 -0.214089 
6.199752093 0.62001588086 -9.097374 0.816889 -0.230254 
6.210074187 0.621055444229 -9.156417 0.830264 -0.255183 
6.219963074 0.62205137826 -9.271117 0.839345 -0.281177 
6.229829073 0.623045007184 -9.357726 0.858002 -0.299295 
6.240103007 0.624074642676 -9.445318 0.868519 -0.326229 
6.24999404 0.625062886227 -9.524833 0.88421 -0.353772 
6.259873152 0.626049938715 -9.590545 0.901011 -0.369945 
6.269730091 0.62703477583 -9.706041 0.925698 -0.406424 
6.28004098 0.628070497476 -9.821282 0.934315 -0.430834 
6.289918185 0.62907191092 -9.92259 0.943324 -0.466264 
6.299805165 0.62907191092 -10.030596 0.964378 -0.501944 
