0.0 0.000530194653438 -0.155144 -0.016346 -0.071214 
0.010313988 0.00159351634443 -0.175655 -0.013591 -0.070836 
0.020190001 0.00255183658627 -0.147117 -0.021486 -0.08889 
0.030076027 0.00350338912474 -0.160757 -0.023271 -0.088205 
0.039986849 0.00445732833473 -0.161061 -0.015664 -0.078179 
0.050279856 0.0054480537222 -0.15387 -0.020594 -0.076831 
0.060154915 0.00639855066191 -0.174853 -0.026641 -0.075959 
0.070003033 0.00738044126971 -0.195459 -0.016553 -0.085867 
0.080314875 0.0084251614363 -0.180643 -0.032167 -0.083529 
0.090168 0.00942340776236 -0.208906 -0.017889 -0.08402 
0.100033999 0.0104229583876 -0.194429 -0.010943 -0.103243 
0.10995698 0.011428282011 -0.207973 -0.020062 -0.092271 
0.12023592 0.012458651207 -0.222191 -0.022474 -0.102176 
0.130133868 0.0134462971533 -0.207303 -0.014345 -0.100593 
0.140013934 0.0144321587818 -0.221125 -0.007678 -0.120173 
0.150297881 0.0154583208274 -0.191578 -0.016171 -0.098135 
0.160166026 0.016442992944 -0.205614 -0.017291 -0.107674 
0.170048953 0.0174315221372 -0.233598 -0.003684 -0.097026 
0.180372954 0.0184653209712 -0.239445 -0.016711 -0.105567 
0.190243006 0.0194536634025 -0.246021 0.001551 -0.135622 
0.200083018 0.0204389977638 -0.258809 -0.008342 -0.12348 
0.209951878 0.0214272208336 -0.258139 -0.01774 -0.112389 
0.22029686 0.0224625254342 -0.25066 -0.01516 -0.1119 
0.230166912 0.0234500815783 -0.24996 -0.008319 -0.131115 
0.240046978 0.0244386396814 -0.270896 -0.006022 -0.130067 
0.249935866 0.0254280804769 -0.283933 -0.008749 -0.139471 
0.260283947 0.0264634662044 -0.255005 -0.008405 -0.137825 
0.270137072 0.0274603721925 -0.296914 -0.003975 -0.147904 
0.279983998 0.0284607403704 -0.289151 -0.01634 -0.146238 
0.290302992 0.0295090668457 -0.302911 -0.009226 -0.135161 
0.300139904 0.0305084176821 -0.309478 -0.006923 -0.145007 
0.310039998 0.0315141872996 -0.316252 -0.004345 -0.13454 
0.319983006 0.0324894412889 -0.337477 0.004835 -0.144942 
0.330250979 0.0334887170282 -0.329755 -0.007812 -0.133179 
0.340110064 0.0344481999225 -0.343227 -0.010155 -0.14271 
0.349971056 0.0354078684053 -0.34309 -0.011836 -0.142034 
0.360276938 0.036410833436 -0.342294 -0.012327 -0.150961 
0.370152951 0.0374213688652 -0.391733 -0.004546 -0.151743 
0.380002022 0.0384542224152 -0.362602 0.004427 -0.160933 
0.389894009 0.0394915764854 -0.383543 -0.001338 -0.170158 
0.40019393 0.0405717098268 -0.347542 0.003095 -0.179043 
0.410109044 0.041611489182 -0.390003 -0.007211 -0.168921 
0.419904948 0.042575460821 -0.397188 0.011151 -0.159511 
0.430291892 0.043589666192 -0.39017 -0.001284 -0.158218 
0.440165997 0.0445537967702 -0.404352 0.00549 -0.168744 
0.45005703 0.0455195802377 -0.397188 -0.000445 -0.178774 
0.460357905 0.0465253816313 -0.41849 -0.006103 -0.178945 
0.470242024 0.0475379174824 -0.4265 0.02137 -0.169614 
0.48011303 0.0485647538269 -0.404433 0.010297 -0.148064 
0.489971877 0.0495903253254 -0.432788 0.017633 -0.168806 
0.500253916 0.0506599195837 -0.439836 0.011977 -0.178955 
0.51015687 0.0516900793349 -0.425892 0.028491 -0.16943 
0.520036936 0.052629234816 -0.420126 0.023988 -0.160444 
0.529949904 0.0535660128218 -0.414802 0.028773 -0.142108 
0.540245057 0.0545389074078 -0.423706 0.03199 -0.134474 
0.550039053 0.0554644425293 -0.416972 0.02913 -0.134844 
0.559982062 0.0564040594173 -0.410502 0.03416 -0.135286 
0.57029605 0.0574211576247 -0.425319 0.032808 -0.157373 
0.580168963 0.0584077299517 -0.411065 0.049776 -0.147602 
0.590044976 0.0593946120529 -0.426855 0.041291 -0.138547 
0.600316048 0.0604209712848 -0.392613 0.047264 -0.119361 
0.610214949 0.0614101405193 -0.422018 0.030056 -0.130787 
0.620108843 0.0624036716207 -0.401959 0.042803 -0.122126 
0.629957915 0.0633952944211 -0.43111 0.050631 -0.13394 
0.640295983 0.0644361502441 -0.432611 0.051334 -0.135484 
0.650136948 0.0654269568168 -0.411522 0.049205 -0.125273 
0.660033942 0.0664234044929 -0.42641 0.041077 -0.126856 
0.670347929 0.0674541089306 -0.398785 0.059659 -0.128114 
0.680217982 0.0684364150671 -0.399713 0.052927 -0.12934 
0.690111876 0.0694210939527 -0.408354 0.048254 -0.121634 
0.699907065 0.0703959493321 -0.373955 0.054513 -0.11346 
0.710271836 0.0714274917317 -0.396327 0.058078 -0.105571 
0.720144034 0.0724337106351 -0.36205 0.056271 -0.106754 
0.730021954 0.0734537808244 -0.370508 0.05289 -0.098682 
0.740345002 0.0745198183635 -0.371244 0.061001 -0.111055 
0.750149012 0.0755322560363 -0.372086 0.053149 -0.102303 
0.76006198 0.0765559455524 -0.35832 0.054097 -0.103108 
0.769898892 0.0775183150952 -0.371641 0.060945 -0.114175 
0.780283928 0.0785192396327 -0.349762 0.050263 -0.123164 
0.790161848 0.0794712876091 -0.398709 0.042824 -0.143081 
0.800049067 0.0804242318362 -0.369178 0.042227 -0.151525 
0.810361863 0.0814181937798 -0.410879 0.031267 -0.162504 
0.820231915 0.0824000433164 -0.389385 0.027629 -0.141273 
0.830112935 0.0834017614572 -0.40307 0.0175 -0.140764 
0.83996892 0.0844009415995 -0.417374 0.023429 -0.120999 
0.850219965 0.0854401721383 -0.417942 0.02196 -0.130793 
0.860167981 0.0865400434236 -0.396756 0.017868 -0.109808 
0.870023013 0.0874685328619 -0.425268 0.015172 -0.099639 
0.880334855 0.0884432646796 -0.425232 0.015335 -0.087464 
0.890213967 0.089427357702 -0.439014 0.012539 -0.097242 
0.900037051 0.0904058695786 -0.431965 0.023565 -0.086608 
0.909947873 0.0913931213454 -0.467945 0.017446 -0.076131 
0.920254946 0.0924854290168 -0.439636 0.016882 -0.074978 
0.930145026 0.0935126249825 -0.453133 0.016107 -0.06383 
0.940005064 0.0944867143111 -0.488551 0.008766 -0.053346 
0.950289965 0.0955027765524 -0.46658 0.02014 -0.061498 
0.960196972 0.0964815060256 -0.480163 0.020485 -0.060327 
0.970097065 0.0975570942078 -0.480295 0.018632 -0.069994 
0.979934931 0.0985686910347 -0.48719 0.030109 -0.049135 
0.990248919 0.0995687768244 -0.493949 0.01757 -0.047834 
1.000136853 0.100527550703 -0.501281 0.012466 -0.046851 
1.010025979 0.101486440163 -0.508303 0.024782 -0.025872 
1.02034998 0.102486402547 -0.501426 0.028303 -0.015293 
1.030220032 0.103451632362 -0.529634 0.017999 -0.015149 
1.04010892 0.104429574449 -0.530227 0.018097 -0.004264 
1.049936057 0.105401409792 -0.50178 0.027448 0.016829 
1.060296059 0.106425941769 -0.537294 0.02207 0.016539 
1.070175887 0.107556435524 -0.509938 0.016341 0.037146 
1.080026865 0.108578452375 -0.524896 0.016551 0.036654 
1.090348006 0.1095603279 -0.541172 0.025978 0.074632 
1.100193978 0.11049699943 -0.487702 0.030632 0.11154 
1.110110999 0.111440430025 -0.499699 0.022993 0.186956 
1.119976998 0.112480974646 -0.4406 0.034571 0.212276 
1.130254984 0.11354972741 -0.4354 0.029573 0.207488 
1.140173912 0.114508785574 -0.399962 0.043258 0.164931 
1.150012017 0.115460028986 -0.376595 0.038893 0.083863 
1.160323859 0.116457077886 -0.380116 0.033825 0.02338 
1.170229912 0.117453672681 -0.334812 0.033499 -0.026057 
1.180095911 0.118460920525 -0.356323 0.024548 -0.058842 
1.190006972 0.119456761451 -0.357353 0.018939 -0.041466 
1.200255871 0.120486547574 -0.302657 0.014655 -0.023631 
1.210173846 0.121483083203 -0.332245 0.007752 -0.016159 
1.220018864 0.122455597756 -0.318422 0.001085 0.003421 
1.230345011 0.123465757417 -0.275561 -0.00355 -0.006439 
1.240218878 0.124436993779 -0.324696 -0.008747 -0.017733 
1.25006795 0.125407587573 -0.253129 -0.004867 -0.036115 
1.259929896 0.126379450058 -0.315935 -0.018344 -0.036316 
1.270283938 0.127401592182 -0.301716 -0.010562 -0.025925 
1.280197859 0.128383439669 -0.294172 -0.029031 -0.044389 
1.290066958 0.129372612792 -0.322425 -0.030711 -0.024672 
1.30031395 0.130399661874 -0.271835 -0.039932 -0.012496 
1.310207844 0.131391320183 -0.298806 -0.04842 -0.011366 
1.320076943 0.132379486212 -0.297585 -0.048453 -0.020962 
1.32997799 0.133370704841 -0.26715 -0.046121 -0.007985 
1.340276003 0.134403164127 -0.308912 -0.054955 -0.017563 
1.350081921 0.135386286901 -0.272322 -0.056109 -0.015548 
1.360009909 0.136381648181 -0.314267 -0.066235 -0.025492 
1.370322943 0.137450858903 -0.299976 -0.049104 -0.003547 
1.380272866 0.138475855226 -0.2988 -0.071874 -0.001009 
1.390117884 0.139453322584 -0.327433 -0.055924 -0.000346 
1.399978877 0.140432376028 -0.29137 -0.058265 -0.018221 
1.410286904 0.141455813458 -0.318984 -0.066094 0.003095 
1.420161963 0.142541853407 -0.347713 -0.042812 -0.006529 
1.430013895 0.143565376532 -0.297468 -0.051927 -0.013879 
1.440319062 0.144570835903 -0.375023 -0.043133 -0.014651 
1.450155974 0.14553060835 -0.304251 -0.047784 -0.011311 
1.460042954 0.146495265855 -0.325137 -0.051419 -0.02005 
1.469979048 0.147459750212 -0.374869 -0.042243 -0.010495 
1.480254889 0.14847195288 -0.324867 -0.050525 -0.01681 
1.490087986 0.149467332867 -0.396403 -0.038165 -0.028733 
1.499984026 0.150469084419 -0.339865 -0.035481 -0.026618 
1.510313988 0.151514760816 -0.374756 -0.048856 -0.035891 
1.52022791 0.152482687519 -0.382888 -0.029449 -0.035917 
1.530082941 0.153451059675 -0.375303 -0.040415 -0.02483 
1.53995204 0.154452352874 -0.410908 -0.030399 -0.025134 
1.550222874 0.155494405065 -0.375535 -0.040424 -0.022999 
1.560137034 0.156500270036 -0.381959 -0.037111 -0.022382 
1.56999302 0.157465735626 -0.418001 -0.02671 -0.022813 
1.580329895 0.1584762325 -0.381862 -0.029328 -0.031507 
1.590204955 0.159445734061 -0.431463 -0.035265 -0.032034 
1.60007 0.160414252381 -0.424547 -0.031462 -0.031553 
1.610385895 0.161427033702 -0.424232 -0.022947 -0.021034 
1.620262862 0.162459652557 -0.444925 -0.021484 -0.021021 
1.630136013 0.163502857149 -0.422919 -0.033004 -0.030129 
1.639987946 0.164474613827 -0.444677 -0.031222 -0.031533 
1.650280953 0.165489876343 -0.430682 -0.015269 -0.031309 
1.660165072 0.166464807724 -0.437543 -0.043653 -0.031156 
1.670060873 0.16742269209 -0.480557 -0.022219 -0.012805 
1.680331946 0.168430548539 -0.416246 -0.02372 -0.021023 
1.69026804 0.169433670156 -0.473088 -0.018796 -0.013112 
1.700108052 0.17042709159 -0.423006 -0.021866 -0.032031 
1.709989071 0.171424652981 -0.443735 -0.03496 -0.031884 
1.720285893 0.172525834204 -0.450453 -0.015858 -0.03324 
1.730169058 0.17355998381 -0.464499 -0.02588 -0.023676 
1.740049839 0.174561615882 -0.478727 -0.010483 -0.014629 
1.750344038 0.17560515686 -0.470996 -0.031916 -0.034613 
1.760252953 0.176609640925 -0.435206 -0.018304 -0.013708 
1.770133019 0.177497994393 -0.470955 -0.024413 -0.005063 
1.779994965 0.178425754653 -0.435011 -0.044447 -0.034668 
1.79029584 0.179444336208 -0.470499 -0.01746 -0.016139 
1.800181866 0.180421896244 -0.441668 -0.024898 -0.005367 
1.810054064 0.181398088926 -0.44823 -0.03687 -0.025175 
1.820351839 0.182416363943 -0.483902 -0.028141 -0.026761 
1.830245018 0.183414381308 -0.455435 -0.011453 -0.016872 
1.84014988 0.18445160966 -0.4626 -0.032228 -0.006692 
1.849976063 0.185480598818 -0.440969 -0.028524 0.002421 
1.860314846 0.186563266992 -0.433612 -0.039381 -0.006933 
1.870203019 0.187598747687 -0.454716 -0.022134 -0.007978 
1.880068064 0.188591480748 -0.426326 -0.03725 -0.007606 
1.890322924 0.189599427997 -0.475993 -0.027508 0.010334 
1.900244952 0.190574661285 -0.419165 -0.017315 0.011589 
1.910140038 0.19154724645 -0.44029 -0.029742 0.001513 
1.91999197 0.192515590022 -0.454706 -0.023699 -7.8e-05 
1.930291892 0.193528409797 -0.419232 -0.018602 0.010308 
1.940168858 0.19450030934 -0.46219 -0.012004 0.009395 
1.950073958 0.195474977285 -0.433562 -0.003934 -0.001205 
1.960343838 0.196485539808 -0.433734 -0.021184 0.018638 
1.970263958 0.19746168573 -0.433882 -0.01329 0.017651 
1.980139018 0.19844891999 -0.419203 -0.01283 0.007004 
1.989989996 0.199463392755 -0.476496 0.007596 0.023954 
2.00028801 0.200523902152 -0.419613 -0.006791 0.025845 
2.010200024 0.201544660522 -0.42649 -0.020058 0.035165 
2.020056963 0.202559747163 -0.441053 -0.00612 0.032588 
2.030377865 0.203582349325 -0.412592 0.002507 0.032205 
2.040258885 0.204537135097 -0.447864 -0.003705 0.03088 
2.050140858 0.205492012956 -0.433671 0.003071 0.029893 
2.060009003 0.206445554639 -0.405246 -0.002859 0.029645 
2.070289851 0.207438975095 -0.427369 0.013305 0.047257 
2.080226899 0.208404797736 -0.370228 -6.7e-05 0.058696 
2.090085984 0.209400603362 -0.448028 -0.008127 0.046313 
2.100326062 0.210434890752 -0.398254 0.005315 0.046897 
2.110278845 0.211440160239 -0.433581 0.023684 0.044937 
2.12015605 0.212437796055 -0.426153 0.026825 0.054727 
2.130005837 0.213428520007 -0.376553 0.015796 0.035506 
2.140265942 0.214448791505 -0.433131 0.01283 0.043487 
2.15022707 0.215439332537 -0.397753 0.02526 0.043586 
2.160084963 0.216419607813 -0.404274 0.020791 0.053329 
2.170382023 0.217443554141 -0.418857 0.027391 0.061954 
2.18027401 0.218431052007 -0.390254 0.020062 0.052285 
2.190149069 0.219424897387 -0.425824 0.029519 0.071259 
2.199983836 0.220414687701 -0.382304 0.021698 0.07218 
2.21031499 0.22145443538 -0.446407 0.022925 0.060084 
2.220180989 0.222447368943 -0.418249 0.03916 0.069727 
2.230058909 0.22344150226 -0.382304 0.036092 0.05987 
2.240336895 0.224470183662 -0.410873 0.025896 0.069068 
2.250268937 0.225462761899 -0.389262 0.022262 0.089384 
2.260163069 0.226451551525 -0.424482 0.032455 0.098508 
2.269999028 0.227434527517 -0.417277 0.026801 0.078381 
2.280302048 0.22847065736 -0.389013 0.02949 0.098622 
2.29020691 0.229477428214 -0.410163 0.038393 0.097401 
2.300024033 0.230475280916 -0.374957 0.043317 0.097444 
2.310340882 0.23152392782 -0.424376 0.028928 0.117181 
2.320229054 0.232529002234 -0.381702 0.037275 0.116917 
2.330168963 0.233521421737 -0.402745 0.032632 0.126294 
2.339969874 0.234477006852 -0.381626 0.036997 0.126098 
2.350317002 0.235485847918 -0.36044 0.042651 0.127184 
2.360158921 0.236445431298 -0.38847 0.042544 0.137171 
2.370038987 0.237408733995 -0.359599 0.035388 0.137846 
2.380391837 0.23843908979 -0.359745 0.028888 0.149168 
2.390223027 0.239468575777 -0.367194 0.032803 0.138272 
2.400146008 0.240507673779 -0.352875 0.026872 0.089928 
2.409994841 0.241539007276 -0.388317 0.040588 0.081294 
2.420290947 0.242617177552 -0.403489 0.03116 0.051681 
2.430161 0.24361729016 -0.425663 0.026271 0.051256 
2.440043927 0.244579442451 -0.440539 0.049381 0.050804 
2.450325966 0.245580450289 -0.42593 0.05818 0.041249 
2.460250855 0.246546687791 -0.446563 0.052869 0.03227 
2.470116854 0.247507192057 -0.474461 0.04302 0.032661 
2.480036021 0.24849600476 -0.488375 0.049966 0.032479 
2.490270853 0.249561660296 -0.474582 0.067035 0.02364 
2.500170947 0.250592462754 -0.510669 0.069092 0.023033 
2.510053873 0.251621477671 -0.545743 0.054425 0.013395 
2.520357848 0.252694332408 -0.531251 0.06322 0.004754 
2.530210972 0.253663924436 -0.552441 0.050227 -0.013708 
2.540089846 0.254598359341 -0.574011 0.061363 -0.004473 
2.549980879 0.255533944357 -0.55966 0.069147 -0.023577 
2.560257912 0.256506040808 -0.609744 0.055251 -0.024407 
2.570157052 0.257442392658 -0.631045 0.049593 -0.024577 
2.579930067 0.258385588025 -0.602123 0.041875 -0.033204 
2.59035492 0.259429191193 -0.637911 0.045229 -0.03436 
2.600188971 0.260413650808 -0.631056 0.048585 -0.064535 
2.610091925 0.261405008113 -0.666439 0.05043 -0.054672 
2.620008946 0.262397773625 -0.652454 0.05026 -0.074993 
2.630291939 0.263427032129 -0.666875 0.033848 -0.074548 
2.640146017 0.264413088988 -0.709733 0.038602 -0.086959 
2.649996996 0.265398835742 -0.709961 0.055678 -0.08765 
2.660330058 0.26643282255 -0.695707 0.05568 -0.097629 
2.670153857 0.267415849514 -0.745811 0.04884 -0.099565 
2.680081845 0.268407856716 -0.76012 0.056453 -0.109971 
2.689924956 0.269388619943 -0.753001 0.068885 -0.120326 
2.700255871 0.270417987745 -0.753229 0.05925 -0.120868 
2.71010089 0.271398941085 -0.767864 0.05919 -0.14259 
2.719995022 0.272384788022 -0.810133 0.063727 -0.143614 
2.730316878 0.273420533906 -0.803019 0.068097 -0.164242 
2.740192891 0.274443671809 -0.838864 0.069321 -0.165884 
2.750063897 0.275466290996 -0.810645 0.078782 -0.165232 
2.759979964 0.276493578424 -0.838904 0.069039 -0.155787 
2.770252943 0.27755784132 -0.860353 0.071275 -0.156944 
2.780124903 0.27855257566 -0.845811 0.078787 -0.167782 
2.790009022 0.279506759124 -0.867107 0.081191 -0.15768 
2.800315857 0.280501750335 -0.852469 0.08137 -0.15823 
2.810205937 0.281456509257 -0.887776 0.065971 -0.158934 
2.820061922 0.282407976749 -0.894972 0.068209 -0.17007 
2.829973937 0.283371749647 -0.902289 0.079348 -0.170813 
2.840244055 0.28440735069 -0.91639 0.093906 -0.161885 
2.850093842 0.285400567097 -0.909347 0.096871 -0.161523 
2.859967947 0.286396235641 -0.923221 0.072018 -0.172138 
2.870316029 0.287480449991 -0.923191 0.078512 -0.182545 
2.88020587 0.288511189932 -0.937419 0.093909 -0.173497 
2.890048027 0.289402817826 -0.951794 0.100235 -0.185185 
2.899980069 0.290391667843 -0.95905 0.094853 -0.175021 
2.910228968 0.291414388073 -0.930286 0.078906 -0.205179 
2.920151949 0.292404585499 -0.994338 0.086793 -0.186928 
2.92999506 0.293401277682 -0.987528 0.098771 -0.19753 
2.940291882 0.294510242776 -0.987711 0.097479 -0.197896 
2.950187922 0.295496600357 -0.980678 0.101286 -0.19833 
2.960065842 0.296481151881 -1.008649 0.082087 -0.209494 
2.969982863 0.297469600679 -1.023191 0.088969 -0.210965 
2.980234862 0.298522324045 -0.987504 0.101852 -0.21062 
2.990092993 0.299576035083 -1.03026 0.107335 -0.202471 
2.999965907 0.300535657734 -1.023409 0.10985 -0.203271 
3.010267973 0.30153699289 -1.052085 0.107829 -0.205157 
3.020146847 0.302497194838 -1.044951 0.095399 -0.20478 
3.030012846 0.303452942003 -1.029957 0.09463 -0.185009 
3.039973975 0.304408277445 -1.030099 0.093619 -0.195472 
3.050231934 0.305430398189 -1.044556 0.099381 -0.186966 
3.06008792 0.306412718952 -1.058084 0.106504 -0.17772 
3.069959879 0.307396631702 -1.051315 0.118201 -0.178225 
3.080261946 0.308504437545 -1.022489 0.102701 -0.177726 
3.090139866 0.309605431201 -1.043755 0.106229 -0.178517 
3.100015879 0.310540923227 -1.057771 0.102702 -0.179361 
3.110347033 0.31151952787 -1.078784 0.104553 -0.180391 
3.120223046 0.312455019896 -1.078652 0.111777 -0.170238 
3.130097866 0.313444315648 -1.057315 0.099909 -0.170538 
3.139955998 0.314497874815 -1.056874 0.107587 -0.160138 
3.150264025 0.315512007082 -1.035272 0.119912 -0.160031 
3.160145998 0.316469220186 -1.077607 0.108768 -0.150029 
3.170018912 0.317425555793 -1.062745 0.115891 -0.159824 
3.18035388 0.318441436396 -1.054993 0.104368 -0.158954 
3.190196991 0.319466586417 -1.068597 0.111769 -0.158889 
3.200096846 0.320461400463 -1.075351 0.121684 -0.159625 
3.209954977 0.321450625024 -1.110344 0.114802 -0.14981 
3.22028184 0.322486884992 -1.074246 0.111901 -0.148407 
3.230156899 0.323470806938 -1.094924 0.098247 -0.15756 
3.240028859 0.324432254734 -1.0871 0.110467 -0.157445 
3.250356913 0.325443128267 -1.093701 0.12055 -0.146921 
3.260243893 0.326418957603 -1.121276 0.127397 -0.148011 
3.270113945 0.327393116172 -1.092662 0.119225 -0.156884 
3.279950858 0.328364753928 -1.098956 0.09768 -0.14645 
3.290269852 0.329385734846 -1.112317 0.104247 -0.14742 
3.300133944 0.330372724186 -1.105112 0.115559 -0.147798 
3.309994936 0.331362594736 -1.147391 0.120939 -0.149619 
3.320333958 0.33240045111 -1.132935 0.119826 -0.150536 
3.330200911 0.333394288643 -1.117821 0.119902 -0.161056 
3.340054989 0.33439599577 -1.145866 0.117947 -0.161652 
3.35034895 0.335424601977 -1.124438 0.122767 -0.161601 
3.360251904 0.336411291612 -1.166448 0.128319 -0.153078 
3.370130063 0.337395510775 -1.159228 0.124514 -0.162622 
3.379981995 0.338386443243 -1.122781 0.112604 -0.151171 
3.390289069 0.339466613846 -1.157444 0.123258 -0.172211 
3.400186062 0.340454902517 -1.150304 0.118889 -0.161561 
3.410059929 0.341440881884 -1.185713 0.129474 -0.182975 
3.41997695 0.342431170501 -1.18515 0.128251 -0.182967 
3.430261851 0.343499646738 -1.148885 0.124795 -0.191781 
3.440137864 0.344589850693 -1.1908 0.106048 -0.19272 
3.449985981 0.345551938962 -1.183594 0.11736 -0.193098 
3.460295916 0.346559143436 -1.197508 0.124307 -0.19328 
3.470182896 0.347525028332 -1.190155 0.127725 -0.192671 
3.480058909 0.348481603867 -1.18976 0.127059 -0.182447 
3.489964962 0.349426563821 -1.210155 0.112852 -0.202733 
3.500262022 0.350471309213 -1.188361 0.125626 -0.201463 
3.510135889 0.35147555732 -1.258989 0.122265 -0.181545 
3.519989014 0.352477695806 -1.244184 0.121888 -0.192312 
3.530303002 0.353506953837 -1.251085 0.108338 -0.201474 
3.540150881 0.354452303326 -1.257697 0.119263 -0.191747 
3.550040007 0.355456059538 -1.250177 0.122125 -0.201355 
3.560382843 0.35650888026 -1.25682 0.10959 -0.200969 
3.570291043 0.357517458399 -1.271018 0.131482 -0.202328 
3.580168009 0.358490887601 -1.277219 0.126624 -0.191543 
3.590026856 0.359430640192 -1.277118 0.110387 -0.190732 
3.600332976 0.360445649947 -1.269269 0.12104 -0.211297 
3.610147 0.361415113303 -1.298054 0.127077 -0.201994 
3.620055914 0.362393950222 -1.325401 0.116847 -0.202392 
3.629961014 0.363384969688 -1.339503 0.11444 -0.213213 
3.640254021 0.364520236551 -1.339594 0.129835 -0.213228 
3.650126934 0.365486290249 -1.353848 0.112866 -0.222999 
3.659981013 0.36645050106 -1.345796 0.108011 -0.222192 
3.67030406 0.367460599875 -1.34572 0.122849 -0.232423 
3.680179835 0.368425617892 -1.366282 0.109199 -0.242493 
3.690062046 0.369389016979 -1.373492 0.112161 -0.232152 
3.70213604 0.370603287722 -1.372939 0.126897 -0.252354 
3.710283041 0.371423302848 -1.394575 0.122352 -0.232091 
3.720156908 0.372417131166 -1.387497 0.117536 -0.252099 
3.729979992 0.373436709731 -1.407658 0.111282 -0.241671 
3.740311861 0.374572671606 -1.414351 0.114423 -0.251398 
3.750149012 0.37556615413 -1.421252 0.117839 -0.240811 
3.76006198 0.376567293634 -1.434359 0.108336 -0.229711 
3.769994975 0.377570455723 -1.42728 0.135602 -0.249383 
3.780252934 0.378545610253 -1.462424 0.114158 -0.238517 
3.7901299 0.379454431333 -1.433329 0.113946 -0.247087 
3.799970866 0.380421129197 -1.433541 0.13824 -0.23671 
3.81031394 0.381437150138 -1.475262 0.119943 -0.236487 
3.820163966 0.382404737983 -1.439859 0.116412 -0.244759 
3.830055952 0.383376447644 -1.474517 0.125382 -0.235627 
3.839961052 0.384349445519 -1.459923 0.117939 -0.243457 
3.85024786 0.385425499035 -1.473609 0.10781 -0.242948 
3.860125065 0.38646452859 -1.501603 0.12226 -0.233096 
3.869992018 0.38750247969 -1.487472 0.114196 -0.252431 
3.88031292 0.388588183815 -1.528975 0.111747 -0.251976 
3.89018488 0.389608587752 -1.535912 0.130115 -0.272976 
3.900047064 0.390578262227 -1.514452 0.127036 -0.271023 
3.909937859 0.391550749808 -1.535491 0.113489 -0.271123 
3.920242072 0.392563885674 -1.507099 0.130454 -0.270415 
3.930121899 0.393535294853 -1.55626 0.115229 -0.280292 
3.93995595 0.394502203222 -1.584538 0.113264 -0.279057 
3.950321913 0.395521915509 -1.556101 0.121607 -0.297922 
3.960185051 0.396492206781 -1.583255 0.111827 -0.297158 
3.970046997 0.397462380789 -1.604632 0.123412 -0.28676 
3.979955912 0.398437175397 -1.590535 0.123128 -0.285726 
3.990246058 0.3994494738 -1.59669 0.126614 -0.274765 
4.000133038 0.400461232649 -1.596903 0.133942 -0.284137 
4.009953022 0.401470614593 -1.60356 0.122131 -0.262276 
4.020313979 0.402535602368 -1.596137 0.132326 -0.282172 
4.030186892 0.403550424806 -1.616404 0.119854 -0.270519 
4.04003501 0.404540720187 -1.616363 0.125506 -0.28013 
4.049988032 0.405502625834 -1.587683 0.118621 -0.287721 
4.060245991 0.40649400199 -1.630033 0.13234 -0.288451 
4.070117951 0.407448073434 -1.622371 0.136213 -0.287595 
4.079972029 0.408400416679 -1.628957 0.131178 -0.286238 
4.090270043 0.409395663934 -1.650162 0.133302 -0.295534 
4.100168944 0.410383257901 -1.63568 0.133195 -0.285072 
4.110005856 0.411375793777 -1.684576 0.127046 -0.275129 
4.120319844 0.412416466207 -1.62853 0.137729 -0.293525 
4.13023305 0.413416700081 -1.684362 0.125809 -0.272375 
4.14009285 0.414411545336 -1.684023 0.132758 -0.282535 
4.149937869 0.415397244477 -1.669186 0.124482 -0.2914 
4.16029501 0.416432746782 -1.711819 0.138752 -0.280997 
4.170138836 0.417416928083 -1.682359 0.114413 -0.288686 
4.180032015 0.418406043674 -1.674934 0.12718 -0.276523 
4.190384865 0.419441116966 -1.717183 0.124662 -0.276441 
4.20021391 0.420432353574 -1.653089 0.139393 -0.284554 
4.210065842 0.421426492947 -1.695155 0.138167 -0.284107 
4.219877959 0.422416614666 -1.70926 0.135641 -0.272656 
4.230237961 0.423462022399 -1.687284 0.132741 -0.29077 
4.240092993 0.424456474587 -1.751311 0.124667 -0.280889 
4.250041962 0.425454407079 -1.707906 0.126587 -0.298952 
4.260334015 0.426474921588 -1.743142 0.120538 -0.288102 
4.270197869 0.427452977776 -1.756999 0.134985 -0.287312 
4.280066967 0.428431553935 -1.727842 0.127998 -0.304873 
4.289902926 0.429406844177 -1.777164 0.121391 -0.294261 
4.300204039 0.430457530601 -1.748621 0.121558 -0.302043 
4.310112 0.431468914701 -1.776605 0.129794 -0.291881 
4.319951058 0.432473265326 -1.79738 0.123473 -0.311322 
4.330271006 0.433526704204 -1.768127 0.109153 -0.318596 
4.340152026 0.434535338222 -1.817757 0.134173 -0.307894 
4.350029946 0.435494613254 -1.759998 0.119857 -0.335124 
4.35986805 0.436449549068 -1.816297 0.125967 -0.335901 
4.370208979 0.437453291604 -1.830585 0.131894 -0.344715 
4.380076886 0.438411120247 -1.80871 0.121093 -0.331432 
4.389970065 0.439371401918 -1.858208 0.131 -0.330812 
4.399874926 0.440399207405 -1.822105 0.119195 -0.338886 
4.410171032 0.441479236182 -1.850521 0.118912 -0.338327 
4.420043946 0.442514873464 -1.871405 0.137613 -0.326832 
4.42988205 0.443546859288 -1.842458 0.122958 -0.356623 
4.440192938 0.444620933015 -1.870604 0.128217 -0.345235 
4.450078965 0.445582698894 -1.841676 0.128561 -0.343589 
4.459967852 0.446544743009 -1.898057 0.11714 -0.343922 
4.469858885 0.447506995899 -1.904825 0.137525 -0.34308 
4.480165959 0.448509723494 -1.883021 0.117375 -0.341352 
4.490046025 0.449470909455 -1.890524 0.136847 -0.340088 
4.49988103 0.450489493412 -1.875861 0.121066 -0.349009 
4.510200024 0.451564858235 -1.932413 0.134221 -0.349061 
4.520071984 0.452593636672 -1.932295 0.125203 -0.337182 
4.52995801 0.453623880958 -1.903453 0.126666 -0.345513 
4.540286065 0.454683441888 -1.960031 0.124423 -0.344635 
4.550154925 0.455613576987 -1.888788 0.118828 -0.321889 
4.560014964 0.45654288071 -1.931345 0.1256 -0.341953 
4.569865942 0.45747133044 -1.938362 0.129012 -0.330451 
4.580231905 0.458448317246 -1.951672 0.120624 -0.328413 
4.590054036 0.45937404816 -1.937032 0.138491 -0.316318 
4.599961043 0.46036420938 -1.958242 0.132554 -0.335886 
4.610265971 0.461398602077 -1.964824 0.118615 -0.344006 
4.620158911 0.462391640057 -1.972327 0.138087 -0.342743 
4.629992962 0.463378766851 -1.964387 0.118952 -0.350983 
4.639867068 0.464369914303 -1.999672 0.12858 -0.350244 
4.65019703 0.46540844972 -1.950472 0.118098 -0.357418 
4.660079003 0.466402121847 -2.0143 0.127558 -0.348898 
4.669957877 0.467395482357 -2.006921 0.131982 -0.336911 
4.680285931 0.468434009723 -1.992439 0.14162 -0.346347 
4.690141917 0.469425068753 -2.042036 0.126779 -0.356351 
4.700013876 0.470407471253 -1.985461 0.144019 -0.35437 
4.709868908 0.471384923689 -2.049762 0.113317 -0.352797 
4.720175982 0.472407211043 -2.048788 0.128392 -0.351395 
4.730046988 0.47338624783 -2.048463 0.113729 -0.360315 
4.739929915 0.474366466978 -2.076447 0.127336 -0.349667 
4.750274897 0.475392514165 -1.998307 0.143066 -0.354548 
4.760114909 0.476408813278 -2.083327 0.107452 -0.364827 
4.770014048 0.477450784297 -2.040752 0.132758 -0.373006 
4.779861927 0.478487359754 -2.083133 0.123016 -0.383077 
4.790174962 0.479566441306 -2.117881 0.132988 -0.361652 
4.800052882 0.480520011469 -2.082644 0.139759 -0.379606 
4.809937001 0.481474180056 -2.103718 0.117025 -0.379085 
4.820275069 0.482472170847 -2.083059 0.138458 -0.378141 
4.830143929 0.483424866398 -2.111723 0.121201 -0.366921 
4.840004921 0.484376802408 -2.126528 0.136694 -0.375567 
4.849865914 0.485364944473 -2.118643 0.132395 -0.364544 
4.860193968 0.486404752206 -2.139843 0.127465 -0.344155 
4.870065928 0.487398641312 -2.125468 0.119289 -0.371629 
4.879966021 0.488395362792 -2.125289 0.134856 -0.3613 
4.890285969 0.4895508652 -2.175001 0.136976 -0.350639 
4.900161028 0.490431839611 -2.139282 0.141961 -0.348392 
4.910011054 0.49137887211 -2.159388 0.120871 -0.357228 
4.919873953 0.492368719749 -2.145398 0.128762 -0.367277 
4.930187941 0.493403839004 -2.181357 0.14767 -0.355358 
4.94007206 0.494395816298 -2.21631 0.124102 -0.375389 
4.949949027 0.495485418472 -2.159097 0.135194 -0.371809 
4.960259915 0.496510868117 -2.208687 0.128415 -0.37154 
4.970129967 0.497485921942 -2.215197 0.138218 -0.380415 
4.980021954 0.498463142708 -2.215044 0.138386 -0.369156 
4.98990202 0.499440569811 -2.243678 0.137369 -0.388242 
5.000190974 0.500606381272 -2.200699 0.138831 -0.405636 
5.010069848 0.501561048088 -2.264061 0.140008 -0.395086 
5.019912959 0.502512258867 -2.284784 0.133125 -0.423828 
5.030272961 0.50351342055 -2.269916 0.133916 -0.411042 
5.040148974 0.504467798994 -2.269748 0.134081 -0.428362 
5.050027848 0.505418426658 -2.311798 0.140074 -0.416846 
5.059859038 0.506391652767 -2.297113 0.132352 -0.444073 
5.070263863 0.50743355213 -2.296857 0.148363 -0.431667 
5.080116988 0.508420206366 -2.309884 0.139424 -0.440761 
5.090031863 0.509447220759 -2.338238 0.137736 -0.448707 
5.100347996 0.510619760817 -2.323482 0.153757 -0.47669 
5.110167027 0.511561521479 -2.387006 0.146586 -0.4654 
5.120014906 0.512490672765 -2.372336 0.153982 -0.483461 
5.129863978 0.513419936611 -2.392163 0.132221 -0.481158 
5.140223027 0.514427892267 -2.421221 0.147712 -0.479826 
5.150081873 0.515486006872 -2.39964 0.135733 -0.488265 
5.159975052 0.516488449235 -2.40688 0.147315 -0.48693 
5.170281887 0.51749088401 -2.405977 0.138648 -0.484774 
5.180181981 0.51845375947 -2.392397 0.14793 -0.483572 
5.190026045 0.519411185495 -2.441425 0.139927 -0.483296 
5.199900866 0.520438604726 -2.398379 0.142676 -0.499408 
5.210195065 0.521478163218 -2.426582 0.140434 -0.488991 
5.220062972 0.522459464763 -2.462257 0.15879 -0.488204 
5.229946852 0.523442354722 -2.433597 0.144568 -0.484592 
5.240279913 0.524469912918 -2.476591 0.14198 -0.484885 
5.250154972 0.525438210846 -2.405028 0.145741 -0.480996 
5.260006905 0.526403538728 -2.411837 0.148878 -0.489807 
5.269855977 0.527379050643 -2.469175 0.161682 -0.480136 
5.280197859 0.528403373453 -2.447954 0.135417 -0.467211 
5.290060044 0.529380302299 -2.455179 0.146276 -0.487353 
5.299944878 0.530366973812 -2.440707 0.147733 -0.48479 
5.310277939 0.53139921998 -2.497401 0.159878 -0.495305 
5.320173026 0.532388794197 -2.4834 0.152533 -0.49225 
5.330013037 0.53337286045 -2.497166 0.151586 -0.491445 
5.33989501 0.534361123181 -2.504088 0.130698 -0.489404 
5.350225926 0.53538727772 -2.504684 0.154816 -0.488455 
5.360118866 0.536376199155 -2.52514 0.13299 -0.487441 
5.369982958 0.537367883125 -2.50444 0.154704 -0.496594 
5.38031292 0.538406403216 -2.533174 0.145786 -0.484283 
5.39019394 0.539399789038 -2.540344 0.14903 -0.48404 
5.40008688 0.540417042224 -2.504677 0.13761 -0.492241 
5.409924984 0.541408012289 -2.504941 0.145499 -0.492312 
5.420178891 0.542431039347 -2.554992 0.155064 -0.4838 
5.430054903 0.543416364014 -2.548228 0.144306 -0.482268 
5.43996501 0.544405090322 -2.569387 0.154774 -0.491388 
5.449864865 0.545550398703 -2.547704 0.143523 -0.479267 
5.460180045 0.546566654336 -2.576743 0.166352 -0.489138 
5.470041037 0.547525352128 -2.597026 0.152031 -0.488068 
5.479851008 0.548479089596 -2.575946 0.156837 -0.485271 
5.490170956 0.549482410476 -2.604067 0.155159 -0.495048 
5.500051976 0.550443211015 -2.625343 0.150507 -0.48384 
5.509928942 0.551431213183 -2.61116 0.158847 -0.492727 
5.520262957 0.552479825575 -2.625236 0.157446 -0.492169 
5.530140877 0.55348215713 -2.646344 0.152237 -0.491178 
5.539980889 0.554476431052 -2.66042 0.150836 -0.49062 
5.549864054 0.555437333303 -2.638707 0.14608 -0.488906 
5.560170889 0.556464934882 -2.632171 0.152398 -0.488066 
5.570071936 0.557469590494 -2.654267 0.179313 -0.478973 
5.579957009 0.558472625231 -2.668004 0.138385 -0.476603 
5.590297938 0.559507793772 -2.675746 0.149064 -0.476677 
5.600152016 0.560444054827 -2.633679 0.152864 -0.445066 
5.60996604 0.561398427833 -2.647761 0.143401 -0.454781 
5.619864941 0.562375989041 -2.641011 0.14776 -0.444083 
5.630173922 0.563394047502 -2.648307 0.151842 -0.44372 
5.640058995 0.564370243133 -2.670187 0.145558 -0.454481 
5.649935961 0.565448266296 -2.655512 0.1459 -0.442856 
5.660220862 0.566495128029 -2.649735 0.167265 -0.433223 
5.670218945 0.567480200736 -2.656951 0.162165 -0.433156 
5.680076838 0.568451461061 -2.671682 0.1453 -0.432957 
5.689950943 0.569424318692 -2.657326 0.14603 -0.422375 
5.700252057 0.570415207676 -2.672268 0.153459 -0.411799 
5.710134983 0.571400177372 -2.686791 0.153285 -0.412164 
5.719944001 0.572390933214 -2.679712 0.165436 -0.412423 
5.730314017 0.573438352429 -2.693859 0.140291 -0.41111 
5.740157843 0.574437280148 -2.679984 0.165145 -0.400495 
5.750040055 0.575544463403 -2.680587 0.166086 -0.390405 
5.759893895 0.576535058187 -2.66713 0.166579 -0.391456 
5.770246029 0.577572924695 -2.696008 0.155929 -0.382505 
5.780092955 0.578560140925 -2.661735 0.154002 -0.361417 
5.789964915 0.579527460502 -2.683321 0.15792 -0.36325 
5.800287962 0.580483766632 -2.662794 0.162383 -0.352561 
5.810137988 0.581446270228 -2.684435 0.149777 -0.342571 
5.820020914 0.58241967775 -2.663432 0.154138 -0.341851 
5.829890013 0.583391723396 -2.6565 0.159789 -0.330787 
5.840205908 0.584407775706 -2.692273 0.153396 -0.340623 
5.85007906 0.585380220548 -2.663588 0.154573 -0.337942 
5.859933854 0.586389283438 -2.685005 0.165877 -0.317448 
5.870249987 0.587469275805 -2.678377 0.16217 -0.316107 
5.880162001 0.588506961095 -2.706788 0.152982 -0.325025 
5.890024901 0.589539504657 -2.69985 0.149729 -0.323437 
5.899853945 0.590568503846 -2.692264 0.153878 -0.331763 
5.910198927 0.591592004621 -2.721368 0.161025 -0.330607 
5.920070887 0.59256218847 -2.713869 0.15655 -0.329012 
5.929930926 0.593531200763 -2.720577 0.143449 -0.337012 
5.940227986 0.594543162046 -2.749032 0.157999 -0.345769 
5.95014596 0.595517868 -2.756175 0.162249 -0.334147 
5.960010052 0.596488675787 -2.784981 0.153727 -0.353289 
5.96989584 0.597462590561 -2.756174 0.162971 -0.341251 
5.980190993 0.598476834606 -2.770189 0.154795 -0.349684 
5.990045071 0.599447625417 -2.784757 0.161393 -0.369637 
5.999923945 0.600420859048 -2.784613 0.15338 -0.346379 
6.01023388 0.601465766196 -2.81312 0.151525 -0.365585 
6.0201509 0.602489801597 -2.819514 0.14694 -0.363066 
6.030025006 0.60350940568 -2.826637 0.158527 -0.362647 
6.039955855 0.604534869068 -2.819659 0.155556 -0.371156 
6.050230027 0.60558801438 -2.819314 0.139206 -0.378484 
6.060126067 0.606541310407 -2.819465 0.146982 -0.357199 
6.069957018 0.607488336341 -2.848144 0.154588 -0.356711 
6.08025384 0.608480240123 -2.862266 0.144843 -0.356329 
6.090142966 0.609432870117 -2.826537 0.143614 -0.353772 
6.100014925 0.610383846395 -2.812298 0.159456 -0.361687 
6.109926939 0.611359971934 -2.883495 0.13229 -0.371798 
6.120200873 0.612398824908 -2.869306 0.148692 -0.370413 
6.130075932 0.613397345475 -2.882926 0.139851 -0.368622 
6.139962912 0.614397071439 -2.890333 0.135024 -0.37682 
6.150285006 0.61544079413 -2.896736 0.146397 -0.394509 
6.160181046 0.616432319791 -2.91108 0.147396 -0.372237 
6.170016051 0.617412083166 -2.91008 0.146511 -0.379206 
6.179869891 0.618393722883 -2.923871 0.145279 -0.396884 
6.190176011 0.619420418742 -2.930969 0.140906 -0.404835 
6.200059891 0.620405051045 -2.916126 0.141414 -0.410531 
6.20995307 0.62139725082 -2.980046 0.134909 -0.409466 
6.220248938 0.622434172904 -2.95856 0.147951 -0.415547 
6.230133057 0.623429626737 -2.972341 0.130761 -0.413016 
6.24000907 0.624424264196 -2.986817 0.154046 -0.432618 
6.249888897 0.625419285772 -2.979418 0.151414 -0.419525 
6.26019907 0.626457508468 -3.008041 0.134439 -0.418402 
6.27004385 0.62744113074 -2.987154 0.138796 -0.416767 
6.27993393 0.628429279074 -3.015732 0.130164 -0.415468 
6.290289879 0.629463973814 -3.016111 0.138049 -0.414624 
6.300138951 0.630448024913 -2.99488 0.152046 -0.413362 
6.31002307 0.631446571366 -3.002075 0.139891 -0.412188 
6.319939852 0.632451997376 -3.030647 0.139321 -0.400617 
6.330214978 0.633493754564 -3.030763 0.139316 -0.399702 
6.340111018 0.634497077618 -3.023779 0.144406 -0.397938 
6.349992991 0.635498974471 -3.037413 0.136289 -0.374672 
6.360326052 0.636521496866 -3.06592 0.134434 -0.393877 
6.370157957 0.637481050422 -3.044358 0.147199 -0.390777 
6.380040884 0.638445583515 -3.058541 0.122614 -0.408743 
6.390334845 0.639450231838 -3.065156 0.143166 -0.396642 
6.400213957 0.640414392603 -3.07237 0.138788 -0.403678 
6.410061837 0.6414134424 -3.092952 0.132916 -0.421957 
6.419987917 0.642450816458 -3.107478 0.132623 -0.400051 
6.430299044 0.643528431755 -3.092793 0.124901 -0.427278 
6.440140963 0.64455701015 -3.15654 0.125901 -0.426157 
6.450033904 0.645590920852 -3.120695 0.139793 -0.443928 
6.459909916 0.646563652576 -3.149135 0.146447 -0.422204 
6.470223904 0.647567794986 -3.156117 0.142078 -0.431071 
6.480095864 0.648528902727 -3.14234 0.142183 -0.431079 
6.489976883 0.649490892428 -3.17075 0.132995 -0.439997 
6.500304938 0.650496404363 -3.142278 0.126386 -0.427275 
6.510144949 0.651500323773 -3.16397 0.129455 -0.427397 
6.520066023 0.652536130508 -3.157002 0.132697 -0.436217 
6.529912949 0.653564195843 -3.164831 0.129381 -0.426855 
6.540222884 0.654640601494 -3.158228 0.141634 -0.417144 
6.550092936 0.655671081292 -3.172675 0.141183 -0.408328 
6.559990883 0.656626570065 -3.173593 0.133608 -0.408758 
6.569887877 0.657562228291 -3.152681 0.138249 -0.38864 
6.580189944 0.658536181973 -3.14616 0.127602 -0.37897 
6.590087891 0.659471930296 -3.153731 0.130671 -0.359575 
6.599928856 0.660402291561 -3.125518 0.13207 -0.369196 
6.610265017 0.661415855959 -3.154906 0.139048 -0.349804 
6.620106936 0.662396135754 -3.133646 0.127458 -0.359285 
6.629971981 0.663378718957 -3.141109 0.132097 -0.348706 
6.64029193 0.664406611738 -3.140905 0.131703 -0.346748 
6.650143862 0.665387888853 -3.148044 0.127048 -0.344602 
6.660060883 0.666381688331 -3.162002 0.126373 -0.352064 
6.669915915 0.667372527527 -3.168618 0.12996 -0.359712 
6.680224896 0.668409007414 -3.18961 0.125477 -0.36674 
6.690085888 0.669400445838 -3.218111 0.131684 -0.375673 
6.699990035 0.670396223128 -3.196508 0.144731 -0.38267 
6.710309983 0.671427332124 -3.24579 0.138405 -0.382154 
6.720161915 0.672404605954 -3.252223 0.133538 -0.369538 
6.730067969 0.673387248478 -3.245352 0.129719 -0.376336 
6.739894867 0.674362039031 -3.294606 0.139514 -0.383855 
6.750257969 0.675390018963 -3.265636 0.140862 -0.399409 
6.760102034 0.676366512416 -3.300856 0.134811 -0.417138 
6.769979954 0.677373755532 -3.321395 0.137163 -0.41297 
6.780313015 0.678460958414 -3.342295 0.149368 -0.419646 
6.790189982 0.679500172929 -3.355812 0.139404 -0.436457 
6.800055027 0.68053813306 -3.355324 0.13918 -0.452735 
6.809913874 0.681511875381 -3.404964 0.133684 -0.450269 
6.820232869 0.682508597698 -3.404147 0.131506 -0.457604 
6.830090046 0.683460712541 -3.411205 0.127415 -0.475653 
6.83998704 0.684416673349 -3.460647 0.144823 -0.474061 
6.849928856 0.685376963559 -3.417825 0.145998 -0.480443 
6.860187054 0.686391580148 -3.466969 0.132621 -0.479737 
6.870025874 0.687382779237 -3.481814 0.147832 -0.478286 
6.879884005 0.688375923788 -3.459995 0.144646 -0.485387 
6.890249014 0.689420133102 -3.502968 0.135002 -0.484574 
6.900105954 0.69047307724 -3.481438 0.138699 -0.503125 
6.909987927 0.691449095166 -3.495487 0.138303 -0.491188 
6.920312882 0.692414779153 -3.517128 0.140812 -0.500611 
6.930191994 0.693400696623 -3.524151 0.136162 -0.499381 
6.940052987 0.69438480585 -3.531401 0.148588 -0.498843 
6.949898959 0.695367416008 -3.524205 0.15172 -0.487222 
6.96022892 0.696475701559 -3.531359 0.139846 -0.496145 
6.970119 0.697486665793 -3.545876 0.147734 -0.486238 
6.979974986 0.698462756647 -3.560241 0.138822 -0.48482 
6.990298987 0.699485197521 -3.545835 0.138992 -0.48354 
7.000175 0.700463271755 -3.56703 0.125158 -0.472627 
7.010025979 0.70153499776 -3.539444 0.14418 -0.470891 
7.019882918 0.702540924617 -3.574857 0.13768 -0.489782 
7.030210019 0.703545796623 -3.553727 0.126809 -0.476873 
7.040112973 0.704509397274 -3.582308 0.142197 -0.48551 
7.049952031 0.705466780566 -3.582054 0.141243 -0.492853 
7.06029296 0.706455089164 -3.603304 0.12063 -0.490015 
7.070181847 0.707412881648 -3.617415 0.136754 -0.488987 
7.080044032 0.708397652144 -3.624467 0.140724 -0.496763 
7.08987999 0.70937980379 -3.617326 0.137078 -0.493217 
7.100224019 0.710415702988 -3.660152 0.134655 -0.51083 
7.110110045 0.711534038658 -3.645724 0.142884 -0.527855 
7.119966984 0.712537731437 -3.695076 0.144897 -0.526249 
7.130300045 0.713523075448 -3.659164 0.150331 -0.522839 
7.140172005 0.714464449612 -3.701697 0.131398 -0.531375 
7.150050879 0.715406483084 -3.701762 0.130832 -0.539761 
7.159877062 0.716448149694 -3.680799 0.144657 -0.548843 
7.170237065 0.717513737468 -3.730597 0.138152 -0.528261 
7.180161 0.718472296155 -3.723934 0.126665 -0.547289 
7.190005064 0.719423140056 -3.724218 0.127217 -0.536157 
7.200358868 0.720423220042 -3.73164 0.137507 -0.535189 
7.21023202 0.721436554722 -3.745649 0.137393 -0.533349 
7.220058918 0.722449547653 -3.759548 0.129223 -0.542698 
7.229933978 0.723438326762 -3.752697 0.132459 -0.550602 
7.240267992 0.72447306044 -3.773982 0.143765 -0.559603 
7.250125885 0.725460120635 -3.781121 0.139111 -0.557457 
7.259971857 0.726430903923 -3.752435 0.140288 -0.554776 
7.269871951 0.727398304456 -3.802365 0.141675 -0.56376 
7.280195952 0.728410896213 -3.816354 0.134505 -0.560814 
7.290068865 0.729380856032 -3.83806 0.136448 -0.578623 
7.299926997 0.730349363697 -3.837516 0.12861 -0.574516 
7.310255051 0.731373268207 -3.865606 0.134148 -0.601804 
7.320109845 0.732354297572 -3.886861 0.137556 -0.608902 
7.329994917 0.733329739883 -3.907406 0.131846 -0.615007 
7.340312958 0.734347906848 -3.92177 0.13805 -0.633002 
7.350170851 0.735320667181 -3.907682 0.139331 -0.639868 
7.36006403 0.736246769084 -3.88598 0.121025 -0.626641 
7.369919062 0.737108424894 -3.864723 0.135305 -0.606897 
7.380236865 0.737846655607 -3.823519 0.121342 -0.58739 
7.390112877 0.73855327652 -3.753667 0.134383 -0.570422 
7.400018931 0.739262046915 -3.719446 0.132296 -0.532929 
7.410312891 0.739858510673 -3.671281 0.124387 -0.506147 
