0.0 0.000849124171407 0.043077 -0.040301 -0.010948 
0.009840965 0.00183536311993 0.01385 -0.041942 -0.012045 
0.02015686 0.00288337476183 0.020796 -0.037015 -0.022456 
0.030049085 0.00388834495243 0.020756 -0.037296 -0.012359 
0.03988409 0.00488750205302 0.020583 -0.044802 -0.012415 
0.050217867 0.00593733036174 0.02749 -0.040156 -0.01273 
0.060097932 0.0069307173877 0.027134 -0.048954 -0.013152 
0.069978952 0.0078923349889 -0.008517 -0.047281 -0.013632 
0.079797983 0.00884791984111 0.012298 -0.035307 -0.003802 
0.090131044 0.00985352992306 0.026602 -0.041236 -0.023567 
0.100019931 0.0108159131381 0.033863 -0.037539 -0.00356 
0.109894991 0.0117802045563 0.026541 -0.034462 -0.014576 
0.120213985 0.0128623380473 0.047807 -0.037991 -0.013785 
0.130166053 0.013905992699 0.004494 -0.04019 -0.01512 
0.140007972 0.0149380962322 0.040145 -0.041863 -0.01464 
0.149848938 0.015970099826 0.019482 -0.039275 -0.025521 
0.160166025 0.0170291550346 0.033528 -0.038998 -0.015185 
0.170044899 0.017993751269 -0.002256 -0.044549 -0.025818 
0.179909944 0.0189569972078 0.025942 -0.028032 -0.026272 
0.19018507 0.0199602844092 0.018869 -0.032121 -0.015741 
0.200100898 0.0209284889181 0.040256 -0.04455 -0.025343 
0.210007906 0.0219043851211 0.040465 -0.027858 -0.025907 
0.219841957 0.0229273772033 0.040895 -0.036304 -0.036052 
0.230187893 0.024003618379 0.01215 -0.029986 -0.036846 
0.240062952 0.0250308763389 0.033558 -0.032504 -0.025592 
0.249924898 0.0260567702124 0.033679 -0.041404 -0.035985 
0.260231018 0.027094177773 0.02651 -0.03816 -0.035741 
0.270137071 0.0280303023096 0.012859 -0.039103 -0.035852 
0.280013084 0.0289635880585 0.013194 -0.023249 -0.036536 
0.289844036 0.0298926155315 0.027605 -0.0471 -0.025319 
0.300189018 0.0308702189706 -0.001196 -0.033167 -0.046498 
0.310064077 0.0318127990712 0.013372 -0.024649 -0.045957 
0.319917917 0.0327974654871 0.021084 -0.036453 -0.034989 
0.330223083 0.0338272316362 0.035337 -0.036451 -0.044968 
0.340123891 0.0348165914318 0.035773 -0.036835 -0.044841 
0.34996891 0.0358003763901 0.007504 -0.03062 -0.055605 
0.359816074 0.0367845975444 0.014644 -0.034988 -0.044955 
0.370135069 0.0378235330624 0.014913 -0.034816 -0.034611 
0.380043983 0.0388211808662 0.000999 -0.02787 -0.034794 
0.389918089 0.0398153241362 0.022904 -0.023152 -0.044712 
0.400213956 0.0408519310843 0.015689 -0.028252 -0.044645 
0.410103082 0.0418469242852 0.008904 -0.024831 -0.034973 
0.419939041 0.0428258372539 0.016125 -0.028636 -0.044518 
0.429810047 0.0438082382366 0.016378 -0.030313 -0.044757 
0.440118074 0.0448341332522 0.016378 -0.030313 -0.044757 
0.450005054 0.0458181240296 -0.0122 -0.024551 -0.055767 
0.459935903 0.0468074769562 -0.004898 -0.020572 -0.045858 
0.470242977 0.0478718648969 0.02371 -0.019839 -0.045254 
0.480146885 0.0488946188075 -0.011947 -0.026227 -0.056007 
0.490007877 0.0499129408811 -0.011718 -0.026337 -0.035566 
0.499850034 0.0509293179072 0.017103 -0.017817 -0.045003 
0.51018095 0.0519810862054 0.010414 -0.038696 -0.044794 
0.520051956 0.0529324678005 0.017493 -0.026545 -0.045052 
0.529908895 0.0538824935982 0.002961 -0.020506 -0.045727 
0.540225982 0.0548768691145 0.003493 -0.028224 -0.035313 
0.550117015 0.0558301809404 -0.003642 -0.03276 -0.055439 
0.559997081 0.0567825620251 -0.002987 -0.017295 -0.05508 
0.570278883 0.0578249106473 -0.00288 -0.025471 -0.043997 
0.580169916 0.0588276438861 -0.00289 -0.019258 -0.044307 
0.590050935 0.0598293619255 -0.023843 -0.024181 -0.054328 
0.599927902 0.060853895207 -0.037487 -0.017062 -0.044166 
0.61025691 0.0619588111001 -0.030114 -0.0207 -0.042451 
0.620126009 0.0628535747448 -0.0298 -0.02915 -0.051681 
0.629996061 0.0638223100234 -0.050883 -0.01896 -0.05162 
0.639893055 0.0648081843346 -0.029307 -0.022034 -0.050583 
0.650142908 0.0658292081693 -0.036345 -0.011567 -0.040186 
0.66001296 0.0668126566536 -0.057647 -0.017225 -0.040357 
0.669893026 0.0679026862487 -0.050254 -0.013525 -0.049845 
0.680218935 0.0689293145873 -0.06474 0.000858 -0.050345 
0.69006896 0.0699024147153 -0.057144 -0.010951 -0.038462 
0.699959993 0.0708795660908 -0.064359 -0.016051 -0.038394 
0.709867954 0.0718670251283 -0.078704 -0.017624 -0.04818 
0.720128059 0.0730195917125 -0.086041 -0.013824 -0.03772 
0.729984998 0.0739753601915 -0.09317 -0.010298 -0.047574 
0.739835977 0.074930550765 -0.107058 -0.019312 -0.056127 
0.750185012 0.0759340348528 -0.085746 -0.014497 -0.05516 
0.760032892 0.0768887974535 -0.099887 -0.031579 -0.043575 
0.769921064 0.0778460457407 -0.121487 -0.021568 -0.023447 
0.780225992 0.0788620299273 -0.107807 -0.01413 -0.033743 
0.790101051 0.0798386044224 -0.121893 -0.014689 -0.033981 
0.799993991 0.0808169472237 -0.136289 -0.015702 -0.034466 
0.809875965 0.0818341445942 -0.129256 -0.011894 -0.0349 
0.820194959 0.083037343514 -0.136552 -0.017557 -0.014639 
0.830061912 0.0839760110174 -0.129915 -0.013084 -0.025297 
0.839938879 0.0849156311773 -0.122425 -0.016717 -0.024497 
0.849818945 0.0858555461527 -0.143513 0.002378 -0.01496 
0.860118866 0.0868470947609 -0.12211 -0.008201 -0.013978 
0.869986057 0.0879416728256 -0.150592 -0.009773 -0.014701 
0.879908085 0.0889168635156 -0.115513 -0.00401 -0.014539 
0.890238046 0.0899156643364 -0.136906 0.000357 -0.015211 
0.900111913 0.0908703655656 -0.143701 0.00462 -0.006335 
0.909991026 0.091825574029 -0.115352 -0.001032 -0.015765 
0.919887066 0.0928455698024 -0.122091 -0.011604 -0.026153 
0.930120945 0.0938798109821 -0.100856 -0.007233 -0.027264 
0.939992904 0.0948717230282 -0.114643 -0.006495 -0.028052 
0.949873924 0.095864545503 -0.114795 0.010304 -0.019562 
0.960186004 0.0968990781403 -0.078485 7.5e-05 -0.008787 
0.970082998 0.0978672557291 -0.120851 0.006575 -0.020585 
0.979978084 0.098836170161 -0.099731 0.010941 -0.020781 
0.989873886 0.0998113690438 -0.099245 0.004626 -0.03044 
1.000153064 0.100824348376 -0.120694 0.006862 -0.031597 
1.009971857 0.101792060595 -0.092258 8.9e-05 -0.03105 
1.019897937 0.102772951439 -0.120867 -0.000643 -0.031653 
1.030247926 0.103803803559 -0.093156 -0.000148 -0.042683 
1.040126085 0.10479388476 -0.12145 0.007635 -0.032767 
1.049978971 0.105781432864 -0.143066 0.010428 -0.023708 
1.059839964 0.106769793528 -0.100403 0.002651 -0.044517 
1.070138931 0.10780028748 -0.129199 0.009531 -0.03601 
1.079914093 0.108779763631 -0.115655 0.008904 -0.027084 
1.089870929 0.109778017157 -0.1013 0.009635 -0.016502 
1.100205898 0.110814181582 -0.15868 0.014215 -0.029279 
1.110100984 0.11180624417 -0.123029 0.012542 -0.028799 
1.119937896 0.112850596701 -0.143905 0.007343 -0.029638 
1.129858017 0.113846101214 -0.137754 0.018131 -0.030637 
1.140155077 0.11486844978 -0.123698 0.012195 -0.019991 
1.150011062 0.115847006002 -0.159502 0.013701 -0.03173 
1.159904956 0.11683800077 -0.131157 0.022323 -0.031198 
1.170202016 0.118012365766 -0.13133 0.014818 -0.031254 
1.18001604 0.118969905065 -0.160121 0.012793 -0.032224 
1.189909935 0.119935237257 -0.117943 0.02365 -0.031214 
1.200233936 0.120942534232 -0.160572 0.028295 -0.023184 
1.210150957 0.121908830555 -0.139868 0.025989 -0.022401 
1.219996929 0.122863124851 -0.132455 0.007518 -0.01137 
1.229933977 0.123858949926 -0.146947 0.013838 -0.022143 
1.240236997 0.124901899052 -0.13284 0.007341 -0.020798 
1.250108003 0.125901116474 -0.168765 0.017746 -0.022145 
1.259978056 0.126893269375 -0.162204 0.012751 -0.022086 
1.269867897 0.127847961021 -0.147803 0.021826 -0.011328 
1.280128002 0.128876066277 -0.148381 0.021199 -0.021919 
1.289995908 0.129877238437 -0.133985 0.022212 -0.021434 
1.299908876 0.130882982471 -0.191076 0.019908 -0.02276 
1.310266018 0.13192136807 -0.141764 0.018335 -0.021374 
1.320146083 0.132884710466 -0.148447 0.005518 -0.010891 
1.33000803 0.133851472878 -0.17703 0.020185 -0.012425 
1.339865923 0.134819289038 -0.1415 0.010446 -0.021303 
1.350199937 0.135833849224 -0.191719 0.020567 -0.002574 
1.360054969 0.1368013845 -0.163111 0.0213 -0.001971 
1.36994791 0.137880914922 -0.169668 0.002275 0.007906 
1.380274057 0.138925216919 -0.162685 0.021759 -0.002639 
1.390152931 0.139899630953 -0.126583 0.004584 -0.011199 
1.400028944 0.140873762789 -0.183505 0.01869 -0.002993 
1.409870863 0.141841817463 -0.148046 0.007544 0.00912 
1.42020297 0.142834474295 -0.15477 0.004191 0.0098 
1.430037975 0.143819232581 -0.154906 0.011242 0.00961 
1.439939975 0.144818912158 -0.133108 0.009742 0.000916 
1.450237035 0.145858475942 -0.197053 0.019197 0.010352 
1.460126876 0.146863858706 -0.154652 0.004917 0.001781 
1.469991922 0.147948389586 -0.168201 0.004703 0.02223 
1.479803085 0.14894296436 -0.175537 0.008504 0.03269 
1.490163087 0.149993175903 -0.147304 0.002847 0.024175 
1.500057935 0.150996233972 -0.168524 0.014718 0.02356 
1.509906053 0.151953598885 -0.161633 0.003122 0.024972 
1.520241975 0.152878606022 -0.140027 0.018138 0.034866 
1.530030965 0.153839081098 -0.16898 0.007765 0.034636 
1.539972067 0.154822087215 -0.16861 0.001445 0.025892 
1.549809932 0.155794884946 -0.17618 0.01426 0.025388 
1.560153007 0.156817639364 -0.162093 0.014818 0.025626 
1.570050001 0.157796283949 -0.169299 0.003506 0.026004 
1.57990694 0.158812929263 -0.155649 0.004449 0.026115 
1.590234995 0.15989447401 -0.148696 0.017438 0.025977 
1.600112915 0.16092888102 -0.177533 0.024036 0.04458 
1.609993934 0.161963612555 -0.156404 0.005222 0.024945 
1.619863033 0.162995739228 -0.156192 -0.002106 0.034317 
1.630157947 0.164007623373 -0.142617 0.030474 0.032687 
1.64004898 0.164979810171 -0.143318 0.006666 0.032153 
1.649906873 0.165948739647 -0.179294 0.017632 0.040107 
1.660230875 0.166963482843 -0.143577 0.021895 0.049458 
1.670111894 0.167934685368 -0.193928 0.024793 0.058033 
1.679966926 0.16890420057 -0.173104 0.027981 0.036115 
1.689820051 0.169873754144 -0.144485 0.022501 0.037029 
1.700160026 0.170891214057 -0.18067 0.016776 0.045547 
1.710021019 0.171861541847 -0.144982 0.029659 0.045893 
1.719887018 0.17283236223 -0.138021 0.009724 0.046214 
1.730206966 0.173882669803 -0.173819 0.019291 0.044747 
1.740087032 0.174900138107 -0.123686 0.01751 0.055689 
1.749955892 0.175916452395 -0.17349 0.027082 0.033791 
1.759795904 0.17692979586 -0.145049 0.028372 0.044611 
1.770124912 0.17799204738 -0.123134 0.017131 0.054901 
1.780004978 0.178946740969 -0.152082 0.014819 0.064943 
1.789893865 0.179902286915 -0.123514 0.008049 0.035996 
1.800205946 0.180898725362 -0.180483 0.013812 0.044026 
1.810078859 0.181852727768 -0.138051 0.022993 0.044797 
1.819952011 0.182806753269 -0.123225 0.015559 0.035137 
1.829787016 0.183778923199 -0.145191 0.017616 0.054046 
1.840126991 0.184823300571 -0.131171 0.002493 0.065312 
1.849997043 0.185820213907 -0.166787 0.013353 0.064212 
1.859885931 0.186819029752 -0.131004 0.001937 0.055096 
1.870203972 0.187861191706 -0.16592 0.004522 0.054194 
1.880065918 0.188846571975 -0.144648 0.009056 0.065257 
1.889963865 0.189830830247 -0.123027 0.014325 0.06647 
1.899797916 0.190808734659 -0.180031 0.010901 0.075121 
1.91012597 0.191835763051 -0.144202 0.007828 0.06618 
1.920027017 0.192820329589 -0.143447 0.001685 0.066864 
1.92988801 0.193809259896 -0.150115 0.00326 0.036458 
1.940198898 0.194846967965 -0.142731 0.00063 0.078131 
1.950041055 0.195837502023 -0.171512 -0.002238 0.077957 
1.960022926 0.196842097173 -0.135724 -0.005592 0.079113 
1.96983695 0.19782979987 -0.163855 0.010539 0.088289 
1.980156898 0.198866959782 -0.156295 0.013682 0.068584 
1.990055084 0.199856154552 -0.127402 -0.00053 0.070365 
1.999930858 0.200843109535 -0.177438 0.016254 0.089945 
2.009835958 0.201832995269 -0.156487 0.00421 0.080217 
2.020109892 0.202859741158 -0.191459 -0.009729 0.091138 
2.029929876 0.203854036773 -0.169807 0.002035 0.081944 
2.039798975 0.204857172529 -0.162124 -0.001149 0.083906 
2.05017209 0.205911538541 -0.176423 0.005621 0.074296 
2.060049057 0.206915474033 -0.175931 0.012737 0.075394 
2.069900035 0.207916767896 -0.204416 0.011047 0.096943 
2.080169916 0.208925548602 -0.183079 0.014295 0.077229 
2.090048074 0.20988866527 -0.211215 0.013341 0.088928 
2.099938869 0.210853014041 -0.239341 0.025937 0.089113 
2.109833002 0.211817688266 -0.189279 0.015529 0.081397 
2.120212078 0.21282964425 -0.252636 0.007802 0.08247 
2.130079031 0.21384027349 -0.224072 0.032273 0.083234 
2.139910936 0.214869834349 -0.216303 0.027969 0.095173 
2.150249004 0.215952398732 -0.237721 0.022307 0.095918 
2.16010499 0.216984481264 -0.236799 0.020977 0.086871 
2.169970035 0.218017512422 -0.236439 0.02087 0.077817 
2.17982006 0.218987532562 -0.272038 0.038948 0.087785 
2.190162897 0.219994459389 -0.257627 0.047179 0.099338 
2.20004487 0.220956518804 -0.278969 0.041239 0.109265 
2.209923982 0.221918299686 -0.271161 0.020251 0.091358 
2.220216035 0.222920282436 -0.298678 0.034598 0.09124 
2.230086088 0.223932688205 -0.269973 0.043113 0.082718 
2.239974022 0.224962224558 -0.25542 0.035389 0.084986 
2.249818086 0.225987193145 -0.290756 0.045577 0.095025 
2.260160923 0.227064094213 -0.262452 0.036952 0.085905 
2.269999981 0.228088541573 -0.3054 0.042707 0.085788 
2.279888868 0.229025430215 -0.284148 0.054296 0.095746 
2.290188074 0.229999623993 -0.305404 0.056981 0.095751 
2.300045013 0.230931984084 -0.305313 0.046957 0.096252 
2.309972047 0.231870974405 -0.333825 0.044261 0.106421 
2.319822073 0.232802680601 -0.312615 0.048347 0.086828 
2.330151081 0.233822552885 -0.305256 0.059827 0.097709 
2.340043068 0.234812812313 -0.312056 0.047006 0.109107 
2.349822998 0.235791854025 -0.339843 0.061181 0.098645 
2.360203027 0.236830969987 -0.332444 0.072942 0.09943 
2.370043039 0.237816026341 -0.34656 0.071259 0.110084 
2.379945039 0.23880698763 -0.339471 0.082567 0.110622 
2.389832973 0.239796432318 -0.33154 0.086611 0.121821 
2.400110006 0.240824812536 -0.345078 0.068588 0.123317 
2.409957885 0.241810249086 -0.366572 0.063202 0.11488 
2.419882059 0.242803320162 -0.366394 0.078769 0.125209 
2.430142879 0.243826839861 -0.359639 0.074224 0.12643 
2.440034866 0.244812473071 -0.358924 0.073169 0.137697 
2.449908971 0.245796324527 -0.366317 0.084584 0.127773 
2.459805965 0.246782456632 -0.379601 0.091595 0.12888 
2.470185041 0.247816623175 -0.414669 0.08499 0.129514 
2.480067014 0.248823954909 -0.414527 0.09137 0.140462 
2.489971876 0.249850081519 -0.364712 0.090701 0.143258 
2.500269889 0.250916937894 -0.407254 0.094947 0.154161 
2.510123968 0.251937803473 -0.421289 0.093827 0.144622 
2.519958019 0.252956594185 -0.420649 0.093049 0.146707 
2.52985692 0.253926750377 -0.405797 0.091992 0.148911 
2.540165901 0.254921948757 -0.405578 0.076481 0.141703 
2.550062894 0.255877375039 -0.433876 0.098538 0.161581 
2.559936046 0.256830499783 -0.419419 0.098146 0.153561 
2.57024908 0.257826089426 -0.433449 0.105088 0.154294 
2.580151081 0.258807473326 -0.454958 0.11482 0.155024 
2.590023994 0.259803021673 -0.433331 0.111185 0.146761 
2.599875927 0.260796454474 -0.468628 0.11191 0.166602 
2.610203027 0.261837801374 -0.447264 0.116164 0.158268 
2.620099067 0.262930277619 -0.461594 0.106694 0.178963 
2.629890918 0.263858069685 -0.447406 0.10613 0.160599 
2.639858007 0.264795122596 -0.461562 0.11391 0.161452 
2.650110006 0.26581815217 -0.511208 0.121966 0.180984 
2.659940004 0.26679907098 -0.490205 0.126327 0.181704 
2.669764042 0.267779395052 -0.475966 0.127053 0.193201 
2.680125951 0.268868502045 -0.490138 0.132985 0.183471 
2.68999505 0.269893692919 -0.504254 0.131302 0.194126 
2.699855089 0.270876462209 -0.49038 0.139189 0.184992 
2.710152864 0.2719028615 -0.511509 0.141036 0.184878 
2.72004199 0.272888529948 -0.518532 0.136386 0.186108 
2.729925871 0.273945072048 -0.511483 0.147412 0.196742 
2.739778995 0.274948297268 -0.504526 0.151496 0.187127 
2.750109911 0.275952436572 -0.518819 0.166327 0.187789 
2.759962082 0.276910043055 -0.518063 0.165554 0.188959 
2.769855022 0.277871612183 -0.525521 0.161288 0.190062 
2.780164003 0.278864870387 -0.532564 0.163694 0.190186 
2.790041923 0.279827803246 -0.53981 0.167215 0.181248 
2.799916029 0.280811929982 -0.540011 0.190667 0.192421 
2.809763908 0.281793442741 -0.540482 0.181865 0.192914 
2.820087909 0.282822409354 -0.547505 0.177215 0.194144 
2.829994917 0.283948990263 -0.548026 0.201055 0.204274 
2.839861869 0.284971628769 -0.547975 0.200494 0.194973 
2.850157976 0.285946913633 -0.555398 0.19567 0.215354 
2.860017061 0.286880802177 -0.562091 0.198811 0.205628 
2.869915008 0.287818371871 -0.569174 0.21068 0.19595 
2.879776001 0.288852790286 -0.576607 0.221814 0.196122 
2.890094041 0.289928298253 -0.562414 0.214196 0.207444 
2.899980068 0.290885904046 -0.576966 0.212897 0.217971 
2.909818887 0.291838937056 -0.570318 0.216528 0.208109 
2.920162916 0.292840907018 -0.584708 0.223577 0.217897 
2.930033922 0.293839701699 -0.577746 0.235723 0.218554 
2.939913988 0.294855420267 -0.583982 0.231424 0.210061 
2.949759006 0.29584332899 -0.591152 0.234668 0.210304 
2.960071087 0.296878105642 -0.570007 0.24004 0.221487 
2.969970941 0.297871516942 -0.584203 0.247538 0.232437 
2.97982192 0.298841769809 -0.591829 0.258223 0.231447 
2.990159034 0.299848519783 -0.585075 0.248307 0.232183 
3.000034093 0.300820268167 -0.585374 0.24701 0.232732 
3.009927988 0.301796780003 -0.585637 0.2549 0.232661 
3.020246029 0.30281515438 -0.599368 0.263139 0.232845 
3.030183076 0.30379774072 -0.592675 0.275113 0.223159 
3.040045023 0.304775953824 -0.607359 0.26659 0.223533 
3.049889087 0.305764125101 -0.585844 0.27029 0.233562 
3.060194015 0.306798559035 -0.59314 0.274372 0.233925 
3.070116043 0.307794556529 -0.635029 0.271746 0.224952 
3.079994917 0.308794598302 -0.606216 0.272086 0.227513 
3.089860916 0.30979250392 -0.619577 0.279374 0.219439 
3.100125074 0.310815182437 -0.63319 0.29371 0.21209 
3.109958887 0.311794983147 -0.660935 0.299143 0.204327 
3.119819879 0.312777491861 -0.674584 0.298922 0.197112 
3.130212068 0.313846575009 -0.702466 0.311406 0.189158 
3.140110016 0.314862538824 -0.723452 0.314986 0.192403 
3.149916887 0.315841828141 -0.708402 0.305473 0.186293 
3.16020298 0.316868971353 -0.74965 0.302069 0.179405 
3.170058012 0.317853069905 -0.770089 0.312323 0.152176 
3.179921865 0.318935101814 -0.755539 0.319595 0.157302 
3.189872026 0.319968713973 -0.78979 0.320557 0.130702 
3.200104951 0.32096839514 -0.824573 0.346203 0.113437 
3.210057974 0.321940731949 -0.845817 0.348768 0.107134 
3.219907045 0.322902913416 -0.851398 0.35091 0.111795 
3.22981286 0.323853433508 -0.879214 0.347716 0.085373 
3.240130901 0.324862368347 -0.921871 0.352679 0.090088 
3.249886036 0.325854540497 -0.913766 0.3631 0.055078 
3.259732961 0.326856048396 -0.948341 0.364332 0.049707 
3.27018094 0.327918688103 -1.004887 0.369305 0.033074 
3.280055999 0.328881042576 -1.011289 0.371655 0.028179 
3.289885044 0.329844185306 -1.024667 0.377698 0.02469 
3.299807071 0.330854170926 -1.074205 0.386194 -0.010859 
3.31005001 0.331896822906 -1.116192 0.391504 -0.014951 
3.319957971 0.332905376716 -1.222485 0.399157 -0.040202 
3.329801082 0.333850916609 -1.229402 0.42691 -0.071445 
3.340241909 0.334858173482 -1.300645 0.408562 -0.100184 
3.349947929 0.335816967828 -1.414546 0.420446 -0.11015 
3.359854936 0.336795616367 -1.449256 0.429451 -0.122815 
3.370100975 0.337807755664 -1.476093 0.434279 -0.11815 
3.380011081 0.338852686127 -1.418227 0.433402 -0.106958 
3.389909029 0.339891960812 -1.432049 0.445439 -0.126052 
3.399787902 0.340858597689 -1.424569 0.463134 -0.144976 
3.41002798 0.341860578079 -1.423276 0.460854 -0.162281 
3.41991806 0.342828311548 -1.464747 0.465622 -0.179336 
3.429888963 0.343801247969 -1.463427 0.479463 -0.204675 
3.440224886 0.344821500474 -1.50511 0.477166 -0.218794 
3.450074911 0.345812929037 -1.539811 0.494352 -0.243458 
3.459858894 0.346797710315 -1.574268 0.496311 -0.256849 
3.469722986 0.347790554756 -1.630742 0.516003 -0.261441 
3.480082988 0.34892391017 -1.650626 0.517576 -0.283767 
3.490088939 0.349968668045 -1.656292 0.511814 -0.276289 
3.499804973 0.350949918611 -1.698912 0.541079 -0.291607 
3.509777069 0.351957029624 -1.698393 0.538327 -0.305497 
3.519947052 0.352983246726 -1.762124 0.530302 -0.32016 
3.529932975 0.353894604158 -1.762344 0.545287 -0.344049 
3.539845943 0.354833606594 -1.8043 0.542699 -0.34624 
3.550119877 0.355842835774 -1.888718 0.553943 -0.370516 
3.560029983 0.356816325399 -1.931044 0.56742 -0.383861 
3.569834947 0.357779486714 -1.959344 0.573836 -0.375668 
3.580169916 0.358794711484 -2.044542 0.592791 -0.379949 
3.590152979 0.359799493092 -2.044767 0.585321 -0.401802 
3.599931001 0.360828089122 -2.109245 0.609189 -0.39423 
3.609826088 0.361868999768 -2.15108 0.597701 -0.406813 
3.620104074 0.362950189358 -2.193711 0.586704 -0.410469 
3.630007028 0.363991927572 -2.19418 0.616075 -0.416257 
3.639936924 0.364991651972 -2.258677 0.599921 -0.412987 
3.650184869 0.365999255429 -2.273485 0.613444 -0.438524 
3.659991979 0.366963514891 -2.266151 0.615617 -0.43333 
3.66989398 0.367937104273 -2.301323 0.625852 -0.418339 
3.679856062 0.368916600968 -2.30127 0.631383 -0.434258 
3.690082073 0.36992222959 -2.329754 0.64553 -0.439226 
3.700054884 0.37090331 -2.415648 0.663132 -0.446078 
3.710001945 0.37188185724 -2.415448 0.646375 -0.448701 
3.720082998 0.372873586012 -2.415714 0.653017 -0.472766 
3.730076074 0.373856660001 -2.487043 0.673648 -0.457291 
3.739866972 0.374831949617 -2.5006 0.664124 -0.471108 
3.749794006 0.375852335075 -2.557722 0.676414 -0.465787 
3.760190963 0.376921023238 -2.571806 0.682669 -0.479747 
3.769916057 0.377920651576 -2.62227 0.692377 -0.483978 
3.779857874 0.378942556557 -2.657782 0.693812 -0.497989 
3.790097952 0.379947293891 -2.671839 0.701073 -0.50057 
3.800056934 0.380909775539 -2.757849 0.718671 -0.506506 
3.809993028 0.381870045187 -2.729867 0.694793 -0.528353 
3.819792032 0.382817065829 -2.822331 0.709209 -0.523265 
3.830128908 0.383816068885 -2.83719 0.724016 -0.546604 
3.839959859 0.384771291451 -2.894464 0.721744 -0.540233 
3.849807977 0.385764958003 -2.944893 0.746008 -0.544598 
3.860169887 0.386810465721 -2.930722 0.729805 -0.546068 
3.870014906 0.387803819586 -3.009796 0.753173 -0.563211 
3.879896879 0.388800902078 -3.024133 0.75136 -0.557033 
3.889806032 0.389798578625 -3.059928 0.753347 -0.559912 
3.900084018 0.390826167048 -3.110098 0.778626 -0.55473 
3.909947872 0.391812350739 -3.138597 0.776531 -0.557971 
3.919939994 0.392811358608 -3.181263 0.783059 -0.561156 
3.930212974 0.393838446533 -3.21721 0.790249 -0.574808 
3.940130949 0.394833059882 -3.245622 0.782386 -0.575662 
3.94997406 0.395826309146 -3.309873 0.798201 -0.580194 
3.959812879 0.396819125312 -3.304283 0.801911 -0.575509 
3.970157861 0.397863017405 -3.38328 0.810609 -0.571162 
3.980058908 0.398862112878 -3.398357 0.799821 -0.574834 
3.989949941 0.399860197858 -3.426622 0.815423 -0.567261 
4.000259876 0.400886910641 -3.50435 0.823408 -0.55954 
4.010128021 0.401865392305 -3.525455 0.815989 -0.559474 
4.020035982 0.402847821948 -3.610176 0.820448 -0.561416 
4.029861927 0.403822119246 -3.667069 0.816384 -0.562507 
4.040190935 0.404858419947 -3.71016 0.837569 -0.584436 
4.050073862 0.405867248629 -3.788421 0.853271 -0.587129 
4.059908867 0.406871185532 -3.774006 0.836956 -0.596737 
4.070226907 0.407924429645 -3.874669 0.864845 -0.600546 
4.080137014 0.408936032804 -3.88899 0.853284 -0.603048 
4.09002304 0.409925525669 -3.939151 0.855383 -0.617305 
4.099847078 0.410879096167 -3.989463 0.865258 -0.610276 
4.110172987 0.411881380786 -4.01175 0.867178 -0.623507 
4.12006092 0.412841153254 -4.054055 0.863854 -0.615848 
4.129950046 0.41380104152 -4.118712 0.872155 -0.618605 
4.140218019 0.414820916167 -4.161753 0.862548 -0.611009 
4.150120973 0.41585970455 -4.211735 0.885584 -0.614451 
4.160007953 0.41689681731 -4.275901 0.86355 -0.616932 
4.169841051 0.41792827802 -4.326338 0.889379 -0.629197 
4.180195093 0.419014384099 -4.34798 0.898582 -0.63007 
4.190061092 0.42001125246 -4.355188 0.876999 -0.640891 
4.199938058 0.420972136836 -4.483683 0.895603 -0.635924 
4.210196972 0.421970179168 -4.455542 0.89507 -0.655653 
4.220128059 0.422936328727 -4.54791 0.902153 -0.640277 
4.229979992 0.423894777758 -4.570283 0.89617 -0.65069 
4.239846944 0.424875669937 -4.642009 0.900501 -0.665188 
4.250185966 0.425953121922 -4.692117 0.909982 -0.656202 
4.260041952 0.426980235674 -4.685912 0.897515 -0.648501 
4.269931078 0.428010803017 -4.779031 0.896467 -0.643771 
4.280207872 0.429081770086 -4.787463 0.915902 -0.635184 
4.290093898 0.430055895828 -4.830947 0.881652 -0.657736 
4.299972057 0.430986907353 -4.910115 0.905181 -0.633211 
4.309836864 0.431916660458 -4.939257 0.91886 -0.635679 
4.320177078 0.432891220435 -4.982786 0.893233 -0.638658 
4.330051899 0.433821917354 -5.019451 0.918325 -0.621556 
4.339928865 0.434773158584 -5.027252 0.905863 -0.634287 
4.350214958 0.435805660653 -5.134944 0.910572 -0.620136 
4.360131025 0.436801020085 -5.150391 0.901456 -0.622654 
4.370012045 0.437792861554 -5.201403 0.887523 -0.61616 
4.379869938 0.43878238157 -5.244772 0.9166 -0.609581 
4.390146017 0.439814471182 -5.252689 0.904133 -0.621396 
4.400028944 0.440808239237 -5.374452 0.908281 -0.636063 
4.409888029 0.441799609884 -5.361917 0.917522 -0.626621 
4.420177936 0.442834301415 -5.454215 0.900022 -0.639189 
4.430084943 0.443830490812 -5.512659 0.912338 -0.651936 
4.439920902 0.444817429121 -5.534986 0.914698 -0.662174 
4.44977808 0.445795094404 -5.613444 0.914716 -0.624344 
4.460107088 0.44681955724 -5.642824 0.929348 -0.648049 
4.469995021 0.447800272899 -5.7005 0.909936 -0.642276 
4.479870081 0.448779711773 -5.737766 0.919122 -0.657105 
4.490177869 0.449802069944 -5.744977 0.923409 -0.638701 
4.500073909 0.450788097573 -5.851959 0.928747 -0.643455 
4.509939909 0.451826580423 -5.817348 0.918128 -0.644212 
4.519826889 0.452867271602 -5.91755 0.9308 -0.609998 
4.53014493 0.453953335724 -5.953676 0.922423 -0.633979 
4.540011882 0.454950737056 -5.982692 0.946139 -0.6102 
4.549885988 0.455903939032 -6.011243 0.912524 -0.604477 
4.560210943 0.456900663952 -6.048685 0.945445 -0.589651 
4.570067882 0.457852208704 -6.077146 0.896435 -0.583913 
4.579977989 0.458808886056 -6.114269 0.937991 -0.580839 
4.589824915 0.459771241826 -6.121706 0.917646 -0.565835 
4.60008192 0.460803896489 -6.172608 0.926294 -0.555986 
4.610027074 0.46180515462 -6.152299 0.915631 -0.552632 
4.619891882 0.462798323676 -6.168066 0.923148 -0.529339 
4.630163908 0.463865456692 -6.160927 0.91878 -0.51869 
4.640001058 0.464897769541 -6.211895 0.911746 -0.497813 
4.649934053 0.465783427245 -6.227284 0.894413 -0.495114 
4.659832954 0.466776888071 -6.235425 0.90564 -0.483141 
4.670098066 0.467807102095 -6.271567 0.908139 -0.452175 
4.680031061 0.468803984619 -6.265857 0.902227 -0.450778 
4.68987894 0.469823980685 -6.315717 0.88016 -0.441441 
4.700186967 0.470925147972 -6.303419 0.896249 -0.421651 
4.71005392 0.47189989565 -6.261535 0.898756 -0.390407 
4.719950914 0.472877611053 -6.305158 0.880987 -0.372576 
4.729799986 0.473850592283 -6.277863 0.865066 -0.362728 
4.740108013 0.474935043243 -6.286457 0.885703 -0.335097 
4.75003004 0.47599128921 -6.315198 0.868001 -0.325955 
4.759875059 0.476942684373 -6.287968 0.86848 -0.304743 
4.770186901 0.477939192008 -6.316602 0.842603 -0.284518 
4.78006792 0.47889406611 -6.317848 0.859318 -0.273655 
4.789943933 0.479846834061 -6.339484 0.837807 -0.273142 
4.799800872 0.480799426208 -6.361848 0.872493 -0.241848 
4.810095071 0.481830247906 -6.362546 0.840383 -0.236691 
4.82003808 0.482825902782 -6.398643 0.849376 -0.244712 
4.829881906 0.483811625851 -6.428065 0.847889 -0.231803 
4.840173006 0.484934268365 -6.471478 0.853625 -0.228258 
4.850071907 0.486000026608 -6.500261 0.85136 -0.213264 
4.859941005 0.486931179915 -6.522899 0.846453 -0.210027 
4.869848013 0.487865910046 -6.559736 0.832077 -0.215589 
4.88014388 0.488837329178 -6.574904 0.862674 -0.212322 
4.890001058 0.48984882486 -6.589611 0.830451 -0.205326 
4.899884939 0.490909626381 -6.626359 0.864003 -0.180825 
4.910181999 0.49191161449 -6.684258 0.852762 -0.18522 
4.920075893 0.492873886943 -6.720104 0.838344 -0.198547 
4.929939985 0.493833260877 -6.778037 0.849999 -0.201985 
4.939828872 0.494820803004 -6.828724 0.843738 -0.184176 
4.950140953 0.495890435023 -6.899847 0.847129 -0.208763 
4.959975004 0.4968683698 -6.907567 0.842451 -0.20204 
4.969862938 0.497851662904 -6.986821 0.867099 -0.187491 
4.980182886 0.498877917095 -7.000393 0.841333 -0.199583 
4.990057945 0.499855167385 -7.058347 0.854674 -0.204613 
4.999938964 0.500822913542 -7.094548 0.865391 -0.178864 
5.009778976 0.501791405631 -7.123321 0.855062 -0.202721 
5.020143985 0.50281801908 -7.180002 0.859914 -0.167588 
5.029985904 0.503792822518 -7.195202 0.86705 -0.173663 
5.039871931 0.504775161295 -7.209493 0.858464 -0.147897 
5.050184011 0.505804479093 -7.260481 0.868954 -0.155128 
5.060057878 0.506791635261 -7.26773 0.846367 -0.148749 
5.069932937 0.507779206546 -7.317825 0.849032 -0.15462 
5.079844951 0.508770473576 -7.353985 0.865401 -0.138482 
5.090134859 0.509796614724 -7.396935 0.855515 -0.150284 
5.099997043 0.510776119763 -7.447714 0.856707 -0.165034 
5.109827995 0.51176356787 -7.46243 0.879744 -0.138262 
5.120187997 0.512805108025 -7.540592 0.85615 -0.153275 
5.130055904 0.513797175535 -7.569415 0.853604 -0.128185 
5.13995409 0.514800348812 -7.591485 0.86528 -0.134566 
5.149865865 0.515817859302 -7.599227 0.861566 -0.122331 
5.160171032 0.516846000544 -7.628332 0.851748 -0.140924 
5.170017004 0.517828328136 -7.642888 0.85033 -0.108125 
5.179892063 0.518813557722 -7.672098 0.85663 -0.105257 
5.190204858 0.519905560783 -7.679711 0.852799 -0.100245 
5.20005989 0.520985640711 -7.716015 0.862066 -0.087953 
5.209917068 0.521943967702 -7.745473 0.861138 -0.094322 
5.219848871 0.522909549827 -7.767184 0.847847 -0.070446 
5.230146885 0.523910735436 -7.796312 0.86008 -0.087286 
5.240022897 0.524870959236 -7.825314 0.851712 -0.092423 
5.249882936 0.525832320606 -7.854655 0.873125 -0.079473 
5.260178089 0.526876989597 -7.890437 0.859273 -0.084414 
5.270056963 0.527879417956 -7.905302 0.867147 -0.071761 
5.279947042 0.528882983308 -7.941464 0.860458 -0.068754 
5.289789915 0.529860764146 -7.949149 0.864244 -0.055548 
5.30011487 0.530865039811 -7.970753 0.866916 -0.052796 
5.31002593 0.53187071144 -7.971812 0.866273 -0.031145 
5.319884061 0.532871012382 -8.014349 0.856245 -0.030204 
5.330168962 0.533914617519 -8.001138 0.855603 -0.047111 
5.340061903 0.534879095112 -8.037664 0.858647 -0.032677 
5.349931955 0.535816873897 -8.102774 0.859392 -0.039526 
5.359796047 0.536790874441 -8.139239 0.861033 -0.033597 
5.370153904 0.537813759628 -8.189795 0.854053 -0.038179 
5.380029916 0.538789060444 -8.240756 0.870919 -0.033546 
5.389873027 0.539787866353 -8.263063 0.865501 -0.035574 
5.400171041 0.540913245643 -8.32086 0.870104 -0.038822 
5.410068988 0.541888452335 -8.357394 0.880084 -0.031802 
5.419947862 0.542861779837 -8.429405 0.884245 -0.028064 
5.429794073 0.543831889179 -8.459162 0.88202 -0.033884 
5.440125942 0.544839778569 -8.495765 0.882769 -0.06069 
5.450022936 0.545797372586 -8.561229 0.891682 -0.048213 
5.45987606 0.546792583336 -8.583896 0.901487 -0.060599 
5.470180034 0.547833332005 -8.670518 0.904624 -0.084095 
5.480052948 0.548830541636 -8.750255 0.919463 -0.109011 
5.489938974 0.549877038816 -8.808208 0.92378 -0.101246 
5.499793052 0.55093784262 -8.895267 0.927301 -0.124869 
5.510144949 0.551975685367 -8.975231 0.950192 -0.137681 
5.520056009 0.552969331433 -9.047985 0.955005 -0.141421 
5.529840946 0.553950332877 -9.127342 0.961959 -0.167182 
5.540154934 0.554928950968 -9.200203 0.965925 -0.16921 
5.550033092 0.555859154047 -9.258678 0.986139 -0.183859 
5.559921026 0.556833054825 -9.317559 0.99884 -0.196732 
5.569747924 0.557800943933 -9.404111 0.993638 -0.221319 
5.580120086 0.558822538196 -9.484623 1.024248 -0.215967 
5.589998006 0.559795452657 -9.55647 1.020513 -0.239822 
5.599839925 0.56076638263 -9.62959 1.032487 -0.264193 
5.61016488 0.561847298569 -9.666889 1.050175 -0.265757 
5.620034933 0.562880590976 -9.775244 1.0561 -0.279277 
5.629884004 0.563911686785 -9.868849 1.071113 -0.284787 
5.639797926 0.564949571823 -9.9273 1.075367 -0.307806 
5.650124073 0.566009135222 -9.986115 1.086782 -0.351457 
5.659998893 0.566009135222 -10.079922 1.108281 -0.365542 
