0.0 0.000271321688369 -0.020953 -0.030056 0.001317 
0.009869099 0.00124432027221 -0.028588 -0.032922 0.011841 
0.020195961 0.00229888632944 -0.050519 -0.0289 -0.009518 
0.030081034 0.00333442637298 -0.022098 -0.010809 -0.019703 
0.039942027 0.00436744384494 -0.043481 -0.022401 -0.000165 
0.050239087 0.00544614280454 -0.015745 -0.020899 0.000184 
0.060100079 0.00647916017174 -0.023259 -0.032665 0.000315 
0.069976092 0.00746557637288 -0.037437 -0.023199 -0.000424 
0.079849959 0.00843870717283 -0.016627 -0.019288 -0.000866 
0.090188981 0.00945768188148 -0.016663 -0.033844 -0.000731 
0.100067139 0.0104312355861 -0.003276 -0.025011 -0.000691 
0.109921933 0.0114024866237 -0.010629 -0.02843 -0.0013 
0.119866133 0.0123779439659 -0.011029 -0.018859 -0.002047 
0.13014412 0.0133839671627 -0.018062 -0.022666 -0.001613 
0.140006066 0.0143492677067 -0.011232 -0.032859 0.008304 
0.149897099 0.0153174153254 -0.004711 -0.02839 -0.001439 
0.160236121 0.0163294127102 -0.012206 -0.032819 -0.012511 
0.170068026 0.0173232942504 0.009116 -0.043962 0.008665 
0.179953099 0.0183423969038 0.015673 -0.030307 -0.001698 
0.189804078 0.0193579846327 0.001414 -0.038371 -0.001992 
0.200145007 0.0204240838089 0.000761 -0.021753 -0.002015 
0.210027934 0.0214429652202 0.000432 -0.029545 0.008941 
0.219879151 0.0224088914596 0.014335 -0.020533 -0.011085 
0.230183125 0.0234006724458 -0.000131 -0.028322 0.008934 
0.240091086 0.024354336278 0.01395 -0.035825 -0.001101 
0.249972105 0.0253054068813 0.02074 -0.031184 -0.000499 
0.259799004 0.0262512683113 -0.000968 -0.035333 -0.01169 
0.270143032 0.0272756576356 0.012951 -0.034218 -0.001235 
0.280025959 0.0282769232816 0.019635 -0.021402 -0.011717 
0.289911032 0.0292784063446 0.02722 -0.032367 -0.000631 
0.300212145 0.0303220395276 -0.008589 -0.021958 -0.002893 
0.310106039 0.0313244162696 0.01968 -0.028173 0.007871 
0.319973946 0.0323153397145 0.005908 -0.037183 -0.001597 
0.329892159 0.0333050077613 0.005325 -0.028904 -0.002711 
0.3402071 0.034334262478 0.020024 -0.035499 -0.012252 
0.350104094 0.0353218132315 0.026941 -0.031697 -0.01177 
0.35995698 0.0363049627608 0.01291 -0.03987 0.008376 
0.370269061 0.0373359777653 0.012575 -0.031585 -0.023148 
0.380161047 0.0383265165683 0.026936 -0.022792 -0.002294 
0.390030146 0.0393147635704 0.034516 -0.04182 -0.001479 
0.399896145 0.0403027001526 -0.001678 -0.031587 -0.01317 
0.410217047 0.0413361886667 0.033984 -0.034102 -0.011894 
0.420124054 0.0423277437414 0.012986 -0.030402 -0.002341 
0.429991961 0.0433150852657 0.019736 -0.026043 0.008357 
0.440282107 0.0443446742594 0.034212 -0.034212 0.008547 
0.450152159 0.0453322304034 0.019594 -0.027053 -0.002106 
0.46002698 0.0463202637137 0.019634 -0.026771 -0.012203 
0.469907046 0.0473177081746 0.020237 -0.027712 -0.022293 
0.48022604 0.0483660346499 0.034207 -0.027158 -0.021139 
0.49012208 0.0493713924137 0.041697 -0.030791 -0.02034 
0.499948025 0.0503696290915 -0.007919 -0.021611 -0.011701 
0.510224104 0.0514135957492 0.013479 -0.017916 -0.000757 
0.520097018 0.0523862584013 0.006553 -0.00576 -0.021447 
0.529983998 0.0533484560277 -0.007087 -0.007546 -0.020762 
0.539852143 0.0543088206381 0.014884 -0.011286 -0.009501 
0.550162077 0.0553121800081 0.014742 -0.012297 -0.019964 
0.560071946 0.0562766051845 0.007789 -0.025286 -0.019825 
0.569939137 0.0572758042606 -0.006078 -0.009996 -0.019832 
0.579853058 0.0583154585081 -0.027045 0.000199 -0.020686 
0.59010005 0.0593900412849 -0.01228 -0.014853 -0.009047 
0.600019932 0.0604303206513 -0.026462 -0.008079 -0.019572 
0.609857083 0.0614619241733 -0.026335 -0.008917 -0.019692 
0.620192051 0.0624888368457 -0.02598 -0.00012 -0.01927 
0.630073071 0.0634536426206 0.010341 -0.011191 -0.007699 
0.639929057 0.0644160040175 -0.010039 -0.023549 -0.017402 
0.649812937 0.0653810890495 -0.038348 -0.017615 -0.018069 
0.660109997 0.0663865179376 -0.008827 -0.017369 -0.027308 
0.670021058 0.0673927785028 -0.001155 -0.01971 -0.026142 
0.679887057 0.0684190939916 -0.015115 -0.021107 -0.0265 
0.690191031 0.0694909700493 -0.014101 -0.020865 -0.015783 
0.700073958 0.0705190464818 -0.049114 -0.010947 -0.026972 
0.709972144 0.0715487102395 -0.04198 -0.023377 -0.026595 
0.719804049 0.0724962591599 -0.027731 -0.01447 -0.027097 
0.730159045 0.0734748089245 -0.034228 -0.020506 -0.038034 
0.74000597 0.0744053458501 -0.041443 -0.025606 -0.037967 
0.749874115 0.075337888071 -0.055383 -0.019665 -0.049527 
0.760131121 0.0763071777557 -0.055074 -0.019211 -0.049281 
0.770035983 0.0772778294763 -0.061215 -0.016449 -0.059796 
0.779956103 0.0782691190655 -0.075347 -0.025351 -0.060209 
0.789762974 0.0792490920019 -0.060779 -0.016833 -0.059668 
0.800122977 0.0802843378576 -0.08204 -0.02221 -0.069936 
0.809978962 0.0812692186173 -0.081604 -0.022594 -0.069809 
0.819869042 0.0822613014423 -0.074115 -0.026227 -0.06901 
0.830209971 0.083302445316 -0.095244 -0.02438 -0.069124 
0.840068102 0.0842949801934 -0.109107 -0.03311 -0.059194 
0.849961996 0.0852911157558 -0.109077 -0.026615 -0.069601 
0.859805108 0.0862821384924 -0.094119 -0.026825 -0.069109 
0.870151043 0.0873176472371 -0.108058 -0.035278 -0.068361 
0.880000115 0.0882978652627 -0.108079 -0.028222 -0.069467 
0.889889956 0.089282140778 -0.107912 -0.028779 -0.079683 
0.900190115 0.0903072527396 -0.143609 -0.035449 -0.080339 
0.910079956 0.0912915282549 -0.129087 -0.035275 -0.079973 
0.919954062 0.0922928296222 -0.114523 -0.017853 -0.069956 
0.929836989 0.093313416873 -0.135435 -0.032238 -0.070175 
0.940165997 0.0943800698876 -0.135435 -0.032238 -0.070175 
0.950001955 0.0953958067573 -0.149968 -0.0262 -0.07085 
0.959902049 0.0964181668048 -0.156753 -0.039745 -0.080928 
0.969802142 0.0973958134403 -0.156048 -0.039957 -0.070457 
0.980087996 0.0983871786757 -0.149111 -0.028817 -0.081179 
0.989959002 0.0993385602709 -0.191963 -0.030395 -0.071008 
0.999838114 0.100290723134 -0.170717 -0.026868 -0.071323 
1.010149002 0.101284501182 -0.177836 -0.0393 -0.060968 
1.019987107 0.102256181128 -0.192354 -0.048379 -0.07081 
1.029883147 0.103259421967 -0.164272 -0.031867 -0.070349 
1.040176154 0.10430290653 -0.18531 -0.045415 -0.070448 
1.050065041 0.105305422211 -0.199848 -0.047438 -0.081396 
1.05993414 0.10638155499 -0.186065 -0.039271 -0.071132 
1.06982112 0.107343766581 -0.206942 -0.044471 -0.071972 
1.080147982 0.108307677543 -0.207657 -0.038046 -0.082752 
1.089991093 0.10928818438 -0.215039 -0.042589 -0.072468 
1.099884987 0.110273749889 -0.207692 -0.047232 -0.082132 
1.110216141 0.111302872402 -0.228731 -0.06078 -0.082232 
1.120090008 0.112337680574 -0.214948 -0.052613 -0.071968 
1.129940033 0.113376366415 -0.222433 -0.057885 -0.082243 
1.139817 0.114352128187 -0.24342 -0.055027 -0.071895 
1.150160075 0.115373937533 -0.257764 -0.056601 -0.081681 
1.160040141 0.116350005461 -0.236062 -0.060514 -0.080763 
1.169867039 0.117397845456 -0.271308 -0.06572 -0.070708 
1.179747105 0.118436617791 -0.250098 -0.061633 -0.090302 
1.190094948 0.119439986298 -0.25711 -0.082242 -0.068863 
1.199970007 0.120397511765 -0.264406 -0.078159 -0.0685 
1.209835053 0.121354066331 -0.250386 -0.093282 -0.057235 
1.220165968 0.122354911854 -0.292558 -0.086332 -0.067871 
1.230041981 0.12331789833 -0.271246 -0.081517 -0.066904 
1.239908934 0.124293671198 -0.292578 -0.09367 -0.056668 
1.249760151 0.125267887886 -0.299708 -0.090144 -0.066521 
1.260100127 0.126290439431 -0.29234 -0.101843 -0.075079 
1.269998074 0.127397794455 -0.306279 -0.110296 -0.074331 
1.279842139 0.12844916879 -0.306705 -0.110755 -0.073662 
1.290171147 0.129431792722 -0.292552 -0.108908 -0.072142 
1.300024033 0.130369121997 -0.307454 -0.101198 -0.071663 
1.309932948 0.131311781449 -0.307312 -0.117154 -0.080949 
1.319803954 0.132331516881 -0.328735 -0.113912 -0.070727 
1.330127001 0.133423814023 -0.322265 -0.108882 -0.071168 
1.339988947 0.134377362614 -0.343424 -0.113529 -0.060876 
1.349862099 0.13533199471 -0.350696 -0.111014 -0.081193 
1.360176087 0.136329251107 -0.322386 -0.116948 -0.080525 
1.3700521 0.137314273134 -0.379533 -0.121383 -0.082338 
1.379925967 0.138325858057 -0.358804 -0.108289 -0.082485 
1.389801026 0.139318081584 -0.372884 -0.100786 -0.072451 
1.400135041 0.140356419969 -0.387153 -0.102637 -0.073055 
1.410000086 0.141347637312 -0.387549 -0.101971 -0.083279 
1.419896126 0.14232871848 -0.444705 -0.088596 -0.066139 
1.430199147 0.143336615831 -0.395362 -0.083674 -0.075159 
1.440073967 0.144306993895 -0.459491 -0.107592 -0.066426 
1.449963093 0.14528153488 -0.44581 -0.083188 -0.056973 
1.459810973 0.146252011206 -0.424381 -0.078369 -0.056922 
1.470147133 0.147272033417 -0.459917 -0.076691 -0.058317 
1.479995966 0.148245508884 -0.424397 -0.080217 -0.067504 
1.48991108 0.149239294059 -0.474353 -0.077985 -0.048705 
1.500206948 0.15027124195 -0.460758 -0.079173 -0.04908 
1.510097027 0.151262517884 -0.467791 -0.08298 -0.048646 
1.519984007 0.152252704325 -0.481924 -0.091882 -0.04906 
1.529845953 0.153239738077 -0.474961 -0.079736 -0.048402 
1.540156126 0.154273416502 -0.460348 -0.094957 -0.048022 
1.550035 0.155263853706 -0.52479 -0.078343 -0.029723 
1.559921027 0.156255008056 -0.475189 -0.072406 -0.029195 
1.569746972 0.157264732168 -0.489052 -0.081136 -0.019265 
1.580085993 0.158340714579 -0.468156 -0.068598 -0.029629 
1.58997202 0.159322253536 -0.510486 -0.094017 -0.029589 
1.599833012 0.16030130688 -0.524714 -0.07862 -0.020541 
1.610147 0.161325336151 -0.489488 -0.080751 -0.019393 
1.620038033 0.162392380836 -0.488915 -0.088187 -0.019075 
1.629920006 0.163441645273 -0.496363 -0.067306 -0.010222 
1.640210152 0.164445639068 -0.488611 -0.078828 -0.009352 
1.650089026 0.165409505683 -0.524409 -0.069261 -0.010818 
1.660006047 0.166377094242 -0.46698 -0.075124 -0.000239 
1.669835091 0.16733198568 -0.516673 -0.097748 -0.001117 
1.680171013 0.168344594998 -0.489007 -0.073514 -0.011986 
1.690089941 0.169348663445 -0.502774 -0.089577 0.008231 
1.699944973 0.170346263858 -0.553191 -0.072851 -0.003888 
1.709778071 0.171341643947 -0.495695 -0.077426 0.007973 
1.720119 0.172358819933 -0.530921 -0.075295 0.006824 
1.730014086 0.173324936551 -0.524177 -0.078997 0.00725 
1.739871025 0.174324996028 -0.487628 -0.080433 0.019362 
1.750174046 0.175370313828 -0.523452 -0.086265 0.018826 
1.760043145 0.176371607027 -0.47375 -0.086821 0.000266 
1.769915104 0.177343643994 -0.48064 -0.089617 0.011163 
1.779796124 0.17830854362 -0.508929 -0.090739 0.011602 
1.790159941 0.179326029768 -0.458775 -0.099575 0.023651 
1.80002904 0.180294946097 -0.508954 -0.106138 0.012533 
1.809893132 0.181263370855 -0.466366 -0.111065 0.0146 
1.82019496 0.182322991443 -0.480593 -0.110061 0.035957 
1.830070019 0.183380523376 -0.451913 -0.116945 0.028366 
1.839931965 0.184353267698 -0.416058 -0.119011 0.030804 
1.849812985 0.185327893405 -0.465952 -0.118183 0.041098 
1.860145092 0.186347012595 -0.401352 -0.126568 0.044331 
1.869995118 0.187303557787 -0.408177 -0.145044 0.03676 
1.879891158 0.188267497691 -0.416 -0.125182 0.036981 
1.89019394 0.189307639152 -0.379744 -0.125223 0.05943 
1.900068045 0.190304502525 -0.443736 -0.141077 0.048941 
1.909951926 0.191302352856 -0.380155 -0.140799 0.050932 
1.919829131 0.192346335512 -0.386827 -0.144714 0.042312 
1.93016696 0.193440734441 -0.387354 -0.128935 0.04217 
1.940040112 0.194441593148 -0.394646 -0.148872 0.052469 
1.949900151 0.195441122567 -0.409775 -0.133831 0.072156 
1.960206986 0.196485944479 -0.359972 -0.150624 0.054406 
1.970113039 0.197391116691 -0.394782 -0.156214 0.064588 
1.979992152 0.198309362227 -0.395475 -0.139879 0.074662 
1.989840031 0.199283150173 -0.345383 -0.149162 0.056053 
2.000173092 0.200304914377 -0.394756 -0.155209 0.075966 
2.010056019 0.201282167974 -0.366786 -0.152976 0.067381 
2.019917965 0.202257346907 -0.380993 -0.144635 0.077535 
2.029823065 0.203247227405 -0.388781 -0.142298 0.077285 
2.040107966 0.204324253104 -0.360735 -0.140343 0.077881 
2.049988032 0.205358884841 -0.382123 -0.144881 0.067733 
2.059859038 0.206392567823 -0.339402 -0.142584 0.079954 
2.070187092 0.207474112466 -0.346597 -0.154739 0.081127 
2.080070019 0.208476255324 -0.339361 -0.151325 0.082652 
2.089947939 0.209447153249 -0.325335 -0.148641 0.084291 
2.09977007 0.210412567688 -0.375239 -0.14697 0.09379 
2.110115052 0.211429373003 -0.339786 -0.156432 0.075731 
2.119990111 0.212399989721 -0.339627 -0.148203 0.097263 
2.129864932 0.213370848861 -0.339784 -0.148489 0.108275 
2.140191079 0.21438694809 -0.325327 -0.154251 0.099769 
2.150067091 0.215358753759 -0.3539 -0.140427 0.099031 
2.159943104 0.216330559526 -0.325306 -0.155937 0.101361 
2.169783116 0.217298822772 -0.304242 -0.158349 0.09309 
2.180140973 0.218328193857 -0.361048 -0.153262 0.113176 
2.190020085 0.219345563916 -0.318945 -0.142128 0.105004 
2.199891091 0.220362099203 -0.354353 -0.155682 0.115798 
2.210190058 0.221422706742 -0.319224 -0.15048 0.10666 
2.220062018 0.222439340274 -0.340545 -0.163476 0.117692 
2.229938031 0.223426382327 -0.326839 -0.155033 0.118775 
2.239815951 0.224380868551 -0.298518 -0.144843 0.139987 
2.250157118 0.225380117527 -0.356136 -0.148335 0.118769 
2.260035038 0.226334603751 -0.306074 -0.158742 0.111053 
2.26989007 0.227286878348 -0.319744 -0.167023 0.122145 
2.280189038 0.228282368939 -0.32776 -0.147611 0.121204 
2.290071011 0.229280486342 -0.313572 -0.16329 0.122253 
2.299981118 0.230281445387 -0.349148 -0.161894 0.130954 
2.309832096 0.231276432176 -0.320788 -0.168389 0.12232 
2.320168972 0.232320496537 -0.335239 -0.144821 0.1212 
2.330048085 0.233315952098 -0.328322 -0.141018 0.121682 
2.339906931 0.234296322142 -0.320919 -0.153277 0.132402 
2.350233078 0.235323160899 -0.307258 -0.153177 0.13331 
2.360109091 0.23630523804 -0.306508 -0.162012 0.124207 
2.369992018 0.237288002714 -0.335157 -0.163026 0.1337 
2.37984109 0.238269302348 -0.328651 -0.14344 0.133124 
2.390172959 0.239309121986 -0.321643 -0.155032 0.133621 
2.400068045 0.240304982923 -0.315087 -0.151122 0.143156 
2.409956932 0.24130021998 -0.279882 -0.163164 0.12345 
2.419800044 0.242290850151 -0.315229 -0.152133 0.132693 
2.430148125 0.243332301396 -0.280515 -0.122243 0.131973 
2.440042019 0.244323362754 -0.294389 -0.147096 0.121358 
2.449900151 0.245308554649 -0.265937 -0.14665 0.132974 
2.460229159 0.246340804467 -0.287564 -0.143014 0.141237 
2.470106125 0.247327878574 -0.294526 -0.140045 0.121167 
2.479951144 0.248315633528 -0.265836 -0.131528 0.141225 
2.48980093 0.249316806232 -0.279958 -0.146643 0.141121 
2.500159979 0.250369742518 -0.294039 -0.124746 0.138846 
2.510035992 0.251373581041 -0.279786 -0.124744 0.128868 
2.519896031 0.252375795901 -0.273007 -0.11926 0.128673 
2.530210972 0.253411027791 -0.280228 -0.132421 0.118468 
2.540081025 0.254373354225 -0.301306 -0.129284 0.148215 
2.54996109 0.255336656825 -0.28002 -0.125475 0.137803 
2.559831143 0.256298983258 -0.258814 -0.112484 0.127686 
2.570172072 0.257307219924 -0.294466 -0.125927 0.146619 
2.580050946 0.258280428866 -0.25922 -0.12072 0.136564 
2.589905978 0.259312411499 -0.279959 -0.110635 0.156151 
2.600214005 0.260391830099 -0.244713 -0.105429 0.146096 
2.610085965 0.26142558537 -0.258805 -0.114049 0.135585 
2.61996913 0.262460513987 -0.251853 -0.10106 0.135447 
2.629848957 0.263472591239 -0.251594 -0.094675 0.14548 
2.640177012 0.264478078964 -0.265457 -0.103405 0.15541 
2.650058031 0.265440045502 -0.280172 -0.104028 0.153882 
2.659929991 0.266401130101 -0.265341 -0.1034 0.154494 
2.670212984 0.267402230815 -0.272065 -0.09236 0.142866 
2.680120945 0.268382582686 -0.257705 -0.100534 0.143971 
2.690005064 0.269411721819 -0.264094 -0.097779 0.163866 
2.699859143 0.270437733173 -0.271193 -0.102874 0.163019 
2.710186959 0.271513070247 -0.249339 -0.097596 0.162401 
2.720067978 0.272541886606 -0.284489 -0.080626 0.151021 
2.729928017 0.273526087713 -0.277669 -0.084606 0.160627 
2.740215063 0.274499131285 -0.284064 -0.089913 0.17025 
2.75008297 0.275432528831 -0.27702 -0.086949 0.170612 
2.759953022 0.27636612927 -0.290595 -0.088169 0.179683 
2.76986599 0.277303789099 -0.276341 -0.088167 0.169704 
2.780183077 0.278293364338 -0.269216 -0.067673 0.169622 
2.790069104 0.279283027127 -0.304615 -0.073046 0.168417 
2.79993105 0.280270279234 -0.283704 -0.085372 0.168785 
2.809780121 0.28125624246 -0.283314 -0.0941 0.168737 
2.820114136 0.282290752088 -0.275966 -0.081777 0.178822 
2.830018044 0.283282121344 -0.283719 -0.070255 0.177952 
2.839867115 0.284267677172 -0.283456 -0.078144 0.178023 
2.85020113 0.285301759343 -0.290342 -0.075452 0.167134 
2.860063076 0.28628860352 -0.269182 -0.070804 0.156842 
2.869940997 0.287277046249 -0.290196 -0.068953 0.155812 
2.879801989 0.288262969341 -0.269532 -0.07154 0.166692 
2.890154124 0.289294451494 -0.297142 -0.07388 0.166223 
2.899990082 0.290274501999 -0.290712 -0.069132 0.175878 
2.909914017 0.291263318494 -0.255472 -0.071987 0.155551 
2.920199156 0.292288125196 -0.262692 -0.068182 0.165096 
2.930065155 0.293272804631 -0.241609 -0.073003 0.16552 
2.939960003 0.294297893808 -0.291149 -0.054354 0.163442 
2.949829102 0.295320315433 -0.277418 -0.062593 0.163258 
2.96017313 0.296391938882 -0.263165 -0.062591 0.15328 
2.970041991 0.297414335851 -0.292123 -0.06406 0.162526 
2.979897976 0.298417309329 -0.277834 -0.064616 0.171826 
2.990221024 0.299413865694 -0.249078 -0.071778 0.173417 
3.000105143 0.300368049159 -0.284498 -0.070096 0.171106 
3.009968996 0.301320276205 -0.241883 -0.059622 0.172243 
3.019838095 0.302273009683 -0.256112 -0.061192 0.161541 
3.03018713 0.303274839275 -0.263252 -0.066568 0.17079 
3.040051938 0.304269570344 -0.248897 -0.065837 0.181372 
3.049910069 0.305263628129 -0.256178 -0.062479 0.16026 
3.060233117 0.30630456644 -0.262573 -0.067786 0.169882 
3.070112944 0.307322678499 -0.262578 -0.058882 0.179359 
3.080022097 0.308388162103 -0.277075 -0.060623 0.158314 
3.089869976 0.309280308368 -0.276766 -0.060169 0.158561 
3.10018611 0.310295051013 -0.255338 -0.055349 0.158612 
3.110060931 0.311280442634 -0.247605 -0.059816 0.158376 
3.119915963 0.312263859545 -0.247336 -0.059644 0.16872 
3.129770995 0.313248446166 -0.275965 -0.053321 0.16701 
3.14011693 0.314375764288 -0.261307 -0.060198 0.167566 
3.150006056 0.315361432737 -0.283065 -0.058415 0.166162 
3.159857989 0.316343394086 -0.261367 -0.053424 0.176557 
3.170171023 0.317371314271 -0.254294 -0.049335 0.166026 
3.180061102 0.31837372487 -0.275642 -0.063336 0.16568 
3.189929963 0.319446053923 -0.261084 -0.053975 0.165425 
3.199777127 0.320403173738 -0.275622 -0.055998 0.154476 
3.210150958 0.321411484274 -0.239737 -0.049719 0.185669 
3.220015049 0.322370249351 -0.267955 -0.05918 0.185017 
3.22990799 0.323330266763 -0.268057 -0.059909 0.164457 
3.240175009 0.324314938996 -0.261267 -0.055268 0.165058 
3.250066042 0.325296828787 -0.239225 -0.052232 0.155816 
3.259937048 0.326280646555 -0.238946 -0.052903 0.166955 
3.269813061 0.327264963357 -0.288552 -0.066901 0.156155 
3.280152083 0.328357192002 -0.295544 -0.04809 0.166727 
3.290024043 0.329483229922 -0.26627 -0.038106 0.168 
3.299894095 0.3304181573 -0.287562 -0.044607 0.168625 
3.310169936 0.331391522494 -0.272725 -0.052883 0.159761 
3.320068121 0.332329114732 -0.322143 -0.052158 0.160085 
3.329941988 0.333302161127 -0.300664 -0.047899 0.150835 
3.339818001 0.334357631274 -0.306895 -0.044136 0.152615 
3.350151062 0.335387320871 -0.335087 -0.047221 0.163827 
3.360028029 0.336344049071 -0.334017 -0.056445 0.155767 
3.369892121 0.337299530139 -0.35513 -0.037634 0.146822 
3.380188942 0.338301960387 -0.369155 -0.039597 0.138079 
3.390069008 0.339330959235 -0.353891 -0.039472 0.16109 
3.399992943 0.340333141948 -0.388868 -0.046356 0.142326 
3.409847022 0.341321959906 -0.395352 -0.035547 0.14483 
3.420181036 0.342358937449 -0.415934 -0.041419 0.126551 
3.43006897 0.343347880197 -0.429644 -0.034866 0.128327 
3.439914942 0.344306796976 -0.450388 -0.049087 0.110788 
3.450255156 0.345317187499 -0.478087 -0.03531 0.1032 
3.46012497 0.346291322578 -0.498516 -0.041015 0.09618 
3.470006943 0.347266657732 -0.49061 -0.037254 0.088897 
3.479854107 0.348238997778 -0.504309 -0.031544 0.091469 
3.490164996 0.349259176772 -0.503598 -0.039939 0.085359 
3.500052929 0.350246716704 -0.567087 -0.039774 0.056866 
3.509904147 0.351235606117 -0.615851 -0.054944 0.05011 
3.520221949 0.352271332375 -0.621898 -0.060764 0.025888 
3.530092955 0.353263946271 -0.628381 -0.049232 0.021289 
3.539974928 0.354268489038 -0.656171 -0.05142 0.006246 
3.549853087 0.355258197885 -0.726211 -0.056849 -0.001611 
3.560193062 0.356288430496 -0.718147 -0.061826 -0.007112 
3.570065022 0.357272032016 -0.760095 -0.056956 -0.014198 
3.579916954 0.358256073381 -0.787573 -0.068316 -0.031367 
3.589826107 0.359298480315 -0.786177 -0.069868 -0.028112 
3.600106001 0.360329649296 -0.813082 -0.057304 -0.037523 
3.610012055 0.361318842776 -0.790066 -0.054308 -0.025951 
3.619861126 0.362302346078 -0.795289 -0.043972 -0.036036 
3.630219937 0.363360426665 -0.7803 -0.037687 -0.045951 
3.640053034 0.364466847001 -0.750207 -0.039507 -0.054386 
3.649919987 0.365430775407 -0.806273 -0.044263 -0.083362 
3.659789086 0.366394913462 -0.783261 -0.048607 -0.089166 
3.670120955 0.367404260726 -0.824997 -0.051065 -0.08688 
3.679975987 0.368361678635 -0.85982 -0.042667 -0.113798 
3.689855099 0.369304068629 -0.866157 -0.039752 -0.110307 
3.700163126 0.370341819572 -0.900529 -0.039635 -0.106616 
3.710052014 0.371347595429 -0.914041 -0.041537 -0.113154 
3.719948054 0.372354098701 -0.948962 -0.040921 -0.130947 
3.729786158 0.373344616002 -0.948575 -0.034653 -0.128137 
3.740105153 0.374335190384 -0.976098 -0.037391 -0.125732 
3.749984026 0.37533083062 -0.962041 -0.022841 -0.134014 
3.759850026 0.376335113124 -0.976177 -0.033713 -0.151318 
3.770118952 0.37738041038 -1.011924 -0.033731 -0.14929 
3.780008078 0.378363711623 -1.026095 -0.027077 -0.166124 
3.789901019 0.379306714079 -1.025131 -0.037149 -0.172472 
3.799778939 0.380274922869 -1.074208 -0.028753 -0.189412 
3.810109139 0.381295375882 -1.087887 -0.030099 -0.185734 
3.819982052 0.382270656497 -1.136928 -0.022262 -0.183395 
3.829854012 0.383245842972 -1.136739 -0.023782 -0.199123 
3.839728117 0.384343242046 -1.17893 -0.018078 -0.205174 
3.850014925 0.385360430337 -1.18584 -0.024694 -0.22175 
3.859939099 0.386331499867 -1.18565 -0.009248 -0.217729 
3.869784117 0.38729482407 -1.213492 -0.027841 -0.24322 
3.880084992 0.388301895406 -1.241657 -0.014805 -0.240042 
3.889966965 0.389265271291 -1.262632 -0.012068 -0.236001 
3.899901152 0.390260148926 -1.291092 -0.014603 -0.242236 
3.909745932 0.391251049568 -1.318853 -0.025412 -0.248272 
3.920011998 0.392284353652 -1.354274 -0.008012 -0.254828 
3.929938078 0.393297193131 -1.368211 -0.010372 -0.260698 
3.939800978 0.394402484209 -1.388522 0.001616 -0.255988 
3.950091124 0.395441716017 -1.395329 0.010844 -0.271417 
3.959970951 0.396439508514 -1.430249 -0.002933 -0.2769 
3.969900132 0.397442285416 -1.457924 -0.005117 -0.292858 
3.979743958 0.39839199113 -1.47974 0.004883 -0.299478 
3.990051032 0.399332658156 -1.521845 0.009467 -0.295552 
3.999976159 0.400306299318 -1.542942 0.004137 -0.300868 
4.009835959 0.401274847283 -1.549973 0.006422 -0.307052 
4.020148993 0.402287917334 -1.550031 0.014639 -0.312268 
4.030029059 0.40325845607 -1.578222 0.012277 -0.30816 
4.039912939 0.404229369461 -1.656334 0.004366 -0.305621 
4.04974413 0.405248983496 -1.636292 0.025612 -0.312274 
4.060114146 0.406339854154 -1.657386 0.010656 -0.319963 
4.069978953 0.407377579505 -1.707659 0.019369 -0.308824 
4.079923153 0.408423656579 -1.70136 0.022985 -0.31594 
4.090180159 0.409492667504 -1.736478 0.017663 -0.313109 
4.100049973 0.41046309218 -1.744528 0.02861 -0.320533 
4.109974146 0.411438861568 -1.744258 0.034874 -0.316808 
4.119799138 0.412404879234 -1.801189 0.024555 -0.323455 
4.130129099 0.413420546708 -1.772828 0.024152 -0.338707 
4.140011073 0.414392166985 -1.808629 0.034322 -0.325006 
4.149888039 0.415363714599 -1.837535 0.033014 -0.332164 
4.159745932 0.416333489891 -1.838618 0.032088 -0.328995 
4.17007804 0.417349916328 -1.860035 0.027147 -0.335354 
4.179969073 0.418322951784 -1.867644 0.045772 -0.332379 
4.189816952 0.419291741944 -1.924515 0.033327 -0.340428 
4.200123072 0.420339507875 -1.93259 0.045842 -0.327173 
4.210026026 0.421357418185 -1.933684 0.045758 -0.3248 
4.219892025 0.422371529944 -1.990225 0.043678 -0.311748 
4.229748965 0.423384710541 -1.977297 0.043587 -0.317522 
4.240075112 0.424431110058 -2.04078 0.03742 -0.323433 
4.249982119 0.425388568605 -2.05564 0.051504 -0.339669 
4.259849072 0.426342156149 -2.041272 0.04309 -0.3226 
4.270146132 0.427337311205 -2.097909 0.048343 -0.319835 
4.280106068 0.428299885052 -2.104844 0.043295 -0.315731 
4.289978028 0.429253956496 -2.147334 0.042332 -0.321718 
4.29983902 0.430231487143 -2.19715 0.05872 -0.328759 
4.310186148 0.43127550337 -2.175263 0.047798 -0.321783 
4.319999934 0.432265705852 -2.210634 0.049522 -0.318227 
4.329860926 0.43326067138 -2.203876 0.063386 -0.311464 
4.340163947 0.434300237249 -2.288269 0.074915 -0.317258 
4.350039959 0.435290049502 -2.295158 0.05222 -0.319933 
4.35995102 0.436280952929 -2.309069 0.060611 -0.334323 
4.369838953 0.437269544028 -2.358662 0.054434 -0.318886 
4.38011694 0.43829713255 -2.380159 0.064045 -0.324464 
4.390020132 0.439287249238 -2.415743 0.067727 -0.330766 
4.399877072 0.440279871703 -2.431059 0.065113 -0.316027 
4.410182 0.441319722025 -2.445513 0.072318 -0.321728 
4.420131922 0.442323749379 -2.523797 0.056903 -0.319246 
4.430006028 0.443320126288 -2.496215 0.073955 -0.3344 
4.439868927 0.44431537232 -2.538821 0.072987 -0.339472 
4.450232983 0.445356913543 -2.589135 0.065174 -0.345089 
4.460052967 0.446330619775 -2.567886 0.087111 -0.339863 
4.469926119 0.447309597911 -2.667314 0.0573 -0.335768 
4.479782105 0.448286873942 -2.661268 0.077709 -0.362057 
4.490106106 0.449310556274 -2.704153 0.067667 -0.35837 
4.500016928 0.450318564776 -2.747317 0.080631 -0.345587 
4.50988102 0.45132547082 -2.761381 0.079109 -0.351337 
4.520151139 0.452373823257 -2.796848 0.073773 -0.34576 
4.530060053 0.453385304637 -2.789361 0.085858 -0.349205 
4.539937973 0.454393622214 -2.832312 0.07525 -0.353904 
4.549807072 0.455359000504 -2.903364 0.087268 -0.359833 
4.560177088 0.45636556637 -2.874662 0.064304 -0.353523 
4.570049048 0.457323788418 -2.945649 0.076888 -0.351067 
4.579911948 0.458281131057 -2.952166 0.096199 -0.335297 
4.590311051 0.459290520253 -2.965414 0.081759 -0.349354 
4.60006404 0.460295868828 -3.057711 0.10284 -0.314835 
4.60999012 0.461337083054 -3.042167 0.095795 -0.327436 
4.619825125 0.462368743802 -3.061667 0.082429 -0.320921 
4.63015008 0.463451798747 -3.139918 0.106311 -0.335613 
4.6400311 0.464488286323 -3.146392 0.084918 -0.339753 
4.649913073 0.465452321796 -3.217094 0.104892 -0.315885 
4.659815073 0.466415641615 -3.166345 0.087657 -0.30903 
4.67010212 0.467416420876 -3.272913 0.093574 -0.308145 
4.679985047 0.468377885171 -3.24494 0.118865 -0.3036 
4.689820052 0.469334687355 -3.251216 0.090867 -0.276892 
4.700225115 0.470402979173 -3.343904 0.122479 -0.294767 
4.710085154 0.471430515297 -3.336494 0.093015 -0.287831 
4.719939948 0.472457504828 -3.357367 0.111595 -0.282643 
4.729890109 0.473494432761 -3.421143 0.112193 -0.277732 
4.740066052 0.474552032452 -3.456528 0.10742 -0.292349 
4.749927998 0.47548151591 -3.520577 0.12212 -0.287819 
4.759793997 0.476411381361 -3.520185 0.105091 -0.282176 
4.770141125 0.477386592978 -3.520098 0.104693 -0.279303 
4.779983044 0.478314188901 -3.549449 0.126948 -0.267149 
4.789895058 0.479248391242 -3.557064 0.122396 -0.255034 
4.799822092 0.480232391397 -3.628405 0.143148 -0.233251 
4.81014514 0.481268602951 -3.564652 0.107975 -0.257907 
4.81999898 0.482257716133 -3.650526 0.129396 -0.237285 
4.829885006 0.483250060097 -3.658332 0.130487 -0.23295 
4.840260029 0.484291488821 -3.686944 0.113391 -0.238135 
4.850095034 0.485280117147 -3.736832 0.123002 -0.224672 
4.859969139 0.486272998115 -3.730288 0.126507 -0.239926 
4.869804144 0.487261947421 -3.765668 0.12005 -0.224371 
4.880154133 0.488302680439 -3.787744 0.129035 -0.240539 
4.890004158 0.489293140066 -3.85939 0.135059 -0.228965 
4.899883032 0.490278027117 -3.85272 0.137726 -0.244339 
4.909762144 0.491257867881 -3.89633 0.151918 -0.232479 
4.92010808 0.492284009688 -3.924902 0.125358 -0.227863 
4.929959059 0.493261060135 -3.904404 0.153558 -0.245592 
4.939819098 0.494239009181 -3.940054 0.131814 -0.220967 
4.950176001 0.495266238729 -4.018936 0.154909 -0.229845 
4.960047961 0.496278165377 -3.990599 0.156073 -0.224417 
4.969881058 0.497313184899 -4.069243 0.140764 -0.21288 
4.97989297 0.498367026264 -4.041524 0.156135 -0.227358 
4.990136147 0.499445210294 -4.105448 0.149512 -0.204022 
4.999974013 0.500399040104 -4.141762 0.142655 -0.212274 
5.009874106 0.501354750749 -4.12846 0.158699 -0.228829 
5.020184994 0.502350117704 -4.193054 0.134763 -0.216434 
5.030060053 0.503303411679 -4.172079 0.155687 -0.192176 
5.039943934 0.50425755729 -4.200954 0.146481 -0.197432 
5.049809933 0.505241086381 -4.278852 0.146357 -0.204934 
5.060155154 0.506282622453 -4.243755 0.151037 -0.188012 
5.070013047 0.507275095321 -4.293507 0.136631 -0.194107 
5.079918147 0.508272320896 -4.336771 0.15144 -0.169826 
5.090224028 0.509409131036 -4.351064 0.150027 -0.196017 
5.100086928 0.510321016904 -4.400749 0.158523 -0.173492 
5.110074044 0.511267344354 -4.373243 0.160737 -0.178415 
5.119857073 0.512249176182 -4.429967 0.157364 -0.165729 
5.130173922 0.513284582569 -4.381073 0.164116 -0.160504 
5.140033961 0.514274143177 -4.445281 0.155472 -0.158093 
5.149915934 0.515350661416 -4.488943 0.153259 -0.156682 
5.15978098 0.516347550524 -4.483004 0.156983 -0.154743 
5.170127154 0.517369640027 -4.49745 0.147508 -0.133132 
5.179996968 0.518344670341 -4.484705 0.172115 -0.132319 
5.189852953 0.5193183345 -4.477804 0.159675 -0.130111 
5.200176001 0.520474966499 -4.577988 0.161997 -0.119746 
5.210000039 0.521440824828 -4.550113 0.162539 -0.125824 
5.219885111 0.522396090601 -4.607784 0.160212 -0.122573 
5.229779005 0.523352208908 -4.601043 0.171506 -0.119289 
5.240169049 0.524356273766 -4.643888 0.161746 -0.125698 
5.25000906 0.525303621724 -4.644972 0.160819 -0.12253 
5.259884119 0.52627657848 -4.646263 0.186157 -0.092093 
5.270342112 0.527323801883 -4.667636 0.156756 -0.091509 
5.280118943 0.528302816329 -4.626051 0.182105 -0.091923 
5.28995514 0.529305033129 -4.662493 0.177216 -0.05379 
5.299906016 0.530436057779 -4.677588 0.184477 -0.054473 
5.310070992 0.531441668736 -4.663918 0.168619 -0.033358 
5.319895983 0.532368660531 -4.700474 0.179563 -0.020826 
5.329770089 0.533300286345 -4.707932 0.166273 -0.006928 
5.340148926 0.534293910263 -4.72234 0.181822 -0.012454 
5.350080014 0.535359778342 -4.751376 0.181234 0.002779 
5.359933138 0.536370165193 -4.773558 0.200246 0.01469 
5.369782925 0.537328147833 -4.781468 0.180122 0.017392 
5.380141974 0.538335660901 -4.796674 0.178474 0.008148 
5.390017987 0.539296194261 -4.804288 0.190888 0.040012 
5.399871111 0.540313126166 -4.826335 0.18516 0.039468 
5.410192013 0.541361087013 -4.819864 0.181167 0.051821 
5.420109034 0.542347272637 -4.806709 0.18999 0.053692 
5.429903031 0.543321224295 -4.828273 0.183198 0.066246 
5.439841032 0.544309496249 -4.86409 0.186149 0.068879 
5.450181961 0.54532584732 -4.893706 0.199328 0.061212 
5.460065127 0.546293803754 -4.886864 0.189015 0.064822 
5.469928027 0.547269881169 -4.916256 0.210989 0.087073 
5.480245114 0.548291748132 -4.916377 0.193899 0.09051 
5.490041972 0.549262088455 -4.938357 0.189459 0.091248 
5.500007153 0.550255979238 -4.989026 0.198838 0.092163 
5.509849072 0.551238896765 -4.996646 0.201339 0.074593 
5.520113945 0.552265452031 -5.018772 0.212736 0.106888 
5.530056954 0.553259818766 -5.004397 0.20456 0.079414 
5.539911986 0.554245387219 -5.019176 0.211314 0.102045 
5.550215006 0.555269566592 -5.084047 0.22013 0.103637 
5.560133934 0.556259660184 -5.120221 0.197317 0.086098 
5.570008994 0.557252446819 -5.114093 0.210395 0.098676 
5.579851151 0.558241925559 -5.121485 0.212787 0.101546 
5.590166092 0.559278935518 -5.171961 0.222615 0.103623 
5.600039959 0.560291292635 -5.194447 0.232268 0.10581 
5.609929085 0.561291266224 -5.202002 0.203976 0.089186 
5.619822979 0.562278374969 -5.201979 0.219978 0.103423 
5.630103112 0.563304018582 -5.245641 0.217765 0.104835 
5.640013934 0.564292816225 -5.239524 0.231686 0.116616 
5.649866105 0.565413270374 -5.268618 0.221024 0.098819 
5.660197974 0.566454234509 -5.290187 0.223136 0.120849 
5.670107127 0.567417614573 -5.291235 0.231396 0.123398 
5.680001021 0.568379511138 -5.30565 0.238162 0.114703 
5.689823151 0.569334430719 -5.370882 0.247085 0.125349 
5.700171948 0.570340695332 -5.407435 0.232157 0.108655 
5.710057021 0.571325055284 -5.401034 0.236502 0.1221 
5.719890118 0.572322838563 -5.444183 0.23435 0.125716 
5.730181933 0.573367168841 -5.452344 0.236388 0.109731 
5.740052939 0.574368798819 -5.481676 0.234622 0.103241 
5.749925137 0.575329103468 -5.531453 0.236176 0.105517 
5.759796143 0.576307757912 -5.525538 0.256582 0.108722 
5.770105124 0.577353806438 -5.554054 0.246547 0.101516 
5.779951096 0.578352873611 -5.569497 0.253794 0.103579 
5.789813996 0.57935024387 -5.597948 0.244324 0.104758 
5.80023098 0.580339988058 -5.64247 0.274118 0.107047 
5.810120106 0.581297679164 -5.635857 0.254169 0.110115 
5.820012093 0.582274557583 -5.664617 0.261211 0.130796 
5.829858065 0.583246891813 -5.686997 0.271712 0.131272 
5.84020114 0.584268317211 -5.694548 0.25076 0.132024 
5.850055933 0.58533063605 -5.710016 0.273967 0.142458 
5.859950066 0.586352752312 -5.717613 0.244671 0.143033 
5.870236159 0.587366201537 -5.754109 0.263234 0.134265 
5.880140067 0.588341995543 -5.768544 0.262662 0.136774 
5.890013934 0.589314829725 -5.805705 0.271973 0.127336 
5.899871111 0.590265611197 -5.834972 0.270772 0.129233 
5.910182953 0.591286417014 -5.842902 0.257705 0.130829 
5.920053006 0.592283337671 -5.850993 0.277394 0.120706 
5.929957152 0.593283701877 -5.887563 0.271492 0.119796 
5.940267086 0.594325052534 -5.910101 0.29073 0.118489 
5.950170994 0.595427571918 -5.939829 0.288908 0.10888 
5.960039139 0.596431892965 -5.954503 0.279542 0.11005 
5.969882012 0.597418702856 -5.998221 0.284944 0.091077 
5.980181933 0.598451334683 -6.042212 0.290055 0.084032 
5.990055085 0.599427032696 -6.085705 0.288007 0.068123 
5.999938965 0.600342655287 -6.144045 0.300448 0.060769 
6.009789944 0.601296332731 -6.187154 0.298577 0.054288 
6.020148039 0.602316541481 -6.202515 0.31248 0.02954 
6.030027152 0.603289573445 -6.267489 0.289208 0.003132 
6.039885044 0.604260515271 -6.353783 0.316381 -0.004467 
6.050169945 0.605273514862 -6.411858 0.321655 -0.018854 
6.060043097 0.606277787284 -6.476993 0.322116 -0.044186 
6.070002079 0.607320389638 -6.5276 0.330813 -0.058879 
6.079813004 0.608347491955 -6.614137 0.341853 -0.085193 
6.090166092 0.609431353128 -6.650978 0.351497 -0.100691 
6.100018979 0.610462848433 -6.730123 0.351123 -0.11708 
6.109879017 0.611445162592 -6.773201 0.355746 -0.133967 
6.119794131 0.612419587475 -6.859668 0.358448 -0.161372 
6.130074025 0.61342986174 -6.932313 0.369598 -0.188609 
6.139946938 0.614400139247 -7.003954 0.381832 -0.205925 
6.149801016 0.615368565712 -7.062156 0.402338 -0.232501 
6.160130024 0.616384810957 -7.134511 0.406604 -0.248289 
6.170009137 0.617358068133 -7.199256 0.398337 -0.273669 
6.17986393 0.618328929383 -7.278498 0.405295 -0.300345 
6.190176964 0.619344935005 -7.380019 0.432506 -0.31878 
6.200052977 0.620317886779 -7.416459 0.43258 -0.333531 
6.209946156 0.621314801255 -7.474181 0.428963 -0.360141 
6.219802142 0.62233253426 -7.574856 0.440006 -0.377392 
6.230129004 0.623398890107 -7.626066 0.464037 -0.394305 
6.240011931 0.62441940505 -7.733805 0.462205 -0.432773 
6.249868155 0.625437162632 -7.813304 0.485115 -0.449248 
6.260177136 0.626433112323 -7.885412 0.479642 -0.475547 
6.270056963 0.627384846535 -7.950693 0.487997 -0.501865 
6.279953957 0.628338234461 -8.008679 0.49227 -0.528546 
6.289803982 0.629287097814 -8.088138 0.515461 -0.555118 
6.300135136 0.630282308834 -8.189111 0.525207 -0.571819 
6.310054064 0.631254090558 -8.282536 0.523825 -0.589608 
6.31990099 0.632249766446 -8.391171 0.544814 -0.626578 
6.330286026 0.633299853543 -8.491304 0.530331 -0.652367 
6.340120078 0.634294227671 -8.542711 0.563539 -0.66807 
6.349964142 0.635289614166 -8.622292 0.561697 -0.723747 
6.359843016 0.636281665534 -8.744821 0.581856 -0.752689 
6.370166064 0.637310047761 -8.838899 0.59709 -0.770501 
6.380034924 0.638293183771 -8.925635 0.59962 -0.808249 
6.389910937 0.639277032363 -9.019374 0.621803 -0.836221 
6.40023613 0.640305628275 -9.163671 0.628342 -0.894215 
6.410174132 0.641301252015 -9.243835 0.651745 -0.931257 
6.420026064 0.642293464217 -9.358895 0.660933 -0.948197 
6.42986393 0.643284259798 -9.524352 0.677217 -1.008208 
6.440165997 0.644321806199 -9.63323 0.69904 -1.044142 
6.450037957 0.64531603547 -9.756439 0.70345 -1.091925 
6.459923983 0.646311681362 -9.871925 0.736318 -1.140403 
6.469805956 0.646311681362 -10.044673 0.750353 -1.17747 
