0.0 0.000291323599817 -0.041977 -0.040496 -0.061638 
0.009896993 0.00124393173703 -0.056494 -0.049575 -0.07148 
0.01978302 0.00219548437175 -0.070707 -0.049295 -0.071598 
0.029664993 0.00314664679973 -0.063628 -0.037144 -0.071857 
0.039968013 0.00416138110627 -0.077451 -0.045592 -0.072024 
0.049862146 0.00516378206199 -0.064059 -0.045664 -0.08146 
0.059723138 0.00616282541476 -0.063441 -0.044757 -0.080967 
0.070019006 0.00720592721288 -0.077715 -0.037703 -0.072095 
0.079897165 0.00820670980013 -0.06375 -0.04521 -0.081214 
0.089786052 0.00920150399063 -0.028255 -0.04717 -0.069721 
0.099653005 0.010186057166 -0.056564 -0.041236 -0.070389 
0.109987974 0.0112173103346 -0.064039 -0.05272 -0.080354 
0.119807005 0.0121970817139 -0.063907 -0.045497 -0.070201 
0.129739046 0.0131881295586 -0.078256 -0.038166 -0.070511 
0.14005804 0.0142194239675 -0.063866 -0.045215 -0.080298 
0.149887085 0.015203660143 -0.056868 -0.033628 -0.060363 
0.159808159 0.016197111687 -0.063207 -0.038655 -0.089416 
0.169664144 0.0171840455124 -0.062938 -0.038483 -0.079072 
0.179934978 0.0182125204431 -0.062801 -0.040164 -0.078396 
0.189829111 0.0192028857848 -0.047792 -0.040936 -0.087204 
0.199717998 0.0201923264803 -0.061842 -0.026938 -0.087577 
0.210023164 0.0212234183123 -0.075482 -0.028724 -0.086892 
0.219911098 0.0222127636546 -0.089431 -0.030964 -0.086454 
0.229814052 0.0232036118352 -0.088772 -0.024404 -0.095572 
0.239668131 0.0241966253296 -0.088269 -0.033246 -0.074265 
0.249938964 0.0252400590362 -0.102629 -0.019702 -0.074884 
0.259840965 0.0262460223894 -0.080566 -0.023722 -0.08302 
0.269714117 0.0272490549172 -0.109008 -0.025011 -0.09384 
0.279999017 0.0282939177174 -0.066074 -0.024672 -0.071762 
0.289927005 0.0292769729864 -0.066337 -0.016783 -0.071833 
0.299787998 0.0302366415666 -0.116664 -0.015452 -0.083937 
0.309659958 0.0311973774516 -0.081838 -0.008013 -0.083536 
0.319993019 0.0322029875335 -0.102618 -0.00543 -0.093501 
0.329838991 0.0331611942749 -0.117054 -0.006724 -0.083889 
0.339715957 0.0341524667685 -0.081225 -0.009796 -0.09283 
0.350000143 0.0352309500101 -0.102674 -0.00756 -0.093987 
0.359925985 0.0362718543904 -0.074273 -0.013774 -0.112717 
0.369747161 0.0373017826442 -0.115878 1.5e-05 -0.113073 
0.37965703 0.0383410119661 -0.086995 -0.007985 -0.111603 
0.389994144 0.0393764654679 -0.100767 -0.016994 -0.121071 
0.399868011 0.0403405728072 -0.100939 -0.002163 -0.100892 
0.40973711 0.041304214588 -0.114974 -0.003283 -0.110431 
0.419657945 0.0422729079921 -0.121135 -0.007858 -0.109743 
0.429926157 0.0432755200944 -0.114224 -0.012118 -0.119534 
0.439792156 0.0442698367966 -0.099113 -0.01216 -0.107782 
0.449654102 0.0452957306701 -0.120309 -0.001855 -0.129077 
0.460016012 0.0463736335492 -0.1197 0.005266 -0.128894 
0.469928026 0.0474047357715 -0.119593 -0.00291 -0.117811 
0.479767084 0.0484282487093 -0.126596 -0.000223 -0.127784 
0.489669084 0.0493934518597 -0.133233 -0.004696 -0.117126 
0.499921083 0.0503622683816 -0.14023 0.006053 -0.116826 
0.509799003 0.0512957343425 -0.132244 -0.014484 -0.104992 
0.519669056 0.05222845687 -0.152983 -0.011619 -0.125054 
0.529996156 0.0532043704555 -0.167206 -0.005126 -0.125483 
0.539927959 0.0541718103387 -0.158941 -0.002195 -0.134717 
0.549742937 0.0551525933846 -0.172505 -0.004258 -0.12485 
0.559657096 0.056143287308 -0.165285 -0.008063 -0.134395 
0.569919109 0.0571687412996 -0.171932 0.003422 -0.143946 
0.579798936 0.0581560045231 -0.164143 0.006456 -0.14321 
0.589681148 0.0591464401634 -0.149525 -0.000703 -0.132557 
0.599977016 0.0601830472122 -0.191647 -0.00406 -0.132595 
0.609889984 0.0611811031802 -0.184426 -0.007865 -0.142139 
0.619709968 0.062169797347 -0.190764 0.004074 -0.151444 
0.629616975 0.0631672531505 -0.204713 0.001834 -0.151005 
0.639863968 0.0641942361122 -0.210996 -0.010808 -0.159674 
0.649795055 0.0651826165902 -0.203288 0.001407 -0.158643 
0.65966916 0.0661653259974 -0.223698 -0.012075 -0.157454 
0.67001605 0.0671950888102 -0.244289 -0.000138 -0.156779 
0.679865121 0.0681753067362 -0.244065 0.006806 -0.166024 
0.689756155 0.0691739842866 -0.221475 0.003973 -0.154269 
0.699615955 0.070192183265 -0.256549 -0.010694 -0.163908 
0.709954977 0.0712598704025 -0.234263 -0.005919 -0.142127 
0.71983695 0.0722803591359 -0.261909 -0.0077 -0.161874 
0.729671955 0.0732959975914 -0.275842 -0.008091 -0.150854 
0.739952087 0.0743184196404 -0.274777 -0.00841 -0.149437 
0.749799966 0.0752675722224 -0.26707 -0.013161 -0.168155 
0.759744167 0.0762260084557 -0.259524 -0.009293 -0.166384 
0.770056963 0.0772199703994 -0.294293 -0.014602 -0.1663 
0.779935121 0.0781720413145 -0.29407 -0.007658 -0.175545 
0.789831161 0.0791437644728 -0.314271 -0.004449 -0.174919 
0.799631118 0.080137264608 -0.335563 -0.01095 -0.174294 
0.809962988 0.0811846890244 -0.320888 -0.010608 -0.162669 
0.819833994 0.0821853919658 -0.31356 -0.022589 -0.16113 
0.829715967 0.0832497405837 -0.306431 -0.011 -0.170689 
0.840050935 0.0842782057875 -0.341362 -0.024656 -0.169865 
0.849930048 0.0851910426745 -0.341306 -0.017156 -0.168893 
0.859836101 0.0861778193844 -0.347892 -0.02219 -0.167536 
0.869677066 0.0871581124503 -0.361659 -0.023138 -0.166732 
0.880048036 0.0881912011745 -0.347166 -0.014343 -0.175372 
0.889907121 0.0892123691599 -0.361146 -0.023078 -0.164527 
0.899738073 0.0902622719494 -0.368412 -0.012501 -0.174571 
0.909657001 0.0912421791177 -0.367875 -0.029122 -0.173633 
0.919917106 0.0922557917215 -0.367985 -0.021065 -0.162445 
0.929811954 0.0932333199871 -0.361114 -0.025606 -0.162139 
0.939669132 0.0942673370845 -0.375201 -0.026165 -0.162377 
0.950011015 0.0953698066687 -0.367848 -0.022747 -0.161769 
0.95989108 0.0963278175378 -0.375023 -0.027564 -0.171798 
0.969676971 0.0972766969167 -0.396279 -0.024879 -0.171793 
0.9800601 0.098283486896 -0.389093 -0.020904 -0.160968 
0.98993802 0.0992405931488 -0.403428 -0.038436 -0.150545 
0.999835968 0.100203285958 -0.397089 -0.018293 -0.140904 
1.009676933 0.101176488794 -0.404305 -0.023393 -0.140837 
1.020015955 0.102198945995 -0.418568 -0.017182 -0.131169 
1.029891967 0.103175614735 -0.404964 -0.024582 -0.131233 
1.039749145 0.104256776978 -0.433486 -0.026435 -0.121859 
1.049653053 0.105340525049 -0.413944 -0.030834 -0.112881 
1.059922933 0.106317523988 -0.387886 -0.036975 -0.084756 
1.069812059 0.107258300864 -0.39861 -0.025445 -0.04006 
1.079648971 0.108194110493 -0.359591 -0.014188 -0.024021 
1.089993 0.109246777302 -0.347692 -0.010746 -0.047486 
1.099828958 0.110302856853 -0.327937 -0.002982 -0.068934 
1.109733104 0.11126048575 -0.329164 -0.006636 -0.089994 
1.120044946 0.11225753465 -0.372508 -0.005584 -0.100821 
1.129923105 0.113212650871 -0.344452 -9.7e-05 -0.119814 
1.139809131 0.114190974008 -0.358539 -0.037385 -0.127978 
1.149644136 0.115201791068 -0.358558 -0.034977 -0.136673 
1.159981012 0.11624041692 -0.343868 -0.040007 -0.154114 
1.169836998 0.117230724035 -0.400467 -0.040565 -0.154827 
1.179715156 0.118223258942 -0.335532 -0.033097 -0.152279 
1.190012931 0.119246923223 -0.384823 -0.03858 -0.15256 
1.199882984 0.120212465297 -0.36276 -0.025633 -0.140947 
1.209738016 0.121179977907 -0.355337 -0.044947 -0.12912 
1.219642162 0.122155999064 -0.390283 -0.043486 -0.119129 
1.229974985 0.123174264935 -0.354362 -0.029872 -0.127719 
1.239817142 0.124145254742 -0.389334 -0.04381 -0.116797 
1.249639034 0.125115849773 -0.381845 -0.047443 -0.115998 
1.259978056 0.126150494486 -0.360223 -0.042174 -0.114785 
1.269854068 0.127140360494 -0.403101 -0.044758 -0.115993 
1.279736042 0.128130824069 -0.388882 -0.036976 -0.105602 
1.289618015 0.129120746191 -0.424575 -0.052551 -0.115734 
1.29994893 0.130154522396 -0.410671 -0.036319 -0.096113 
1.309846162 0.131146800138 -0.382371 -0.03604 -0.095756 
1.319674968 0.132132217619 -0.410899 -0.045954 -0.096655 
1.329972982 0.133164677006 -0.396863 -0.039465 -0.08663 
1.339844942 0.134173811104 -0.439432 -0.041594 -0.087591 
1.34973216 0.135210970992 -0.440227 -0.035733 -0.078178 
1.359660148 0.136196676067 -0.382726 -0.049213 -0.075794 
1.369970083 0.137220302933 -0.454035 -0.053928 -0.087026 
1.379827022 0.138198953874 -0.44765 -0.042408 -0.096959 
1.38965106 0.139238104192 -0.461468 -0.042795 -0.086854 
1.399956941 0.140352272067 -0.440338 -0.039272 -0.086253 
1.409832 0.141315766459 -0.453928 -0.046989 -0.095355 
1.419708013 0.14227935393 -0.489624 -0.036693 -0.076262 
1.429577112 0.143242266814 -0.461421 -0.029081 -0.086192 
1.43991208 0.14424708649 -0.453978 -0.041058 -0.085569 
1.44978714 0.145209272738 -0.496683 -0.036136 -0.086721 
1.459656 0.146208272926 -0.446981 -0.046437 -0.085382 
1.469954013 0.147250715206 -0.525424 -0.053838 -0.077579 
1.47983098 0.148250536045 -0.468424 -0.036139 -0.076267 
1.489710092 0.149227357262 -0.468277 -0.044033 -0.07528 
1.499591112 0.150185339884 -0.517629 -0.042742 -0.06657 
1.509912967 0.151232568533 -0.474478 -0.048891 -0.064495 
1.519794941 0.152235167996 -0.509699 -0.038698 -0.055371 
1.529638052 0.15323382452 -0.481353 -0.030076 -0.054839 
1.539953947 0.1542545162 -0.480822 -0.054759 -0.064173 
1.54982996 0.155218308952 -0.523131 -0.050504 -0.055101 
1.559709072 0.156188208325 -0.480659 -0.041041 -0.064427 
1.569576025 0.157156913967 -0.50942 -0.06608 -0.044082 
1.579887151 0.158169227082 -0.501926 -0.047258 -0.04532 
1.589843988 0.159179536555 -0.49509 -0.05124 -0.064292 
1.599673986 0.160247465882 -0.523754 -0.037137 -0.045632 
1.610008001 0.161266773269 -0.522903 -0.03085 -0.046484 
1.619863033 0.16223883562 -0.523977 -0.038711 -0.035902 
1.629750967 0.163214143298 -0.538206 -0.04028 -0.046603 
1.639625072 0.164176451951 -0.510028 -0.031102 -0.035854 
1.649958133 0.165178053021 -0.560268 -0.03089 -0.037981 
1.659815073 0.166173183461 -0.524921 -0.041922 -0.047224 
1.669682979 0.167169420998 -0.553975 -0.036057 -0.048265 
1.679996967 0.168210693788 -0.526416 -0.027787 -0.03801 
1.689875126 0.169246523529 -0.532922 -0.047373 -0.037434 
1.69975996 0.170302874942 -0.569334 -0.030652 -0.029121 
1.709635973 0.171304023673 -0.533722 -0.017491 -0.037957 
1.71995902 0.172350489024 -0.56227 -0.034744 -0.027653 
1.729828119 0.173350936871 -0.534355 -0.017675 -0.016975 
1.739704132 0.174269239011 -0.55548 -0.030103 -0.027052 
1.749981165 0.175214046221 -0.590883 -0.021202 -0.018294 
1.759853124 0.17619021527 -0.527328 -0.02193 -0.027681 
1.769753933 0.177169237094 -0.563009 -0.026751 -0.017754 
1.780009031 0.178183292081 -0.577131 -0.036496 -0.017372 
1.789968013 0.179168066226 -0.562963 -0.018408 -0.017578 
1.799822092 0.180147334483 -0.591319 -0.020817 -0.018421 
1.809707164 0.181182490444 -0.569936 -0.024341 -0.018546 
1.820037126 0.182264234891 -0.605552 -0.013482 -0.019646 
1.829904079 0.183297493446 -0.591333 -0.0057 -0.009255 
1.839781046 0.184331800659 -0.570468 0.000342 -0.009211 
1.849646091 0.185340923363 -0.620303 -0.023292 -0.020553 
1.859992027 0.186357822446 -0.564054 -0.013725 -0.029888 
1.869859933 0.187327736098 -0.628325 -0.011942 -0.031767 
1.879698991 0.188294814287 -0.600172 -0.003769 -0.032397 
1.890025138 0.189309768315 -0.621647 -0.016932 -0.032623 
1.899894952 0.190280032964 -0.643466 0.00137 -0.044935 
1.909754991 0.191250266879 -0.593429 0.006922 -0.04428 
1.919628143 0.192221791122 -0.635921 0.004515 -0.03606 
1.92992711 0.193235215823 -0.614964 0.000533 -0.035516 
1.93982315 0.194208992259 -0.62183 -0.003831 -0.045299 
1.949672937 0.195181859 -0.650195 0.016939 -0.026702 
1.959999084 0.196245265588 -0.571595 0.000488 -0.013311 
1.969880104 0.197262832136 -0.627403 -0.018369 -0.013326 
1.979758024 0.198280079441 -0.620197 -0.007056 -0.013704 
1.989623069 0.199296000853 -0.6125 0.006002 -0.013469 
1.999937057 0.200334207277 -0.633862 0.007118 -0.004648 
2.009768962 0.201284247152 -0.584114 0.005161 -0.003134 
2.019634008 0.202237489384 -0.62651 -0.004579 0.015373 
2.029942989 0.203233628282 -0.640921 0.009526 0.024055 
2.039832115 0.204189197323 -0.626704 0.009365 0.001902 
2.04969716 0.205142439458 -0.641723 0.016349 0.0104 
2.059934139 0.206170411125 -0.612629 -0.0062 -0.018405 
2.06985116 0.207172068511 -0.677294 0.003471 0.009139 
2.079734087 0.208170282272 -0.656591 0.015558 -0.002387 
2.089609146 0.209167701334 -0.650167 0.012245 -0.003004 
2.09991312 0.210207770119 -0.656992 0.015384 0.016765 
2.109838009 0.211194707521 -0.621407 0.012423 0.015963 
2.119718074 0.212177187596 -0.664386 0.010962 0.033357 
2.13004899 0.213204500586 -0.650584 0.026466 0.032418 
2.13994193 0.214188260959 -0.63662 0.018236 0.030402 
2.149811983 0.215170467204 -0.651286 0.016329 0.026678 
2.15965414 0.216161001262 -0.6088 0.026919 0.035038 
2.170017957 0.21720403621 -0.644579 0.028708 0.041781 
2.179883003 0.218196873862 -0.609121 0.026586 0.041099 
2.189768076 0.219191727071 -0.608432 0.019155 0.040501 
2.199687004 0.220189987513 -0.609202 0.035046 0.048498 
2.209967136 0.221220645232 -0.58096 0.027824 0.047883 
2.219860077 0.222209315833 -0.624 0.033137 0.074268 
2.229829073 0.223205587141 -0.553134 0.034823 0.08269 
2.240055084 0.22422754375 -0.545027 0.021631 0.110985 
2.249912977 0.225214893342 -0.517576 0.02039 0.097511 
2.259787082 0.226218537929 -0.482519 0.032486 0.103671 
2.269613027 0.227217287335 -0.495781 0.031839 0.090716 
2.27996397 0.228269399694 -0.43781 0.019218 0.060063 
2.289842128 0.229273456243 -0.4495 0.004881 0.039972 
2.299544096 0.230253096344 -0.447807 0.006429 -0.009765 
2.310014963 0.231274001915 -0.403333 -0.004394 0.002788 
2.319843053 0.232232236972 -0.41712 -0.003656 0.002001 
2.329708099 0.233194075225 -0.35998 -0.007283 -0.006459 
2.339539051 0.234152589327 -0.40953 -0.019151 -0.016774 
2.349956035 0.235170701771 -0.367382 -0.014788 -0.005356 
2.359848022 0.236206554195 -0.388324 -0.008957 0.004682 
2.36971116 0.237239385659 -0.402801 -0.023124 -0.015743 
2.380041122 0.238321101211 -0.375308 -0.011766 -0.027153 
2.389852047 0.239348465122 -0.389973 -0.001354 -0.018718 
2.399736166 0.240368837004 -0.398395 0.004452 -0.011267 
2.41001606 0.241369636015 -0.398949 -0.00126 -0.00386 
2.419875145 0.242329467169 -0.435955 0.009466 0.021956 
2.429744005 0.243290249968 -0.437969 0.01011 0.018207 
2.439677 0.244257276629 -0.418452 0.016301 0.03507 
2.450021028 0.245272958719 -0.448968 0.008036 0.041801 
2.459888935 0.246300409851 -0.435653 0.002149 0.029801 
2.469758987 0.247328084321 -0.486527 0.020945 0.015963 
2.479666948 0.248359705894 -0.495062 0.04198 -0.017354 
2.489979982 0.249433503859 -0.524695 0.041849 -0.029471 
2.499802112 0.250424040615 -0.539846 0.041609 -0.031126 
2.509624004 0.251353085637 -0.540177 0.025875 -0.052714 
2.519937038 0.252328587394 -0.576767 0.036774 -0.074628 
2.529817104 0.25326313505 -0.592197 0.052321 -0.106835 
2.539742946 0.254202012621 -0.578117 0.044818 -0.11687 
2.549620151 0.255141615191 -0.613885 0.05551 -0.129229 
2.559875965 0.256168296332 -0.635704 0.042452 -0.14898 
2.569752931 0.25715705205 -0.642834 0.045978 -0.158834 
2.579681158 0.258150939364 -0.656849 0.052195 -0.179576 
2.589938163 0.259177739733 -0.671062 0.052475 -0.179695 
2.599895 0.260174452072 -0.699756 0.058232 -0.18979 
2.609719038 0.261157502952 -0.713488 0.049505 -0.209355 
2.620016098 0.262187887188 -0.734566 0.067757 -0.199021 
2.62996006 0.263182938367 -0.755787 0.062663 -0.219386 
2.639817953 0.264169376977 -0.755513 0.063676 -0.238417 
2.649662017 0.265154072073 -0.805256 0.056728 -0.249408 
2.660038948 0.266188024888 -0.819687 0.056275 -0.269171 
2.66989994 0.26717056977 -0.833991 0.071949 -0.269305 
2.679774999 0.268154516282 -0.841125 0.067413 -0.289431 
2.689687967 0.26914224003 -0.883075 0.066192 -0.289899 
2.699978113 0.270167545626 -0.875905 0.078063 -0.309555 
2.709834098 0.271186127328 -0.903997 0.077509 -0.330225 
2.71967411 0.27220553559 -0.939324 0.078912 -0.351934 
2.730009079 0.273276220542 -0.946763 0.081984 -0.362034 
2.739896059 0.274300494608 -0.967365 0.077798 -0.381905 
2.749746084 0.275310652132 -0.974145 0.072314 -0.381711 
2.759611129 0.276262994249 -0.973628 0.072493 -0.401777 
2.769972086 0.277263210237 -1.001891 0.086771 -0.402269 
2.779848098 0.278216611076 -1.008995 0.105696 -0.413053 
2.789680957 0.279165846053 -1.037639 0.095776 -0.413036 
2.800018072 0.280163760405 -1.051163 0.093995 -0.413267 
2.809824943 0.281150590025 -1.050849 0.085545 -0.422497 
2.819677114 0.282144046825 -1.079234 0.091756 -0.432345 
2.829638958 0.283148562649 -1.121113 0.087565 -0.433419 
2.839962005 0.284196231775 -1.085141 0.085503 -0.431896 
2.849833011 0.285284702847 -1.106058 0.095137 -0.442051 
2.859606981 0.286170153494 -1.11946 0.084456 -0.452674 
2.87000513 0.287181899061 -1.126777 0.095594 -0.453418 
2.879878044 0.288167100387 -1.148363 0.104882 -0.454765 
2.889744997 0.289151706874 -1.127289 0.100904 -0.455137 
2.89964199 0.290139311001 -1.169918 0.105548 -0.447107 
2.909960985 0.291258020737 -1.17037 0.104084 -0.457817 
2.91982913 0.292248816792 -1.184902 0.110122 -0.458493 
2.929677963 0.293230469159 -1.184872 0.116617 -0.4689 
2.93992114 0.29425142656 -1.205291 0.126314 -0.448271 
2.949882984 0.295249042438 -1.197777 0.121114 -0.468151 
2.959756136 0.296336534977 -1.211067 0.110318 -0.457418 
2.969615936 0.29729488298 -1.23176 0.111781 -0.457405 
2.979964971 0.298300783406 -1.231237 0.142358 -0.446965 
2.989838123 0.29926042919 -1.223823 0.129257 -0.435448 
2.999674081 0.300216440417 -1.237391 0.151214 -0.435518 
3.009930133 0.301200060845 -1.243527 0.120932 -0.423302 
3.01979804 0.30217514064 -1.256893 0.110414 -0.42175 
3.029755115 0.303167536683 -1.256132 0.117703 -0.410308 
3.039634943 0.304152233716 -1.24129 0.117488 -0.4089 
3.049956083 0.305225447282 -1.269274 0.131095 -0.398252 
3.059745073 0.30634791473 -1.28908 0.116671 -0.407151 
3.069664001 0.307306095998 -1.281534 0.120539 -0.40538 
3.07999897 0.308285062012 -1.294819 0.12755 -0.404273 
3.089832067 0.309216488877 -1.30781 0.133167 -0.413502 
3.099678039 0.310172109656 -1.307054 0.132394 -0.412332 
3.110022068 0.311277597652 -1.29172 0.12418 -0.390413 
3.120022058 0.312282518827 -1.305193 0.121838 -0.399944 
3.129838943 0.313233427209 -1.318518 0.128567 -0.38874 
3.139647007 0.314183481149 -1.318513 0.119663 -0.398217 
3.150014162 0.315187691201 -1.338943 0.113236 -0.398133 
3.159892082 0.316213284837 -1.330885 0.116442 -0.387054 
3.169754028 0.317213544 -1.344713 0.132014 -0.397157 
3.179670095 0.31820858221 -1.372895 0.13711 -0.397944 
3.189967155 0.319241851564 -1.365325 0.124295 -0.39744 
3.199844122 0.320232966243 -1.378367 0.130473 -0.397368 
3.209656953 0.32118886244 -1.384999 0.117095 -0.396186 
3.220036983 0.322201600493 -1.420012 0.127013 -0.407376 
3.229911089 0.323176159186 -1.412487 0.137937 -0.406711 
3.239779949 0.324150200106 -1.42597 0.136437 -0.417039 
3.250117063 0.325170729447 -1.432846 0.138287 -0.427132 
3.259994983 0.326148069663 -1.439585 0.133085 -0.437034 
3.269781112 0.327123772594 -1.446071 0.143172 -0.427426 
3.279710054 0.328120464132 -1.460253 0.149947 -0.437952 
3.289988041 0.329152193663 -1.480896 0.135733 -0.427827 
3.299911022 0.330148581813 -1.48047 0.141562 -0.42801 
3.30975604 0.331149367954 -1.486768 0.144037 -0.427512 
3.319666147 0.332144624927 -1.514976 0.133733 -0.427369 
3.329935073 0.333167778508 -1.493744 0.137985 -0.406208 
3.339862108 0.334156867474 -1.472833 0.125659 -0.40584 
3.349679947 0.335135076601 -1.485942 0.130549 -0.40705 
3.360008001 0.336217369074 -1.479025 0.134352 -0.406568 
3.369832992 0.337207229132 -1.520938 0.147686 -0.407171 
3.379749059 0.338197422485 -1.51315 0.15072 -0.406435 
3.389604091 0.339181521037 -1.491473 0.131408 -0.404586 
3.39994812 0.340220223947 -1.533133 0.143066 -0.405428 
3.409820079 0.341350305654 -1.546824 0.141842 -0.395442 
3.419651985 0.342311498395 -1.518479 0.150464 -0.39491 
3.429986953 0.343321148408 -1.539492 0.152316 -0.39594 
3.439877987 0.34428742935 -1.495657 0.136044 -0.404249 
3.449749946 0.345249213072 -1.544695 0.128885 -0.404769 
3.459639072 0.346192558323 -1.565475 0.131468 -0.414734 
3.469958067 0.34722404218 -1.58628 0.150011 -0.416328 
3.479833126 0.348228411522 -1.586158 0.156226 -0.446133 
3.489691019 0.34923103495 -1.585297 0.156301 -0.446675 
3.499971151 0.350270896747 -1.613357 0.169463 -0.438104 
3.509876966 0.351221807816 -1.605621 0.156091 -0.447817 
3.519762039 0.352211232137 -1.619534 0.163038 -0.447999 
3.529646158 0.353217359016 -1.619361 0.170543 -0.447943 
3.539916992 0.354262850491 -1.625133 0.157239 -0.447303 
3.549833059 0.355256193736 -1.660302 0.166871 -0.44748 
3.559693098 0.35619605995 -1.65225 0.162016 -0.446673 
3.570006132 0.357203231061 -1.66589 0.16023 -0.445989 
3.579867124 0.358177334079 -1.671985 0.171335 -0.456328 
3.589763164 0.35915489926 -1.657001 0.172131 -0.444457 
3.599627971 0.360129379136 -1.67089 0.17751 -0.465318 
3.609976053 0.361264620132 -1.677213 0.164587 -0.46389 
3.619833946 0.362249477608 -1.726049 0.166057 -0.475247 
3.629685163 0.363213408376 -1.704376 0.161019 -0.463436 
3.63998413 0.364221150989 -1.710714 0.172958 -0.47274 
3.649901151 0.365191072658 -1.731889 0.166462 -0.473031 
3.659754037 0.366151612903 -1.731037 0.158356 -0.461573 
3.669604063 0.367134330519 -1.745007 0.172917 -0.48214 
3.679958105 0.368176489598 -1.765431 0.174552 -0.471784 
3.689834118 0.369170533916 -1.750366 0.175911 -0.480106 
3.69968605 0.370162154424 -1.764163 0.197978 -0.500617 
3.709985971 0.371324927005 -1.806078 0.179231 -0.501556 
3.719889164 0.372325079303 -1.819824 0.185621 -0.511954 
3.729746103 0.373320560275 -1.776648 0.194871 -0.51081 
3.739650964 0.374320881029 -1.81847 0.192811 -0.511397 
3.749938964 0.375322818878 -1.818156 0.174615 -0.500729 
3.759818077 0.376224428379 -1.810596 0.194725 -0.500684 
3.76968503 0.37718409192 -1.881189 0.183584 -0.501136 
3.780018091 0.378199129264 -1.845496 0.204529 -0.490518 
3.789881944 0.379168075364 -1.830873 0.188466 -0.489341 
3.799773931 0.380139785123 -1.851673 0.198105 -0.500412 
3.809611082 0.381106108231 -1.837151 0.198279 -0.500047 
3.819967985 0.382172287623 -1.900691 0.198283 -0.512135 
3.829852104 0.383212044494 -1.893075 0.193812 -0.511455 
3.839700937 0.384248089466 -1.892422 0.19231 -0.530846 
3.850028991 0.385334545943 -1.92026 0.190079 -0.551755 
3.859897136 0.386371144546 -1.919945 0.198595 -0.541236 
3.869776964 0.387342553824 -1.947915 0.211478 -0.552064 
3.879642009 0.3883125096 -1.926654 0.199888 -0.561545 
3.889948129 0.389325832967 -1.975571 0.200794 -0.552708 
3.899835109 0.390297945447 -1.954467 0.213057 -0.583385 
3.909685135 0.391266424518 -1.989866 0.207683 -0.58459 
3.92002201 0.392283148102 -2.018155 0.220955 -0.59646 
3.92988801 0.393253720925 -2.039624 0.215853 -0.586414 
3.939751148 0.394224012197 -2.010631 0.199797 -0.596132 
3.949640989 0.39519693039 -2.052995 0.228633 -0.587695 
3.959951162 0.396211198959 -2.017186 0.218223 -0.585432 
3.969846964 0.39721317581 -2.03823 0.21358 -0.576055 
3.979699134 0.398225866106 -2.009712 0.229708 -0.575467 
3.990020036 0.399286736686 -2.044132 0.215389 -0.565334 
3.999866008 0.400298789898 -2.023225 0.227083 -0.574902 
4.009741068 0.401306730028 -2.036424 0.21786 -0.544404 
4.019598961 0.402259441972 -2.022251 0.227043 -0.554087 
4.029936075 0.40325846803 -2.008327 0.219254 -0.553109 
4.039785146 0.404210327376 -2.049703 0.215967 -0.552774 
4.049687147 0.40516730212 -2.014208 0.229123 -0.560694 
4.060011148 0.406165060877 -2.034613 0.206735 -0.568981 
4.069870948 0.407138557832 -2.084136 0.232603 -0.559991 
4.079807043 0.408141101186 -2.033415 0.223385 -0.57731 
4.089635133 0.40913274693 -2.083153 0.224499 -0.578028 
4.099988937 0.41017743676 -2.10341 0.225578 -0.577889 
4.109847068 0.411172113615 -2.081941 0.230679 -0.587934 
4.119745016 0.412165286721 -2.117223 0.216287 -0.57726 
4.130052089 0.413195783249 -2.095038 0.220333 -0.576039 
4.139889955 0.414179368672 -2.115824 0.214854 -0.596276 
4.149801969 0.415170367378 -2.144192 0.228284 -0.595056 
4.159687042 0.416158672536 -2.115092 0.230763 -0.59384 
4.17000103 0.417196220735 -2.171837 0.24347 -0.595054 
4.179852008 0.418190263842 -2.121409 0.225901 -0.582139 
4.189643144 0.419178268409 -2.142746 0.237768 -0.581839 
4.200044155 0.420227814281 -2.099711 0.221869 -0.55895 
4.209903955 0.421222747599 -2.098874 0.238626 -0.558225 
4.219789028 0.422218403606 -2.126833 0.204191 -0.556283 
4.229640007 0.423195183165 -2.091429 0.217626 -0.544806 
4.239987135 0.424221158668 -2.112046 0.214164 -0.543201 
4.249840974 0.425198221812 -2.090885 0.209788 -0.540699 
4.259696006 0.426175403249 -2.083153 0.215066 -0.560833 
4.270040989 0.427223746735 -2.124067 0.212401 -0.548992 
4.27990508 0.428230652677 -2.102745 0.216373 -0.54723 
4.289809942 0.429241720437 -2.14471 0.223048 -0.578179 
4.299699068 0.430251181899 -2.158319 0.213363 -0.575592 
4.309966087 0.431299217895 -2.186507 0.220142 -0.60655 
4.319828033 0.432268537938 -2.213447 0.208404 -0.595928 
4.329715967 0.433228310503 -2.192414 0.21389 -0.606101 
4.340039014 0.434230317322 -2.213046 0.225545 -0.59533 
4.349920034 0.435189418779 -2.206479 0.228612 -0.584998 
4.359766006 0.436145118301 -2.220231 0.22694 -0.605669 
4.369615078 0.437148813766 -2.262068 0.225604 -0.584781 
4.379974126 0.438235444959 -2.247987 0.233216 -0.614228 
4.389824152 0.439268681362 -2.268705 0.236246 -0.593536 
4.399706125 0.440305268904 -2.246799 0.23194 -0.59066 
4.410010099 0.441386123009 -2.267999 0.227011 -0.570271 
4.419907093 0.442359032901 -2.267857 0.22617 -0.598969 
4.429753065 0.443316902014 -2.253678 0.219277 -0.566172 
4.439604997 0.444275350948 -2.253231 0.227795 -0.585148 
4.449969053 0.44528362206 -2.25927 0.222262 -0.562307 
4.459826946 0.446242650912 -2.237597 0.22697 -0.570395 
4.469709158 0.44724990222 -2.280155 0.233743 -0.590459 
4.480023145 0.448324745252 -2.258493 0.229548 -0.579444 
4.489900112 0.44935404548 -2.321399 0.237679 -0.579971 
4.499751091 0.450380637441 -2.300523 0.225912 -0.598881 
4.509613037 0.451408372298 -2.278238 0.223466 -0.616748 
4.519964933 0.452395182899 -2.341346 0.222967 -0.606437 
4.529819011 0.453323924801 -2.341082 0.230193 -0.625779 
4.539705038 0.454255677881 -2.354574 0.247224 -0.624257 
4.550023079 0.455228148063 -2.353572 0.219746 -0.653348 
4.559900999 0.456159137062 -2.403613 0.238214 -0.663939 
4.569769144 0.457131421919 -2.42429 0.241525 -0.653344 
4.579633951 0.458121635952 -2.417176 0.236873 -0.661176 
4.589985132 0.459160671453 -2.416278 0.23711 -0.649544 
4.599836111 0.460149497453 -2.431008 0.235359 -0.668757 
4.609709024 0.461140525153 -2.416454 0.227635 -0.66649 
4.620012998 0.462176046148 -2.458555 0.234188 -0.645673 
4.629920005 0.463172235545 -2.430362 0.226399 -0.683252 
4.639819145 0.464167633883 -2.458843 0.241794 -0.664226 
4.649652958 0.465156463328 -2.422948 0.230264 -0.651987 
4.660009145 0.46619781958 -2.457666 0.224394 -0.661203 
4.669857978 0.467181026659 -2.478876 0.235423 -0.661022 
4.679726123 0.468159779682 -2.492825 0.233183 -0.660584 
4.69006896 0.469185614121 -2.478516 0.235316 -0.670077 
4.699923038 0.470162971937 -2.506389 0.240866 -0.670617 
4.709850072 0.471147565753 -2.485193 0.245676 -0.668735 
4.719644069 0.47211896455 -2.520125 0.232019 -0.66791 
4.72996211 0.473168823533 -2.506084 0.23935 -0.68726 
4.73985815 0.474210468356 -2.541203 0.233305 -0.677326 
4.749714136 0.475247897145 -2.54141 0.248695 -0.676425 
4.760015964 0.476332254706 -2.547861 0.219643 -0.694627 
4.76989603 0.477299519414 -2.598135 0.23738 -0.696283 
4.779775142 0.478253204647 -2.555019 0.239011 -0.673838 
4.789649963 0.479206475647 -2.604569 0.232513 -0.683667 
4.799978017 0.480203499731 -2.554718 0.2464 -0.681005 
4.809853077 0.481156793802 -2.561862 0.250649 -0.669383 
4.819751978 0.482139311502 -2.582413 0.221763 -0.666347 
4.830058097 0.483176910864 -2.519109 0.24577 -0.662364 
4.839924097 0.484170199929 -2.546662 0.219571 -0.669302 
4.849822044 0.485166705353 -2.525916 0.242456 -0.626322 
4.859580993 0.486226147552 -2.49612 0.219576 -0.622385 
4.86995697 0.487224882949 -2.532085 0.230422 -0.620738 
4.879824161 0.488146628172 -2.51054 0.219001 -0.648456 
4.889703989 0.489138174818 -2.54549 0.244482 -0.648401 
4.899975061 0.490168986993 -2.559257 0.243535 -0.647597 
4.909825086 0.491157542587 -2.5372 0.231453 -0.666006 
4.919701099 0.492220321697 -2.621657 0.226698 -0.67594 
4.929661035 0.49324156115 -2.578986 0.244671 -0.673831 
4.939988136 0.494261766448 -2.613537 0.223852 -0.680955 
4.94977498 0.495228600229 -2.606453 0.227098 -0.69069 
4.959681034 0.496207210661 -2.612998 0.239311 -0.679681 
4.969578027 0.497298668772 -2.633565 0.249681 -0.699686 
4.979880094 0.498337144216 -2.669115 0.250232 -0.718768 
4.989763975 0.499292294894 -2.65365 0.226905 -0.70693 
4.999635934 0.500246293463 -2.674615 0.254788 -0.695139 
5.009951114 0.501243123673 -2.617408 0.240852 -0.721581 
5.019827127 0.502194414777 -2.666627 0.250089 -0.709822 
5.029683113 0.503161026743 -2.652028 0.233742 -0.727128 
5.039996147 0.504193734506 -2.70858 0.232504 -0.714871 
5.049874067 0.505182871618 -2.69395 0.239618 -0.722835 
5.059741974 0.506172492574 -2.693726 0.232168 -0.719771 
5.06963396 0.507296823738 -2.728753 0.242811 -0.709484 
5.079945087 0.508339879283 -2.693689 0.247446 -0.727009 
5.089816093 0.509271212611 -2.749821 0.252999 -0.738003 
5.099671125 0.510201038786 -2.742447 0.254731 -0.735802 
5.109986066 0.511174257557 -2.734603 0.24293 -0.754329 
5.11990714 0.512238948761 -2.79792 0.235484 -0.763353 
5.129786014 0.513263173822 -2.79804 0.259499 -0.772374 
5.139728069 0.514230130377 -2.790373 0.240074 -0.768686 
5.150002956 0.515229457913 -2.811957 0.250083 -0.777138 
5.159885168 0.516190594184 -2.818254 0.25328 -0.783744 
5.169693946 0.51719535017 -2.860269 0.251493 -0.792597 
5.180045128 0.518251716306 -2.802533 0.246687 -0.766603 
5.18990612 0.519232330197 -2.845034 0.26096 -0.785696 
5.19978714 0.520214935747 -2.859149 0.259999 -0.782145 
5.209644079 0.521195146592 -2.851938 0.248013 -0.77969 
5.219988107 0.522213530414 -2.865353 0.238778 -0.775941 
5.229839086 0.523178334456 -2.893509 0.245601 -0.772453 
5.239699125 0.524152824359 -2.863987 0.246569 -0.788795 
5.250045061 0.525177548702 -2.871155 0.250535 -0.795656 
5.259925127 0.52615613045 -2.856672 0.251149 -0.792297 
5.269780159 0.52713820212 -2.884093 0.241919 -0.80898 
5.279687166 0.528127404784 -2.905316 0.268787 -0.806737 
5.289986133 0.529157369675 -2.911568 0.248247 -0.813503 
5.299875021 0.530146323952 -2.918013 0.242372 -0.840845 
5.309703111 0.531129198026 -2.924116 0.246018 -0.846289 
5.319991111 0.532152684184 -2.937714 0.245236 -0.862805 
5.329901933 0.533140532443 -2.94433 0.248822 -0.870454 
5.339749097 0.53413051456 -3.014502 0.253136 -0.868715 
5.349647998 0.535125698044 -3.042689 0.250892 -0.886878 
5.359946012 0.536161006251 -3.012589 0.23552 -0.912379 
5.369795084 0.537167949031 -3.076381 0.260259 -0.911097 
5.379660129 0.538169358285 -3.061624 0.261886 -0.92677 
5.389990091 0.539199973311 -3.053637 0.256465 -0.934349 
5.399861097 0.540184798532 -3.05321 0.248622 -0.929327 
5.40980196 0.54117659335 -3.088272 0.259823 -0.938319 
5.419698 0.542282217912 -3.080695 0.255792 -0.934646 
5.429964065 0.543338847587 -3.093898 0.254344 -0.940937 
5.439833164 0.544298333551 -3.10052 0.249868 -0.958859 
5.449682951 0.54525594198 -3.143218 0.263573 -0.956842 
5.459989071 0.546257915664 -3.164048 0.250473 -0.984358 
5.46986103 0.547217801597 -3.169573 0.269139 -0.991521 
5.479753971 0.548197607562 -3.183486 0.276807 -0.998807 
5.489661932 0.549202987435 -3.211262 0.25878 -1.015912 
5.499958038 0.550247753128 -3.238967 0.264495 -1.033772 
5.509868145 0.55125335076 -3.231587 0.269641 -1.028889 
5.519689083 0.552213502138 -3.266331 0.263487 -1.056587 
5.530013084 0.553233076363 -3.272931 0.274292 -1.053168 
5.53989911 0.5542362078 -3.279258 0.270995 -1.049367 
5.549773931 0.55523820227 -3.286128 0.249546 -1.056627 
5.559641122 0.556239422527 -3.307337 0.261297 -1.06355 
5.569954157 0.557223145143 -3.321579 0.275567 -1.072188 
5.579859018 0.558177788413 -3.335487 0.259216 -1.069538 
5.589698076 0.559149439854 -3.335208 0.258545 -1.058398 
5.59998703 0.560165520558 -3.349796 0.257805 -1.067149 
5.609863042 0.561140821374 -3.363825 0.264747 -1.066416 
5.619723081 0.562187176034 -3.371668 0.277271 -1.054992 
5.629637003 0.5632280179 -3.357836 0.252794 -1.054365 
5.639938116 0.564242946989 -3.329008 0.254982 -1.041221 
5.649811029 0.565215687176 -3.351561 0.257978 -1.040801 
5.659660101 0.566186078402 -3.331135 0.264285 -1.018613 
5.669954061 0.567181926125 -3.316537 0.247938 -1.035919 
5.679842949 0.568155823735 -3.373291 0.252464 -1.025135 
5.689705133 0.569151949587 -3.387584 0.252902 -1.012163 
5.699651003 0.570156528109 -3.4093 0.255688 -1.030768 
5.709927082 0.571194459255 -3.415643 0.250542 -1.037549 
5.719797134 0.572278919901 -3.437354 0.261389 -1.045881 
5.729643106 0.573296649942 -3.408258 0.246783 -1.042142 
5.739971161 0.574332102379 -3.40848 0.245931 -1.039515 
5.749830961 0.575320609308 -3.422793 0.253425 -1.02765 
5.759684085 0.57630438558 -3.429744 0.241158 -1.034615 
5.770030975 0.577262900478 -3.465151 0.242719 -1.043233 
5.779879093 0.578211254622 -3.451251 0.251612 -1.040988 
5.789740085 0.579182501779 -3.479656 0.250485 -1.039634 
5.799683094 0.580161827107 -3.50801 0.248798 -1.04758 
5.809978962 0.581175906879 -3.471876 0.246061 -1.034003 
5.819888115 0.582151897599 -3.514899 0.252093 -1.043301 
5.829760074 0.583148394749 -3.514979 0.252251 -1.030211 
5.839671135 0.584185980269 -3.507287 0.231259 -1.047202 
5.849965095 0.585263651353 -3.493077 0.240605 -1.044711 
5.859790086 0.586292226235 -3.514256 0.243735 -1.042628 
5.869647026 0.587324145847 -3.549664 0.245297 -1.051247 
5.879977941 0.588361232701 -3.542203 0.241261 -1.046658 
5.889870166 0.589333408128 -3.563341 0.244673 -1.054672 
5.899723053 0.590301717545 -3.598789 0.245952 -1.053194 
5.910082101 0.591319770806 -3.592287 0.258199 -1.071146 
5.919937133 0.592288291027 -3.620475 0.240839 -1.069896 
5.929772138 0.593255672763 -3.599132 0.237756 -1.067028 
5.939711094 0.594234825471 -3.614423 0.254194 -1.0665 
5.949943065 0.595242845037 -3.615011 0.245387 -1.065091 
5.959865093 0.596220330055 -3.608109 0.232948 -1.062883 
5.969737053 0.597192882541 -3.629912 0.244075 -1.051817 
5.98001194 0.598223193176 -3.637177 0.240258 -1.049552 
5.989869117 0.599241049164 -3.658402 0.235045 -1.047645 
5.99980998 0.600267546602 -3.65873 0.242369 -1.056101 
6.009588003 0.601277229117 -3.638253 0.248115 -1.043215 
6.019909143 0.602342994108 -3.630921 0.244196 -1.031403 
6.029853105 0.603310100353 -3.631802 0.236784 -1.019658 
6.039725065 0.604261076728 -3.647014 0.228926 -1.000013 
6.049626112 0.605214855084 -3.633687 0.230139 -0.978673 
6.059962988 0.60621061731 -3.627495 0.241209 -0.989768 
6.069836139 0.607161708415 -3.64254 0.232794 -0.980339 
6.079669952 0.608118894007 -3.593171 0.238722 -0.977981 
6.090000152 0.60916343634 -3.621627 0.238156 -0.967325 
6.099878072 0.610162246198 -3.664423 0.227113 -0.975932 
6.109738111 0.611159248012 -3.650563 0.235724 -0.96359 
6.120048046 0.612201741241 -3.686305 0.238398 -0.951776 
6.129944086 0.613196802229 -3.651281 0.237382 -0.959689 
6.139846086 0.614183239647 -3.651392 0.245439 -0.948501 
6.149729967 0.615167872049 -3.630738 0.234671 -0.925622 
6.160011053 0.616192074021 -3.638095 0.214168 -0.923708 
6.169871091 0.617174331183 -3.681357 0.228374 -0.914595 
6.179760933 0.61816366481 -3.681949 0.228472 -0.90371 
6.190066099 0.619201523319 -3.667979 0.229026 -0.902556 
6.199965 0.620198465884 -3.661392 0.225037 -0.891118 
6.209821939 0.621191182353 -3.661594 0.226152 -0.90018 
6.219692945 0.622185315545 -3.647344 0.226035 -0.887887 
6.229993105 0.623222669886 -3.64069 0.223334 -0.875167 
6.239841938 0.624208422091 -3.669288 0.221758 -0.874974 
6.249714136 0.625194783779 -3.655652 0.223425 -0.853388 
6.260019064 0.626224380854 -3.642417 0.223067 -0.851812 
6.269901037 0.627211719193 -3.677891 0.21797 -0.862198 
6.279783964 0.628206660416 -3.678554 0.226407 -0.850221 
6.289652109 0.629207155299 -3.692757 0.225844 -0.849544 
6.299911022 0.630247268711 -3.714783 0.21306 -0.848982 
6.309775114 0.631247352675 -3.700955 0.22957 -0.838543 
6.31971097 0.632254712527 -3.694545 0.210014 -0.837433 
6.330054998 0.633287437221 -3.687796 0.214373 -0.826735 
6.33989501 0.634247781987 -3.688606 0.215589 -0.796333 
6.349810123 0.635215456301 -3.668374 0.204481 -0.795056 
6.359663009 0.636177057516 -3.661898 0.217573 -0.785225 
6.36999011 0.637184940168 -3.683509 0.211461 -0.785642 
6.379841089 0.638168058593 -3.656061 0.205452 -0.784433 
6.389718055 0.639200299749 -3.670578 0.21334 -0.774526 
6.400062084 0.640281353632 -3.671652 0.205479 -0.763944 
6.409989118 0.641318827391 -3.671606 0.213822 -0.763768 
6.419831991 0.642347505489 -3.693993 0.201146 -0.754152 
6.429691076 0.643335248465 -3.659244 0.199117 -0.743033 
6.440006017 0.644339483657 -3.652768 0.212208 -0.733202 
6.449818134 0.645294765243 -3.667772 0.204075 -0.73387 
6.45976305 0.646262975785 -3.639518 0.212977 -0.71394 
6.469671011 0.647227588488 -3.690067 0.19834 -0.704005 
6.479982137 0.648261235866 -3.647615 0.200465 -0.702128 
6.48984909 0.649291392114 -3.661817 0.199902 -0.70145 
6.499650001 0.650314653267 -3.683356 0.20314 -0.690313 
6.510012149 0.6513965102 -3.662276 0.207945 -0.687516 
6.519866943 0.652425396992 -3.719118 0.196625 -0.706458 
6.529752969 0.653402973139 -3.697642 0.21051 -0.713335 
6.540011167 0.654372779461 -3.697625 0.203336 -0.689957 
6.549947977 0.655312201878 -3.704718 0.207024 -0.687636 
6.559801101 0.65624371265 -3.683355 0.211278 -0.695971 
6.569664955 0.657176237834 -3.74051 0.208409 -0.705683 
6.579993009 0.65817688893 -3.718898 0.205497 -0.692471 
6.589905977 0.659164245383 -3.739991 0.200286 -0.720058 
6.599750042 0.660144738925 -3.768573 0.215675 -0.728696 
6.60966897 0.66113268901 -3.775123 0.210803 -0.715164 
6.61996603 0.662158301989 -3.803873 0.209782 -0.733335 
6.629824161 0.663144016288 -3.817658 0.216612 -0.74074 
6.639642 0.664131116047 -3.831297 0.215548 -0.747159 
6.650002956 0.665172821576 -3.838196 0.219686 -0.743676 
6.659863948 0.666164259999 -3.85211 0.210388 -0.770711 
6.669718027 0.66715500338 -3.894813 0.216032 -0.778966 
6.679657936 0.668151641591 -3.908498 0.206624 -0.785561 
6.689955949 0.669173164943 -3.91554 0.209752 -0.792541 
6.699836969 0.670153324191 -3.950718 0.220949 -0.800617 
6.70968008 0.671129723012 -3.942975 0.216361 -0.807161 
6.720026016 0.672156000142 -3.99298 0.218025 -0.825326 
6.729871034 0.673132588129 -3.985037 0.221949 -0.820435 
6.739773988 0.674128269349 -4.006689 0.2253 -0.830654 
6.749639034 0.675166229585 -4.013975 0.22854 -0.829495 
6.759967088 0.67625290565 -3.999979 0.213133 -0.836712 
6.769814014 0.677288959373 -4.021345 0.223876 -0.825518 
6.779689073 0.678284693287 -4.0217 0.2158 -0.833044 
6.790030956 0.67928362638 -4.057158 0.217922 -0.832362 
6.799905061 0.680237376315 -4.035905 0.230233 -0.829508 
6.809787988 0.681191978377 -4.022224 0.223278 -0.827495 
6.819649934 0.682144553863 -4.050629 0.222151 -0.826141 
6.83001399 0.683159843152 -4.043468 0.225842 -0.833798 
6.839864969 0.684152267184 -4.072035 0.216368 -0.831703 
6.849705934 0.685143682369 -4.072025 0.215525 -0.830907 
6.860073089 0.686188107878 -4.043942 0.217643 -0.818137 
6.869924068 0.687210677676 -4.086966 0.223675 -0.827435 
6.879758119 0.688238206467 -4.101543 0.222093 -0.83539 
6.889691114 0.689140437229 -4.093925 0.218343 -0.841814 
6.89996314 0.690165566804 -4.136507 0.232053 -0.840712 
6.90985012 0.691152269486 -4.129589 0.236577 -0.847334 
6.919698953 0.692135165167 -4.129147 0.22801 -0.863788 
6.930027008 0.693212428875 -4.179086 0.221217 -0.860773 
6.939887046 0.694253026291 -4.164679 0.222108 -0.866595 
6.949774027 0.695232186744 -4.164825 0.230724 -0.874686 
6.959699154 0.696215125 -4.214166 0.231894 -0.872283 
6.969969988 0.697232300463 -4.235421 0.235302 -0.879382 
6.979843139 0.698278165953 -4.270635 0.237312 -0.886838 
6.989670038 0.699313224716 -4.25632 0.221517 -0.893012 
7.000010967 0.700319442246 -4.25647 0.239037 -0.891626 
7.009895086 0.70128121017 -4.256622 0.229846 -0.89009 
7.019785165 0.702243558028 -4.249578 0.218417 -0.877419 
7.029704094 0.703197997308 -4.278607 0.225288 -0.867081 
7.039979934 0.704180312417 -4.271623 0.230378 -0.865318 
7.049839019 0.705164773368 -4.264656 0.233619 -0.874137 
7.059718132 0.706151234178 -4.27902 0.224708 -0.87272 
7.07003498 0.707181404219 -4.293659 0.224529 -0.87217 
7.079916 0.708271452866 -4.328919 0.218196 -0.879802 
7.089727163 0.709312016233 -4.300375 0.235329 -0.867834 
7.099697113 0.710262734565 -4.329074 0.218632 -0.875893 
7.109972 0.711242531197 -4.33564 0.221657 -0.892843 
7.119841098 0.712183632445 -4.370975 0.232567 -0.889907 
7.12968111 0.713200522974 -4.391915 0.227524 -0.906235 
7.140015125 0.714286832757 -4.384069 0.23878 -0.911632 
7.149919986 0.715243549076 -4.433801 0.231712 -0.92893 
7.159744978 0.716192550801 -4.454736 0.23473 -0.934986 
7.16962099 0.717146480578 -4.468167 0.233392 -0.961718 
7.179944038 0.718182393491 -4.496683 0.223356 -0.968925 
7.189828157 0.719213447661 -4.489015 0.219045 -0.984649 
7.19968009 0.720199911088 -4.510188 0.230237 -0.972294 
7.210003137 0.721233546652 -4.517301 0.226588 -0.95877 
7.219881057 0.72222261213 -4.531401 0.224903 -0.976695 
7.229752063 0.723201564456 -4.538814 0.228981 -0.975416 
7.239674091 0.724171108298 -4.560206 0.224324 -0.963293 
7.249937057 0.725176475501 -4.560387 0.223754 -0.970762 
7.259818077 0.726147231787 -4.595222 0.217879 -0.979063 
7.269668102 0.727114942985 -4.609317 0.224255 -0.986715 
7.27999115 0.728135065826 -4.638487 0.230837 -0.993944 
7.289860963 0.72911830072 -4.630636 0.227819 -1.009303 
7.299738168 0.730094495897 -4.658407 0.217853 -1.016136 
7.309678077 0.73107534943 -4.666061 0.23788 -1.033235 
7.319950103 0.732088975712 -4.707943 0.244037 -1.039039 
7.32983303 0.733033778144 -4.679124 0.236194 -1.053058 
7.339717149 0.733926505089 -4.671563 0.24191 -1.040704 
7.349984169 0.734676375986 -4.643258 0.218891 -1.037515 
7.359899044 0.735385777517 -4.594534 0.234501 -1.027765 
7.369758129 0.736091187317 -4.595107 0.226821 -1.00867 
7.380110979 0.736738214743 -4.503081 0.218762 -0.998231 
