0.0 0.000747467580342 -0.052833 -0.030906 -0.075192 
0.009881974 0.00169863010457 -0.060352 -0.018653 -0.084997 
0.020206929 0.00269243055986 -0.060393 -0.018934 -0.0749 
0.030083895 0.00364311105268 -0.074474 -0.028398 -0.084615 
0.039953947 0.00464008140955 -0.039253 -0.021624 -0.07399 
0.050250054 0.00568320742139 -0.03939 -0.014573 -0.074181 
0.060135842 0.00668476292294 -0.046635 -0.026167 -0.063706 
0.070009947 0.00768513478866 -0.039506 -0.014578 -0.073265 
0.079833031 0.00868033758103 -0.06059 -0.036469 -0.07354 
0.0901649 0.0097121822911 -0.039268 -0.037867 -0.072264 
0.100096941 0.0107032301358 -0.018017 -0.026278 -0.062306 
0.109948874 0.011686284572 -0.025009 -0.029803 -0.071969 
0.120249987 0.0127141594908 -0.046275 -0.026275 -0.07276 
0.130110026 0.0136980227672 -0.032452 -0.017826 -0.072593 
0.139982939 0.0146864503561 -0.025176 -0.029246 -0.061753 
0.14982605 0.0156720950373 -0.039572 -0.030259 -0.062238 
0.160158873 0.0167067772665 -0.032022 -0.026273 -0.082738 
0.170055867 0.017697817548 -0.032138 -0.026277 -0.081823 
0.179903984 0.0186839635075 -0.018219 -0.025162 -0.071368 
0.190237999 0.0197179665413 -0.0466 -0.042971 -0.07128 
0.200114012 0.0207061191182 -0.025698 -0.022372 -0.071371 
0.209985972 0.0216938661687 -0.018402 -0.026454 -0.071734 
0.219830036 0.0226788220622 -0.032341 -0.034907 -0.070986 
0.230165959 0.0237129913111 -0.025262 -0.022756 -0.071244 
0.240078926 0.0247198075956 -0.018249 -0.026287 -0.060475 
0.249927998 0.0257203937898 -0.053784 -0.024609 -0.061871 
0.260246039 0.026768623448 -0.01077 -0.023707 -0.059986 
0.270129919 0.027772745854 -0.018178 -0.01951 -0.080979 
0.279992819 0.0287713836783 -0.024902 -0.032609 -0.0604 
0.289855957 0.0297312610092 -0.053464 -0.024998 -0.060828 
0.300181866 0.0307361750609 -0.025256 -0.009325 -0.060486 
0.31009388 0.0317008089879 -0.032456 -0.012575 -0.049836 
0.319950819 0.0326600830341 -0.032375 -0.021757 -0.050131 
0.330237866 0.0336612150488 -0.039768 -0.010342 -0.060055 
0.340107918 0.0346905458213 -0.039103 -0.010836 -0.039488 
0.349982977 0.035726124684 -0.053332 -0.012405 -0.050189 
0.359837056 0.0367595034135 -0.038926 -0.012235 -0.048908 
0.370170832 0.0378431870651 -0.045549 -0.017433 -0.059726 
0.380055905 0.0388688041707 -0.038632 -0.01363 -0.059244 
0.389894963 0.0398295126783 -0.010333 -0.003606 -0.078786 
0.400241852 0.0408398069859 -0.066855 0.000929 -0.069833 
0.410076857 0.0418001197492 -0.052378 -0.00724 -0.069643 
0.419966936 0.0427658100659 -0.045467 0.005467 -0.059685 
0.429821968 0.043728078312 -0.074258 0.003442 -0.060655 
0.44016099 0.0448011865727 -0.045305 -0.003151 -0.080174 
0.450068951 0.0458318671796 -0.059964 0.003726 -0.08073 
0.459913016 0.0468559009731 -0.030656 -0.003815 -0.079928 
0.470257998 0.0479320429085 -0.045006 0.003516 -0.080237 
0.480098963 0.0489369140393 -0.04496 0.011859 -0.080062 
0.489971876 0.0498699068374 -0.023263 -0.000115 -0.089416 
0.500283957 0.0508444011237 -0.058869 0.009901 -0.089721 
0.510157824 0.0517774840751 -0.05829 0.010527 -0.07913 
0.520040989 0.0527114456898 -0.036857 0.006443 -0.088556 
0.529896975 0.0536430019123 -0.058119 0.001066 -0.098823 
0.540220976 0.0546746501898 -0.078406 -0.00435 -0.088276 
0.550065041 0.0556583398176 -0.078153 -0.006027 -0.088516 
0.559953928 0.0566465083813 -0.063438 -0.005403 -0.086988 
0.570281983 0.0576785617636 -0.084973 -0.002047 -0.098123 
0.580152989 0.0586649435294 -0.048713 0.003401 -0.097459 
0.590033055 0.0596590067352 -0.055579 -0.000963 -0.107242 
0.599894047 0.0606518296634 -0.083639 0.012199 -0.098672 
0.610219002 0.0616913652452 -0.083579 -0.00432 -0.087764 
0.620066882 0.0626828680329 -0.069016 -0.003864 -0.097495 
0.629958868 0.0636788114943 -0.083092 -0.005265 -0.096938 
0.640274048 0.064706697197 -0.089902 -0.017244 -0.086336 
0.650147915 0.0656893829175 -0.104125 -0.010751 -0.086765 
0.660027027 0.0666725906409 -0.110509 -0.007156 -0.096244 
0.669920922 0.0676572696261 -0.103242 -0.002617 -0.105613 
0.68026495 0.0686867476015 -0.088238 0.005516 -0.104945 
0.690103054 0.0696991981858 -0.088137 -0.010722 -0.104134 
0.699981928 0.0707193668926 -0.088274 -0.003671 -0.104325 
0.710312844 0.071786216942 -0.094871 -0.007862 -0.103764 
0.720185042 0.0728056962335 -0.108247 -0.017537 -0.103008 
0.730026961 0.0738185778752 -0.108323 -0.01726 -0.112189 
0.739884854 0.0747686956208 -0.121831 -0.017193 -0.101837 
0.750211954 0.0757640362042 -0.12182 -0.018036 -0.101041 
0.760073901 0.0767145446801 -0.121069 -0.009904 -0.090395 
0.769953013 0.0776667075431 -0.134948 -0.010738 -0.110946 
0.780264855 0.0786605775388 -0.13436 -0.010954 -0.09956 
0.790151835 0.0796567088157 -0.126561 -0.014133 -0.098514 
0.80002594 0.0806577259276 -0.1333 -0.019335 -0.108416 
0.809883833 0.0816570994991 -0.118322 -0.026601 -0.106818 
0.820211888 0.0827134131797 -0.131972 -0.027544 -0.106929 
0.830070973 0.0838030478119 -0.153081 -0.032753 -0.105937 
0.839956045 0.0846992596192 -0.130886 -0.034919 -0.104406 
0.850276947 0.0856976715078 -0.137894 -0.023327 -0.104903 
0.860147953 0.0866809570631 -0.158571 -0.020016 -0.094307 
0.870012045 0.0876635538905 -0.172176 -0.012615 -0.094243 
0.879873038 0.0886458420157 -0.136777 -0.007242 -0.093038 
0.890279055 0.089776243881 -0.185365 -0.029903 -0.102597 
0.900137902 0.0907699498405 -0.163926 -0.025926 -0.10175 
0.909968853 0.0917411656167 -0.155864 -0.036995 -0.100633 
0.920327902 0.0927645530606 -0.155939 -0.036717 -0.109815 
0.930212021 0.0937410213907 -0.155498 -0.02904 -0.099415 
0.940089941 0.0948524750506 -0.162308 -0.041019 -0.088813 
0.949903012 0.0958188512376 -0.176531 -0.034526 -0.089242 
0.960253001 0.0968224278291 -0.189948 -0.034738 -0.098288 
0.970121861 0.0977793522163 -0.189506 -0.02706 -0.087888 
0.979955912 0.0987329013827 -0.189795 -0.03457 -0.087029 
0.989887953 0.0996945210454 -0.189217 -0.033944 -0.076439 
1.000172854 0.100705260248 -0.188872 -0.0359 -0.096076 
1.010045052 0.10168155181 -0.181246 -0.046584 -0.095086 
1.019909859 0.102657112454 -0.187837 -0.042714 -0.084252 
1.030237913 0.103696847709 -0.173532 -0.026307 -0.083782 
1.040135861 0.104858191963 -0.201421 -0.042369 -0.083081 
1.049994946 0.105823887271 -0.201821 -0.027429 -0.083343 
1.059886933 0.10676493632 -0.21576 -0.035881 -0.082595 
1.070164919 0.107742706403 -0.230282 -0.036056 -0.08296 
1.08006692 0.108684708109 -0.244318 -0.037175 -0.092499 
1.089908839 0.10976314868 -0.22221 -0.047967 -0.081047 
1.100242854 0.110801093265 -0.229643 -0.036833 -0.080875 
1.110095978 0.111753788859 -0.236635 -0.040359 -0.090538 
1.119961024 0.112707637189 -0.22228 -0.039628 -0.079956 
1.129878998 0.113666603111 -0.215323 -0.035544 -0.089571 
1.140144825 0.114714183556 -0.250427 -0.056706 -0.088803 
1.15007186 0.115720936397 -0.222163 -0.038902 -0.087975 
1.159908057 0.116709255158 -0.250355 -0.047356 -0.077249 
1.170231819 0.117746563345 -0.250035 -0.047745 -0.076206 
1.180102826 0.118738379736 -0.236425 -0.037339 -0.085896 
1.189956904 0.119705041521 -0.235619 -0.053789 -0.074615 
1.199867964 0.120674595122 -0.271225 -0.043772 -0.074919 
1.210165024 0.121689075612 -0.242555 -0.049813 -0.083306 
1.220058918 0.122664086468 -0.271057 -0.058722 -0.072826 
1.229938031 0.123637640705 -0.257188 -0.041931 -0.072483 
1.240262986 0.124657623282 -0.285696 -0.058901 -0.072276 
1.250145913 0.125640016816 -0.24374 -0.049618 -0.061536 
1.260001898 0.126627875531 -0.279382 -0.054158 -0.061705 
1.270306826 0.1276607315 -0.29368 -0.047388 -0.071315 
1.280184031 0.128650717082 -0.27285 -0.050532 -0.070652 
1.290079832 0.129641088541 -0.286693 -0.066317 -0.059616 
1.29993105 0.130627857561 -0.322273 -0.040902 -0.060851 
1.31020999 0.131658404624 -0.27971 -0.046834 -0.070162 
1.320164919 0.132656466958 -0.322669 -0.049981 -0.051176 
1.330029011 0.133645422147 -0.30163 -0.036433 -0.051076 
1.339789868 0.13467192416 -0.315615 -0.05323 -0.050504 
1.350211859 0.135729116605 -0.30162 -0.037276 -0.050281 
1.36007905 0.13670878542 -0.301625 -0.045338 -0.060553 
1.36992383 0.137686229149 -0.344543 -0.048203 -0.051664 
1.380273819 0.138713832796 -0.316346 -0.048653 -0.071867 
1.390138865 0.139839920152 -0.32348 -0.036223 -0.072244 
1.399993897 0.140818259272 -0.338367 -0.038982 -0.073342 
1.409898043 0.141784591637 -0.3099 -0.022293 -0.063453 
1.420176983 0.14278749208 -0.353361 -0.016598 -0.065774 
1.430033923 0.143748992009 -0.332008 -0.021247 -0.055006 
1.439909935 0.144706197851 -0.310915 -0.03228 -0.054271 
1.45024395 0.145735236337 -0.346856 -0.023724 -0.066201 
1.460119009 0.146734864034 -0.332628 -0.039121 -0.075249 
1.469980002 0.147733067864 -0.375084 -0.041365 -0.054854 
1.479879856 0.148735205497 -0.375403 -0.025861 -0.07531 
1.490164996 0.14972874254 -0.403783 -0.026703 -0.055473 
1.500061989 0.150713925165 -0.389068 -0.011686 -0.066254 
1.509918928 0.151713984642 -0.346789 -0.017066 -0.064433 
1.520246983 0.152761842327 -0.396836 -0.016406 -0.065398 
1.53012085 0.153757827636 -0.375443 -0.020772 -0.064727 
1.539976836 0.154718822242 -0.353907 -0.024129 -0.053592 
1.549829007 0.15568347965 -0.404396 -0.031145 -0.064957 
1.560161829 0.156697922809 -0.354694 -0.041446 -0.063618 
1.570057869 0.157669484119 -0.425885 -0.029191 -0.056017 
1.57990098 0.15863584903 -0.419735 -0.018402 -0.057015 
1.590234995 0.159743939044 -0.419202 -0.02612 -0.046601 
1.600085974 0.160755544011 -0.419608 -0.019241 -0.057135 
1.609987021 0.161732145104 -0.383784 -0.013408 -0.056599 
1.619837046 0.162703713584 -0.405709 -0.01107 -0.047786 
1.630154848 0.163721421784 -0.405927 -0.011803 -0.067431 
1.640022993 0.164669985883 -0.384565 -0.022664 -0.056353 
1.649901867 0.165650814032 -0.434612 -0.022004 -0.057317 
1.660224915 0.166693001495 -0.412996 -0.024797 -0.066377 
1.670096875 0.167689648314 -0.455873 -0.02738 -0.067585 
1.680011034 0.168690555432 -0.435225 -0.01485 -0.047538 
1.689872027 0.169767728523 -0.45641 -0.020504 -0.048624 
1.700176001 0.170825455138 -0.456953 -0.006573 -0.059349 
1.710052967 0.171826700477 -0.436127 -0.000813 -0.049209 
1.719918967 0.172826834173 -0.428557 -0.013628 -0.048705 
1.73029089 0.173850924645 -0.428816 -0.014643 -0.058252 
1.740125895 0.174731102515 -0.442633 -0.015029 -0.048147 
1.749987841 0.175683317511 -0.492634 -0.006025 -0.048936 
1.759893895 0.176662857976 -0.428151 -0.015137 -0.037685 
1.77018404 0.177680378516 -0.455963 -0.016361 -0.047215 
1.780064822 0.178657420009 -0.456054 -0.000966 -0.04723 
1.789917946 0.179631726596 -0.455745 -0.000512 -0.046984 
1.800256968 0.180689143 -0.462672 0.001898 -0.047775 
1.810122013 0.181722201751 -0.448312 -0.006276 -0.04667 
1.819975853 0.182754087125 -0.463183 -0.007186 -0.037185 
1.829835892 0.183786621652 -0.484627 0.003112 -0.02807 
1.840198994 0.18487183649 -0.477189 -0.016926 -0.037719 
1.850074053 0.185848787098 -0.47732 -0.001813 -0.027637 
1.859916926 0.186816240263 -0.434848 0.007649 -0.036963 
1.870255947 0.187832459673 -0.463228 0.006807 -0.017126 
1.880131007 0.188803076489 -0.449015 0.006527 -0.017007 
1.889961005 0.189769264173 -0.484799 0.000977 -0.02764 
1.899873019 0.190744199791 -0.491949 0.011558 -0.0386 
1.91017294 0.191757718366 -0.491579 -0.004507 -0.027445 
1.920075894 0.192732175144 -0.491792 -0.012294 -0.017405 
1.929926873 0.193701517549 -0.492186 0.010708 -0.007394 
1.940204859 0.194712877707 -0.47736 0.003275 -0.017054 
1.950122834 0.195716226385 -0.484226 -0.001089 -0.026837 
1.959996939 0.196733080814 -0.462797 0.003731 -0.026786 
1.969869852 0.197749812487 -0.52693 0.020799 -0.00824 
1.980198861 0.198813513809 -0.491705 0.001701 -0.02684 
1.990041018 0.199827078171 -0.533431 -0.007692 -0.01714 
1.999907017 0.200789230334 -0.526784 -0.004061 -0.027002 
2.010243893 0.201788064678 -0.519684 0.001033 -0.026154 
2.020120859 0.202742458719 -0.54847 0.00707 -0.016852 
2.029984951 0.203695608768 -0.534337 0.015972 -0.016438 
2.039831877 0.204647100095 -0.554925 -0.013077 -0.025577 
2.050120831 0.205657891083 -0.548413 0.014571 -0.01588 
2.060073853 0.206663184709 -0.505409 0.016316 -0.014791 
2.06991601 0.207657280543 -0.583183 0.009262 -0.015795 
2.080237866 0.208699827826 -0.55532 0.009925 -0.015566 
2.090114832 0.209697439503 -0.57653 0.005839 0.004028 
2.09997797 0.210685472654 -0.576768 0.012161 -0.016723 
2.109877825 0.211669920659 -0.562702 0.005382 -0.005281 
2.120158911 0.212692278522 -0.584131 0.000562 -0.005332 
2.130043984 0.213675256595 -0.555745 0.009466 -0.014897 
2.139893055 0.214654654606 -0.597857 -0.000103 -0.014625 
2.150218964 0.215688373493 -0.583598 0.00796 -0.014331 
2.160102845 0.216683106737 -0.554811 0.01889 -0.003884 
2.169960022 0.217675152437 -0.632996 0.010653 -0.025695 
2.179811955 0.218666670371 -0.590468 0.012501 -0.014637 
2.190146923 0.219706801898 -0.611172 0.000414 -0.003111 
2.200021029 0.220700267306 -0.603825 -0.00423 -0.012775 
2.209890843 0.221686626664 -0.596816 0.001144 0.007471 
2.22022605 0.222719495991 -0.639328 0.006515 0.007481 
2.230046988 0.22370097083 -0.610725 -0.000814 -0.002188 
2.239965916 0.224692238493 -0.632057 0.004 0.027798 
2.249840975 0.225689270863 -0.624983 0.008089 0.017267 
2.260182858 0.226740462326 -0.609838 0.000266 0.008649 
2.270056963 0.227744106912 -0.646112 0.009936 0.017153 
2.279947043 0.228749375263 -0.603108 0.011681 0.018241 
2.290205002 0.229792036346 -0.638091 -0.001414 0.028367 
2.300076962 0.230767105769 -0.617098 0.00379 0.02829 
2.309944868 0.231729222871 -0.623736 -0.000684 0.038948 
2.31978488 0.232688620319 -0.616804 0.019361 0.037704 
2.330160857 0.233700274152 -0.624111 0.014541 0.057169 
2.340055943 0.234665041293 -0.623624 -0.00152 0.067408 
2.349911929 0.235662338586 -0.623691 -0.002807 0.066126 
2.360224009 0.236742181601 -0.588429 0.004247 0.066655 
2.370097876 0.237776136566 -0.62363 0.021778 0.064576 
2.379973889 0.238810316252 -0.588374 0.011026 0.07473 
2.389833927 0.239842823095 -0.616603 0.002408 0.073282 
2.400162936 0.240871754986 -0.630832 0.000839 0.06258 
2.410053969 0.241834696437 -0.602973 0.010407 0.072287 
2.419913054 0.242794527591 -0.631161 0.024408 0.080977 
2.430220843 0.24379804232 -0.589004 0.010239 0.080544 
2.440096855 0.244759521402 -0.625148 0.004796 0.078966 
2.449967862 0.245760854755 -0.618142 0.007597 0.067153 
2.459830046 0.246787710005 -0.617929 0.000269 0.076525 
2.470172882 0.247864610968 -0.60403 0.00844 0.085874 
2.480056048 0.248893650875 -0.575965 0.017733 0.075267 
2.489897967 0.249918396124 -0.611404 0.012077 0.084159 
2.500226021 0.250912400458 -0.605257 0.031771 0.092637 
2.510097981 0.251846181374 -0.612793 0.02706 0.091662 
2.519997835 0.25278260076 -0.591577 0.024093 0.101754 
2.529880047 0.253717351404 -0.592206 0.024028 0.100465 
2.540166855 0.254690372465 -0.613488 0.011314 0.1014 
2.550053835 0.255659442868 -0.592369 0.01568 0.101205 
2.5598979 0.256644904957 -0.585933 0.02849 0.121133 
2.570220948 0.257678316708 -0.593301 0.023223 0.109941 
2.580101014 0.258667382758 -0.586877 0.019909 0.109324 
2.589961052 0.25965444386 -0.60786 0.022885 0.097401 
2.600278855 0.260687079602 -0.594129 0.031613 0.116966 
2.610155821 0.261675426768 -0.609229 0.030813 0.106011 
2.620048046 0.262665300839 -0.609696 0.039096 0.103981 
2.629904986 0.263651644086 -0.610492 0.039587 0.112908 
2.640239954 0.26468582162 -0.58945 0.012148 0.103195 
2.650118828 0.265671784966 -0.618388 0.018018 0.101239 
2.65997696 0.266654044879 -0.618495 0.026193 0.090155 
2.669885874 0.267641364688 -0.619438 0.034579 0.098096 
2.680158854 0.268664959872 -0.591728 0.035075 0.087066 
2.690069914 0.269652493507 -0.634829 0.025547 0.095103 
2.699887038 0.270646586065 -0.628024 0.04643 0.093978 
2.710261822 0.271721395783 -0.642272 0.037523 0.09448 
2.720146895 0.272745472287 -0.649888 0.041995 0.0938 
2.729984999 0.273764682883 -0.650507 0.050832 0.073408 
2.740300894 0.274833391802 -0.671398 0.029391 0.074295 
2.750174046 0.275809459724 -0.678411 0.032921 0.063526 
2.760069847 0.276764770934 -0.670956 0.046813 0.064796 
2.769920826 0.277715755162 -0.699398 0.045524 0.053976 
2.780251026 0.27871300196 -0.699301 0.053306 0.044851 
2.790128947 0.279666587089 -0.755728 0.043287 0.024444 
2.799988032 0.28063654001 -0.762953 0.054146 0.004303 
2.810294867 0.281675843461 -0.755813 0.059523 -0.004946 
2.820168972 0.282671512005 -0.791196 0.061368 0.004917 
2.830067873 0.283669680888 -0.812457 0.055992 -0.00535 
2.839916945 0.284733916749 -0.81192 0.03937 -0.004412 
2.850251913 0.285751975449 -0.826655 0.046524 -0.014149 
2.860127926 0.286669170999 -0.840574 0.045409 -0.024604 
2.869978905 0.287652183467 -0.855091 0.053296 -0.014697 
2.87988782 0.288640977271 -0.876971 0.047012 -0.025458 
2.890157938 0.289665814909 -0.877092 0.055912 -0.015066 
2.900050879 0.29069284347 -0.870277 0.058986 -0.035144 
2.90989399 0.291730911983 -0.862975 0.062965 -0.025235 
2.920218945 0.292760020357 -0.891619 0.053046 -0.025218 
2.930009842 0.29373589813 -0.87697 0.052382 -0.024972 
2.939947844 0.294726438144 -0.876667 0.044774 -0.034998 
2.950270892 0.295814213358 -0.891245 0.04247 -0.035849 
2.960166931 0.296837086696 -0.891123 0.050536 -0.026492 
2.970029831 0.297795736011 -0.898491 0.062235 -0.017934 
2.979884863 0.298753620576 -0.913343 0.068663 -0.019652 
2.990211964 0.299757389072 -0.906194 0.072475 -0.021002 
3.000042916 0.300706318598 -0.913166 0.066541 -0.021969 
3.009968996 0.301667833637 -0.92023 0.070633 -0.023437 
3.019892931 0.302656926702 -0.898635 0.074896 -0.033603 
3.03014803 0.30367902603 -0.913223 0.073434 -0.03525 
3.040042878 0.304665220068 -0.920054 0.068512 -0.025754 
3.049901963 0.3057626505 -0.912859 0.080667 -0.026928 
3.060243845 0.30686268416 -0.905442 0.067685 -0.037683 
3.070112944 0.307797521266 -0.905629 0.075297 -0.028573 
3.07997489 0.308731680814 -0.934451 0.081171 -0.031445 
3.089887858 0.309670673352 -0.905914 0.08952 -0.022646 
3.10016799 0.310730943493 -0.906443 0.087611 -0.035434 
3.110049963 0.311775621765 -0.935022 0.078258 -0.027032 
3.11990285 0.312730017466 -0.921048 0.069185 -0.028251 
3.130226851 0.313730047424 -0.92192 0.084347 -0.040814 
3.140105009 0.314686890989 -0.958206 0.09486 -0.033107 
3.149951935 0.315671595446 -0.958419 0.101466 -0.035375 
3.159872055 0.316697471561 -0.930582 0.101124 -0.046524 
3.170143843 0.317728204971 -0.930344 0.109195 -0.038083 
3.180029869 0.318720228684 -0.959638 0.106266 -0.040461 
3.189878941 0.31970854421 -0.953254 0.102671 -0.030982 
3.200212956 0.320730638868 -0.988805 0.1025 -0.04296 
3.210084915 0.321692086567 -0.988791 0.101775 -0.064435 
3.219955922 0.322661336268 -1.017151 0.108271 -0.055801 
3.230276823 0.323679992922 -1.017481 0.114873 -0.057154 
3.240147829 0.32465424565 -1.038144 0.11746 -0.068034 
3.250026942 0.32563070294 -1.01741 0.121649 -0.077658 
3.259876967 0.326605287295 -1.045086 0.127767 -0.099308 
3.270215035 0.327643047904 -1.044899 0.120155 -0.108418 
3.280091048 0.328634426299 -1.058742 0.118762 -0.109691 
3.28995204 0.329624296849 -1.086352 0.116423 -0.11016 
3.300216914 0.330661420289 -1.079314 0.111325 -0.120071 
3.310127974 0.331666459637 -1.085521 0.115372 -0.099809 
3.320040942 0.332654147026 -1.113197 0.12149 -0.121458 
3.329815865 0.333628080178 -1.098938 0.129554 -0.121164 
3.340208054 0.334663515178 -1.175952 0.121845 -0.14327 
3.350080967 0.335671611564 -1.154397 0.125827 -0.143338 
3.359935999 0.3366921696 -1.17537 0.12796 -0.154465 
3.370245934 0.337721693614 -1.182216 0.130934 -0.175451 
3.380094052 0.338705101752 -1.160827 0.135472 -0.165303 
3.390013934 0.339695676061 -1.188301 0.126081 -0.165581 
3.399868012 0.340753550778 -1.181197 0.136665 -0.186519 
3.410204888 0.341851556597 -1.216377 0.14714 -0.187492 
3.420092821 0.342817534594 -1.19468 0.135165 -0.196847 
3.429927826 0.343778341917 -1.244256 0.144628 -0.198305 
3.440224886 0.344784288599 -1.215313 0.161214 -0.198385 
3.450101853 0.345734850158 -1.236326 0.163065 -0.199415 
3.459988833 0.346692091891 -1.249626 0.153113 -0.189478 
3.469867945 0.347696873455 -1.22836 0.149585 -0.188687 
3.480187893 0.348746491426 -1.248917 0.143996 -0.188484 
3.490089894 0.349753600976 -1.247828 0.126995 -0.188334 
3.499917031 0.350720627334 -1.269286 0.145189 -0.2097 
3.510236025 0.351723955813 -1.289837 0.147662 -0.199224 
3.520090819 0.352727097634 -1.296172 0.149974 -0.210901 
3.529970885 0.353732811948 -1.281578 0.173891 -0.211291 
3.539876938 0.354741171539 -1.288008 0.169143 -0.220946 
3.550166846 0.355739739932 -1.308559 0.15465 -0.230219 
3.560050965 0.356687964523 -1.293728 0.155279 -0.229607 
3.569895029 0.357660395335 -1.328244 0.148293 -0.229762 
3.580211878 0.358679529489 -1.334811 0.150596 -0.239608 
3.590088845 0.359655210573 -1.333933 0.157889 -0.229081 
3.599967957 0.36067701666 -1.347203 0.164177 -0.24945 
3.609830857 0.36173439678 -1.353238 0.158763 -0.248881 
3.620178938 0.362746945144 -1.374234 0.177579 -0.258741 
3.630046845 0.36371250901 -1.394619 0.162529 -0.278231 
3.639899016 0.364676533126 -1.379788 0.163157 -0.277619 
3.650214911 0.365683661684 -1.400876 0.165286 -0.28783 
3.66008997 0.366653710623 -1.400172 0.165074 -0.27736 
3.66996789 0.367647946885 -1.449387 0.174429 -0.287872 
3.679875851 0.368645206846 -1.463296 0.172471 -0.297531 
3.690177918 0.369682134517 -1.455634 0.176343 -0.296675 
3.700048924 0.370744242597 -1.455187 0.175116 -0.295752 
3.709899903 0.371794844802 -1.454594 0.165995 -0.293843 
3.720212937 0.372836388136 -1.461125 0.177484 -0.304309 
3.730093003 0.373834204771 -1.460835 0.175971 -0.292373 
3.73997283 0.374831997269 -1.495604 0.170662 -0.292289 
3.749815941 0.375744096597 -1.516085 0.179912 -0.302317 
3.760180951 0.376716013154 -1.515542 0.171351 -0.291106 
3.77005601 0.377686060042 -1.500568 0.17836 -0.279545 
3.779897929 0.37865285152 -1.514213 0.168513 -0.289133 
3.790215969 0.379666413321 -1.492465 0.172943 -0.28804 
3.800076962 0.380635078477 -1.505547 0.178839 -0.277871 
3.809973955 0.38161949119 -1.526762 0.181807 -0.287962 
3.820276022 0.382703213973 -1.554321 0.178906 -0.297732 
3.830158949 0.383742845453 -1.525277 0.179254 -0.297002 
3.840049982 0.38478332964 -1.581348 0.168287 -0.297088 
3.849920035 0.385821606843 -1.552527 0.176807 -0.306525 
3.860206843 0.386867550506 -1.558596 0.179173 -0.285587 
3.870112896 0.387841538291 -1.536503 0.176278 -0.304616 
3.879999876 0.388813650771 -1.579036 0.188704 -0.305712 
3.889909029 0.389787943355 -1.585369 0.176623 -0.30508 
3.900207043 0.390800469721 -1.59187 0.194608 -0.325953 
3.91008091 0.391771393366 -1.584208 0.19848 -0.325098 
3.919930935 0.392740394639 -1.604162 0.191951 -0.334984 
3.930254937 0.393756023644 -1.597204 0.196035 -0.344599 
3.940124989 0.394726995084 -1.645807 0.188491 -0.344992 
3.950009823 0.395699420711 -1.610683 0.185631 -0.364403 
3.960310936 0.396720100973 -1.659234 0.194492 -0.354348 
3.970212937 0.397737913325 -1.658611 0.200889 -0.375641 
3.98007083 0.39875119188 -1.65856 0.200328 -0.384941 
3.98990202 0.399761725671 -1.707076 0.201409 -0.395256 
4.000229836 0.400823306931 -1.699247 0.204725 -0.404617 
4.010118008 0.401801162354 -1.712456 0.211459 -0.394328 
4.020017863 0.402757929699 -1.683513 0.196686 -0.401848 
4.02983594 0.403706793643 -1.711776 0.210963 -0.40234 
4.040154934 0.404704068501 -1.710823 0.186619 -0.390072 
4.050087929 0.405664038647 -1.724487 0.215909 -0.400429 
4.059916973 0.406613962492 -1.730897 0.204105 -0.408978 
4.070237875 0.407653746072 -1.730237 0.210665 -0.418096 
4.080157996 0.408654677664 -1.74412 0.209713 -0.416376 
4.090034008 0.409651158696 -1.757181 0.208553 -0.405101 
4.09987402 0.410644007359 -1.728126 0.217804 -0.423473 
4.110188008 0.411683589044 -1.755483 0.199394 -0.411872 
4.12006402 0.412670988287 -1.769152 0.206229 -0.420193 
4.129916907 0.413656075503 -1.761941 0.194243 -0.417738 
4.140272856 0.414691458632 -1.789327 0.215814 -0.407703 
4.150126934 0.415676664923 -1.795868 0.202157 -0.425919 
4.160017014 0.416666960973 -1.766615 0.204803 -0.413444 
4.169865847 0.417660787632 -1.808746 0.217404 -0.433691 
4.180156947 0.418699242597 -1.772451 0.206049 -0.440602 
4.190064907 0.419699035648 -1.828623 0.21132 -0.441499 
4.199908018 0.420692284911 -1.821285 0.198496 -0.439164 
4.210242987 0.421735166613 -1.834879 0.205054 -0.438304 
4.220103026 0.422719441126 -1.855855 0.216814 -0.447058 
4.229980946 0.423698892036 -1.848118 0.203442 -0.45677 
4.239848852 0.424677350002 -1.8906 0.209938 -0.467653 
4.25016594 0.425700346871 -1.875804 0.20138 -0.46642 
4.260073901 0.426690079056 -1.889987 0.208154 -0.476946 
4.269912958 0.427694429579 -1.918417 0.222988 -0.467221 
4.280256033 0.428750229213 -1.882624 0.210729 -0.475541 
4.290093899 0.429754458161 -1.917737 0.222492 -0.475233 
4.299964905 0.430762069971 -1.903103 0.205586 -0.47326 
4.3098979 0.431764664947 -1.923903 0.200831 -0.472022 
4.320195914 0.432764241937 -1.937141 0.216186 -0.470739 
4.330090046 0.433724616111 -1.908604 0.208291 -0.488794 
4.339943886 0.434681079341 -1.958442 0.21125 -0.478013 
4.35024786 0.435681234838 -1.936907 0.206043 -0.506041 
4.360122919 0.436650227328 -1.928661 0.218603 -0.484323 
4.369954825 0.437681563001 -1.964332 0.222683 -0.493498 
4.379818917 0.438716274883 -1.942832 0.210141 -0.481743 
4.390172959 0.439802380962 -1.998974 0.207513 -0.480738 
4.400054932 0.440838968504 -1.977226 0.194978 -0.499394 
4.409901858 0.441846709711 -2.005398 0.208976 -0.519283 
4.420210839 0.44284962283 -2.033681 0.215916 -0.508572 
4.430088997 0.44381062317 -2.019702 0.22465 -0.519417 
4.439986945 0.444773548788 -2.039898 0.218955 -0.528268 
4.44984293 0.44573239202 -2.068673 0.224148 -0.518169 
4.460191965 0.446751961122 -2.067554 0.223387 -0.548325 
4.470051051 0.447779397931 -2.116921 0.208436 -0.537889 
4.479925871 0.448808474415 -2.081786 0.221699 -0.536755 
4.490263939 0.449885826981 -2.131766 0.223647 -0.536438 
4.500124932 0.450913462523 -2.102697 0.208035 -0.544078 
4.509999037 0.451902554911 -2.123739 0.218507 -0.554113 
4.519899845 0.452835701093 -2.116138 0.21476 -0.531958 
4.530191899 0.453805722013 -2.123108 0.226515 -0.52028 
4.540048838 0.454734733564 -2.130258 0.222703 -0.518931 
4.549901009 0.455663295732 -2.101608 0.214694 -0.515629 
4.560205937 0.456647180116 -2.1087 0.218383 -0.513308 
4.570083857 0.457638710412 -2.129145 0.20546 -0.531396 
4.579964877 0.458630551881 -2.107669 0.226566 -0.498626 
4.590320826 0.459670065987 -2.142439 0.204291 -0.51829 
4.600208044 0.460662529601 -2.121166 0.209546 -0.51433 
4.610024929 0.461648235776 -2.135008 0.208875 -0.522707 
4.619910002 0.46264221962 -2.162917 0.214984 -0.542526 
4.63022089 0.463679020876 -2.141761 0.219513 -0.530547 
4.640097857 0.464672189629 -2.183867 0.218005 -0.520002 
4.649971962 0.465665070597 -2.190763 0.212516 -0.518892 
4.659880877 0.466661451851 -2.176975 0.221523 -0.538003 
4.67017603 0.467682605219 -2.218773 0.203503 -0.546961 
4.680008889 0.468657858468 -2.19784 0.216203 -0.54515 
4.689888954 0.469637793754 -2.225141 0.214317 -0.545373 
4.700217963 0.47066225669 -2.225824 0.22981 -0.534502 
4.710072995 0.471639709126 -2.211074 0.222653 -0.553344 
4.719991923 0.472623498964 -2.246217 0.233291 -0.542142 
4.729871989 0.473658163578 -2.232293 0.225502 -0.541164 
4.740185023 0.474743700669 -2.245917 0.225565 -0.529897 
4.750028849 0.475779849512 -2.231891 0.216653 -0.547521 
4.759897948 0.476791835628 -2.217763 0.225436 -0.524835 
4.77023387 0.477789619254 -2.259098 0.208037 -0.522287 
4.780102015 0.478742245782 -2.224302 0.229467 -0.530406 
4.789979935 0.479695815945 -2.266576 0.211549 -0.529394 
4.800305844 0.48069263296 -2.251961 0.243525 -0.548091 
4.810170889 0.481651824338 -2.300756 0.221139 -0.537336 
4.820014954 0.482642905031 -2.300183 0.228819 -0.556432 
4.829890013 0.483637106138 -2.265189 0.226678 -0.553452 
4.840208054 0.484675905782 -2.308137 0.232433 -0.553569 
4.850061894 0.485678099651 -2.300444 0.228407 -0.550811 
4.85994196 0.486756510781 -2.306555 0.206303 -0.579173 
4.869854927 0.487636531541 -2.313343 0.219351 -0.567129 
4.880172968 0.48865724876 -2.327469 0.233626 -0.576683 
4.890014887 0.48964499083 -2.355118 0.226356 -0.574645 
4.89989686 0.49063675275 -2.369112 0.247854 -0.574046 
4.910215855 0.491690580852 -2.347613 0.228091 -0.601939 
4.920086861 0.492763903074 -2.411513 0.228924 -0.612076 
4.929960966 0.493739357292 -2.375353 0.241586 -0.599429 
4.939880848 0.49471933378 -2.39597 0.221157 -0.617574 
4.95014596 0.495733415239 -2.410157 0.227813 -0.605828 
4.960019827 0.496750858967 -2.40252 0.231401 -0.623455 
4.969887019 0.497829409515 -2.409309 0.227482 -0.63116 
4.980209828 0.49882697697 -2.430635 0.238506 -0.630064 
4.990041018 0.499777035737 -2.45877 0.237552 -0.618365 
4.999997855 0.500739236679 -2.444669 0.238108 -0.646706 
5.01026392 0.501730193763 -2.46492 0.232855 -0.623985 
5.020164013 0.502682863297 -2.478924 0.223837 -0.631622 
5.030045033 0.50367181796 -2.478193 0.222779 -0.648935 
5.039866925 0.504655344642 -2.491837 0.23062 -0.645877 
5.050233841 0.505693447943 -2.498581 0.218078 -0.673155 
5.060124874 0.506754657117 -2.504629 0.228503 -0.670524 
5.070015908 0.507850188178 -2.539666 0.223745 -0.687887 
5.079907894 0.508783500977 -2.538291 0.238994 -0.705636 
5.090159893 0.509750781145 -2.55201 0.247112 -0.71176 
5.100077868 0.510686546017 -2.586961 0.241233 -0.719145 
5.109920025 0.511675692326 -2.578847 0.230326 -0.734433 
5.120250941 0.512784472511 -2.606982 0.244487 -0.742147 
5.13013196 0.513757736198 -2.605841 0.227646 -0.758402 
5.139958859 0.514713492769 -2.618847 0.226766 -0.785803 
5.150239945 0.515713423216 -2.632262 0.234497 -0.762305 
5.160135031 0.516693038551 -2.64583 0.234839 -0.789714 
5.170037032 0.517724994016 -2.694877 0.24436 -0.817546 
5.179836989 0.518702286628 -2.686632 0.255069 -0.83499 
5.190198899 0.519732713677 -2.699364 0.245456 -0.861524 
5.200115919 0.520718899201 -2.720136 0.256823 -0.86832 
5.209976912 0.521697176591 -2.783139 0.240927 -0.886574 
5.220278025 0.522706066718 -2.760324 0.24576 -0.891167 
5.230147839 0.523676190879 -2.781027 0.248788 -0.899054 
5.239992857 0.524651301261 -2.836808 0.246053 -0.907103 
5.249902964 0.525632858453 -2.857293 0.247963 -0.934508 
5.260262013 0.526661168128 -2.842049 0.248644 -0.959355 
5.270128966 0.527646054818 -2.891015 0.26595 -0.967733 
5.279975891 0.528630215174 -2.875259 0.26597 -0.983271 
5.290293932 0.529662087592 -2.902268 0.273038 -0.99856 
5.300178051 0.530650564937 -2.922494 0.266939 -1.003622 
5.310072899 0.531638293133 -2.963641 0.257043 -1.029598 
5.319932938 0.532617585132 -2.976001 0.263447 -1.044641 
5.330256939 0.53365266166 -2.954328 0.268877 -1.059832 
5.340144873 0.534646742579 -2.995936 0.275326 -1.077564 
5.349997998 0.535637323984 -3.031454 0.284944 -1.074995 
5.360316992 0.536679951288 -3.023184 0.264577 -1.081396 
5.370163918 0.537693927025 -3.001049 0.269907 -1.077978 
5.380017042 0.538677779508 -3.023185 0.297262 -1.065892 
5.389878989 0.539661700918 -3.016061 0.26943 -1.093164 
5.400275946 0.540699000001 -3.022611 0.264558 -1.079632 
5.410145998 0.541719573474 -3.022839 0.255645 -1.087278 
5.419994831 0.542830362265 -3.029287 0.27564 -1.085394 
5.430279971 0.543830296248 -3.029159 0.275524 -1.092617 
5.440153838 0.544790245764 -3.085873 0.280332 -1.09193 
5.450075865 0.545754877454 -3.085528 0.263982 -1.099257 
5.459899903 0.546710022214 -3.100314 0.271698 -1.099694 
5.470224858 0.547713989652 -3.135239 0.281218 -1.10801 
5.480068922 0.548710446365 -3.121345 0.282049 -1.116037 
5.489989043 0.549717060137 -3.134193 0.288676 -1.114803 
5.500310898 0.55076443863 -3.17025 0.282835 -1.113508 
5.510171891 0.551748941317 -3.20477 0.26851 -1.131039 
5.520069838 0.552711280766 -3.196692 0.279775 -1.138266 
5.529894829 0.553701946333 -3.196884 0.280048 -1.146532 
5.540177822 0.554745357867 -3.232291 0.281609 -1.15515 
5.550128937 0.555755093861 -3.238466 0.292873 -1.1524 
5.559974909 0.556725260201 -3.245174 0.279772 -1.1604 
5.569813013 0.557660003525 -3.273923 0.295717 -1.158821 
5.580119849 0.558671548862 -3.295097 0.289942 -1.166215 
5.590040923 0.559651299753 -3.309415 0.289374 -1.164622 
5.599863053 0.560621279478 -3.287301 0.2704 -1.16975 
5.610193968 0.561652732604 -3.3229 0.2892 -1.166885 
5.62010789 0.562756071001 -3.301237 0.285727 -1.162974 
5.629937888 0.563724582939 -3.315028 0.284496 -1.180652 
5.639863968 0.564702561467 -3.32956 0.276141 -1.169018 
5.650137902 0.565714812713 -3.33684 0.287442 -1.157587 
5.660035849 0.566683737784 -3.358507 0.274552 -1.166079 
5.670323849 0.567673349173 -3.343466 0.282848 -1.153237 
5.680219889 0.568672561804 -3.336882 0.302879 -1.151735 
5.690081835 0.569668663616 -3.365238 0.26911 -1.160018 
5.699941874 0.570664572813 -3.386919 0.271337 -1.159344 
5.710248947 0.571740113368 -3.393003 0.267205 -1.156578 
5.720120907 0.572817108787 -3.386126 0.285842 -1.165412 
5.730029822 0.573810539804 -3.386364 0.277771 -1.173854 
5.739852906 0.574795365723 -3.400561 0.285269 -1.162904 
5.750207901 0.575833519064 -3.400505 0.277654 -1.142519 
5.760084868 0.576780528911 -3.429615 0.27674 -1.151635 
5.769947052 0.577699776504 -3.430171 0.291394 -1.140885 
5.780243874 0.57871395024 -3.429634 0.274773 -1.139947 
5.790143013 0.579688954642 -3.458668 0.273581 -1.139881 
5.799989939 0.580658816384 -3.473707 0.288343 -1.139593 
5.809872866 0.581632224004 -3.473727 0.281005 -1.12839 
5.820125819 0.582642076913 -3.467033 0.292979 -1.138076 
5.830077887 0.583677795554 -3.439022 0.302715 -1.117111 
5.839928866 0.584709091111 -3.488871 0.279804 -1.106977 
5.850198984 0.585784266184 -3.460901 0.272292 -1.095664 
5.860048056 0.586815362098 -3.461332 0.280738 -1.085518 
5.869968891 0.587843313993 -3.483419 0.274728 -1.075966 
5.879833937 0.588812818357 -3.469976 0.275946 -1.055541 
5.890111924 0.589822905208 -3.498727 0.274203 -1.066608 
5.899987936 0.590793487275 -3.492176 0.270051 -1.067345 
5.909914017 0.591768989959 -3.492647 0.278215 -1.047102 
5.920169831 0.59277689772 -3.528572 0.28862 -1.048449 
5.930074931 0.593752377881 -3.507822 0.284913 -1.027592 
5.939978838 0.594728077679 -3.508077 0.259878 -1.027203 
5.949877978 0.595703307847 -3.501763 0.264621 -1.016632 
5.96012187 0.59671250183 -3.502067 0.272229 -1.006606 
5.970041991 0.597689798977 -3.509282 0.267129 -1.006538 
5.979928971 0.598703981525 -3.495748 0.268068 -1.005512 
5.990167857 0.599761252935 -3.510507 0.276789 -0.99457 
6.000121832 0.600789104324 -3.518093 0.263616 -0.973449 
6.010012865 0.601810456296 -3.525683 0.252127 -0.982499 
6.019846917 0.602802710979 -3.490319 0.26528 -0.960925 
6.030167818 0.603796934316 -3.533789 0.262795 -0.951247 
6.040050984 0.604748990177 -3.498684 0.259818 -0.919808 
6.049882889 0.605696108011 -3.513369 0.251296 -0.919433 
6.060197831 0.606689757311 -3.513216 0.251463 -0.908174 
6.070057869 0.607639585227 -3.527591 0.25851 -0.926966 
6.079985857 0.608630027413 -3.52799 0.259057 -0.914918 
6.089831829 0.609625606836 -3.535068 0.262022 -0.934073 
6.100121975 0.610666099093 -3.527736 0.258103 -0.922261 
6.11003995 0.611668959128 -3.541765 0.265045 -0.921528 
6.119886875 0.612664634915 -3.592101 0.258195 -0.921633 
6.130223036 0.613696695081 -3.599433 0.253091 -0.92065 
6.140111924 0.614681826281 -3.572066 0.246519 -0.899247 
6.149966002 0.615663489708 -3.586639 0.246906 -0.890312 
6.159852982 0.616648430832 -3.579569 0.250876 -0.878571 
6.170155049 0.617674722931 -3.566066 0.259713 -0.879446 
6.180100918 0.618675186462 -3.602011 0.262781 -0.86959 
6.189930916 0.619665189638 -3.588031 0.262492 -0.867641 
6.20023799 0.620703240305 -3.58118 0.250614 -0.856132 
6.210142851 0.621700783117 -3.602385 0.252738 -0.865427 
6.219995976 0.622693115469 -3.61032 0.248575 -0.854355 
6.230348826 0.623733428724 -3.624562 0.24773 -0.843581 
6.24021101 0.624718789883 -3.6183 0.236068 -0.843458 
6.250051976 0.625702031086 -3.590269 0.253141 -0.833695 
6.259906054 0.62668658235 -3.604999 0.253242 -0.813747 
6.270205021 0.627715961082 -3.598737 0.24158 -0.813625 
6.280112982 0.628720492763 -3.585248 0.251141 -0.793024 
6.289968014 0.629719658167 -3.614085 0.240772 -0.79417 
6.299844981 0.63072104748 -3.628668 0.247372 -0.785545 
6.310168982 0.631767759924 -3.600785 0.24098 -0.784209 
6.320049048 0.632769463433 -3.615271 0.255362 -0.784709 
6.329931975 0.633737942111 -3.615869 0.247398 -0.784096 
6.340334893 0.634753224191 -3.602239 0.231258 -0.752883 
6.350086928 0.635704982762 -3.623971 0.243791 -0.762807 
6.35996604 0.636669143527 -3.624289 0.235157 -0.751054 
6.370311976 0.637678864397 -3.666761 0.240809 -0.761141 
6.38014102 0.638694681793 -3.638441 0.234033 -0.759678 
6.390038014 0.639729016074 -3.639033 0.23413 -0.748793 
6.399927855 0.640762602795 -3.653859 0.241564 -0.739132 
6.410233021 0.641839595108 -3.653899 0.242004 -0.736139 
6.420058012 0.642858779904 -3.66805 0.24088 -0.744763 
6.42995596 0.643822417767 -3.654506 0.22586 -0.723527 
6.439856053 0.644786264462 -3.640804 0.243208 -0.712968 
6.450177908 0.645791172782 -3.670051 0.23423 -0.702862 
6.460057974 0.646753069701 -3.656081 0.234783 -0.701708 
6.469905854 0.647711833077 -3.65678 0.243057 -0.701906 
6.480209828 0.648779786542 -3.685318 0.224962 -0.690806 
6.490123988 0.649814871423 -3.650035 0.230331 -0.688686 
6.49997902 0.650843783063 -3.685504 0.233296 -0.688799 
6.509841919 0.651873516055 -3.700228 0.239608 -0.697741 
6.520184994 0.652946447941 -3.728593 0.238763 -0.706483 
6.530061007 0.653880122631 -3.721336 0.235121 -0.703853 
6.539896012 0.65480992044 -3.749933 0.250511 -0.683911 
6.550243855 0.655788201768 -3.729265 0.239019 -0.682508 
6.560114861 0.656721403099 -3.73651 0.242541 -0.691446 
6.569977999 0.657653860592 -3.758141 0.229091 -0.68066 
6.579835892 0.65863326054 -3.736905 0.234183 -0.688875 
6.590184927 0.659664050359 -3.786976 0.236411 -0.66916 
6.600055933 0.660647227292 -3.7517 0.233718 -0.677312 
6.609894991 0.661627222125 -3.758985 0.236957 -0.676153 
6.620234013 0.662657014624 -3.766444 0.232692 -0.67505 
6.630102873 0.663648508948 -3.766565 0.241592 -0.664658 
6.639977932 0.664641361688 -3.760079 0.236874 -0.67378 
6.64989996 0.66563893676 -3.767608 0.225832 -0.652174 
6.660171986 0.666671701138 -3.753318 0.225997 -0.649977 
6.670105934 0.667670474664 -3.782306 0.233149 -0.649736 
6.679932833 0.668649005486 -3.775405 0.220709 -0.647528 
6.690254927 0.669672917582 -3.783021 0.22518 -0.648208 
6.700135947 0.670653076829 -3.80417 0.21969 -0.63712 
6.710010052 0.671632550136 -3.797805 0.223872 -0.63585 
6.719907999 0.672614388477 -3.812155 0.231203 -0.636159 
6.73022604 0.67363789853 -3.777066 0.221008 -0.615788 
6.740103007 0.674661510648 -3.785032 0.224743 -0.606617 
6.749917031 0.675694102555 -3.771741 0.225793 -0.597452 
6.760238886 0.676780126387 -3.758081 0.210778 -0.577132 
6.770099879 0.677816212514 -3.772953 0.209868 -0.567647 
6.779985905 0.678771113911 -3.7735 0.201343 -0.576335 
6.789878846 0.679726683236 -3.773571 0.209682 -0.575244 
6.800195933 0.680723221257 -3.780663 0.213371 -0.572923 
6.810063839 0.681676372425 -3.779952 0.204976 -0.579033 
6.819869042 0.682623467046 -3.843799 0.222936 -0.585826 
6.830199004 0.683655911155 -3.814773 0.231784 -0.600409 
6.840075016 0.684650857104 -3.856899 0.221087 -0.617823 
6.849961996 0.685646908009 -3.892595 0.215139 -0.625582 
6.859802008 0.686638227185 -3.871252 0.212055 -0.622714 
6.870167017 0.687776821111 -3.907679 0.207163 -0.61316 
6.880085945 0.688691555162 -3.901163 0.210791 -0.593528 
6.889926911 0.689636917543 -3.866404 0.216943 -0.594408 
6.900243998 0.690666544124 -3.895601 0.206682 -0.586499 
6.91008997 0.691649154282 -3.860527 0.221349 -0.576861 
6.919994831 0.692637641456 -3.868077 0.217362 -0.55636 
6.929919958 0.693735265412 -3.832993 0.214221 -0.565674 
6.940220833 0.694755415995 -3.833236 0.215054 -0.564639 
6.950099945 0.69573379714 -3.861738 0.206146 -0.554159 
6.95992899 0.696707219882 -3.890447 0.195661 -0.562528 
6.970242977 0.69773770356 -3.889953 0.203499 -0.568533 
6.98010087 0.698833711234 -3.932317 0.201697 -0.57464 
6.989995957 0.699806067919 -3.938439 0.213122 -0.588294 
6.999917984 0.700771524457 -3.980539 0.218546 -0.613742 
7.01018405 0.701770457491 -4.000444 0.221804 -0.63766 
7.020045996 0.702730067885 -4.03553 0.223698 -0.65234 
7.029917002 0.70366672948 -4.077746 0.229118 -0.676873 
7.040222884 0.704677780541 -4.084128 0.224412 -0.680661 
7.050128937 0.705666931396 -4.133306 0.217686 -0.705852 
7.059942007 0.706646797603 -4.153956 0.220874 -0.730143 
7.069854975 0.707669415308 -4.189256 0.214981 -0.734782 
7.080163956 0.708835596864 -4.230839 0.220585 -0.780298 
7.090044976 0.709794230141 -4.223539 0.240283 -0.774633 
7.099891901 0.710733217008 -4.294471 0.237308 -0.784337 
7.110219956 0.711718083654 -4.26574 0.246829 -0.78148 
7.120092869 0.71268364299 -4.252012 0.248217 -0.779291 
7.129966021 0.713736030994 -4.274079 0.235152 -0.768632 
7.140257836 0.71476802358 -4.267289 0.239793 -0.768031 
7.150123835 0.715720986196 -4.253056 0.232457 -0.766806 
7.160022021 0.716677057772 -4.26055 0.219005 -0.765083 
7.169873953 0.717628661648 -4.281688 0.222417 -0.773097 
7.180202961 0.718708354051 -4.267859 0.239649 -0.769761 
7.190079928 0.719713172786 -4.274515 0.242953 -0.767313 
7.199975968 0.720704052599 -4.295963 0.245911 -0.775574 
7.210325003 0.721740290313 -4.310311 0.253964 -0.782987 
7.220166922 0.722725751049 -4.324189 0.244107 -0.790743 
7.230010987 0.723689947581 -4.345799 0.238717 -0.798264 
7.23990798 0.724657045095 -4.366908 0.233508 -0.797272 
7.250187874 0.725666702307 -4.374326 0.229524 -0.806267 
7.260095835 0.7266401054 -4.395591 0.224029 -0.794262 
7.269955874 0.727608800418 -4.396219 0.224686 -0.802655 
7.280271054 0.728635055722 -4.395969 0.232636 -0.800522 
7.290140868 0.729615091547 -4.424977 0.232451 -0.789078 
7.300061941 0.730594086376 -4.410135 0.232236 -0.78767 
7.309877873 0.731562706068 -4.396748 0.241068 -0.78763 
7.320232869 0.73258451969 -4.397266 0.223923 -0.787312 
7.33008194 0.733484286958 -4.348628 0.230908 -0.767641 
7.339969874 0.734298936058 -4.299869 0.213877 -0.738949 
7.350270033 0.735035904356 -4.215318 0.210578 -0.711624 
7.360168934 0.735744162959 -4.160085 0.205917 -0.665997 
7.370044947 0.736450783944 -4.091248 0.203601 -0.640334 
7.379891873 0.736971664495 -4.021462 0.200239 -0.605235 
