0.0 0.095822832053 -0.095811 -0.021257 0.004402 
0.009886026 0.0973297274576 -0.118432 -0.041886 -0.016695 
0.020194053 0.0989005257794 -0.096958 -0.028723 -0.016468 
0.03007698 0.100406544841 -0.118543 -0.039199 -0.005992 
0.039957046 0.101912127926 -0.111987 -0.04251 -0.036104 
0.04986906 0.103422457013 -0.097576 -0.039649 -0.025037 
0.06015706 0.104915795847 -0.097627 -0.039087 -0.015736 
0.070041179 0.106350509956 -0.105881 -0.042862 -0.005706 
0.079883098 0.107779098589 -0.113147 -0.020688 0.003513 
0.090165138 0.109271572309 -0.099268 -0.027076 -0.015583 
0.100078106 0.11071047395 -0.099953 -0.03392 -0.024947 
0.109955072 0.112223625282 -0.100556 -0.032979 -0.014858 
0.120254993 0.113813816297 -0.079037 -0.043554 -0.014792 
0.13015604 0.115342425689 -0.093422 -0.050779 -0.014967 
0.140087127 0.116875672916 -0.093772 -0.04177 -0.025015 
0.149899006 0.11839051578 -0.079945 -0.047596 -0.03481 
0.160224199 0.119938006338 -0.087459 -0.042396 -0.01493 
0.170086145 0.121415228859 -0.094806 -0.037753 -0.005266 
0.179980993 0.122897379775 -0.066835 -0.03552 -0.013851 
0.190276146 0.124439492444 -0.067764 -0.042252 -0.015077 
0.200183153 0.125923464659 -0.081237 -0.049964 -0.025095 
0.210046053 0.127385919899 -0.075359 -0.044836 -0.014651 
0.219900131 0.128846949796 -0.075755 -0.04417 -0.024875 
0.230211019 0.130375709324 -0.111559 -0.057058 -0.024305 
0.240092039 0.131840733817 -0.054955 -0.053809 -0.013804 
0.249965191 0.13330459175 -0.062079 -0.047591 -0.013871 
0.260291099 0.134853492282 -0.07012 -0.043579 -0.013882 
0.270174026 0.136337676253 -0.042074 -0.041623 -0.013286 
0.280045986 0.137820213238 -0.071226 -0.033796 -0.0251 
0.289867162 0.139295123657 -0.085581 -0.034527 -0.035682 
0.300208091 0.140848088792 -0.056916 -0.031663 -0.034592 
0.310093164 0.142310707196 -0.085464 -0.048915 -0.024288 
0.319980144 0.143772162889 -0.070729 -0.040954 -0.033963 
0.330285072 0.145295398061 -0.070885 -0.041241 -0.022951 
0.34013009 0.146750651091 -0.063573 -0.043474 -0.012731 
0.350038051 0.148215208115 -0.063487 -0.034849 -0.022652 
0.359855175 0.149684866067 -0.042328 -0.030201 -0.032945 
0.370207071 0.151238545822 -0.077837 -0.027518 -0.022962 
0.38010621 0.152724272868 -0.071407 -0.02277 -0.013306 
0.389964103 0.154203809446 -0.042621 -0.028807 -0.022609 
0.399840116 0.155686065592 -0.035568 -0.032055 -0.021937 
0.41012907 0.157237063414 -0.029666 -0.033864 -0.032658 
0.42002201 0.158728882642 -0.044462 -0.025306 -0.033891 
0.430317163 0.16028135412 -0.080154 -0.029285 -0.024759 
0.44018507 0.161769398463 -0.052544 -0.026945 -0.024291 
0.450103044 0.163264992726 -0.095295 -0.020622 -0.045517 
0.459941148 0.164757075114 -0.06056 -0.012903 -0.025718 
0.47028017 0.166326485545 -0.046576 -0.013073 -0.04604 
0.48004198 0.167808278159 -0.053203 -0.02376 -0.035071 
0.489982128 0.169317141565 -0.03247 -0.024941 -0.045181 
0.499878168 0.170819309603 -0.081214 -0.02375 -0.075936 
0.510184049 0.172346906571 -0.039376 -0.019841 -0.064765 
0.520078182 0.173810386757 -0.025082 -0.019557 -0.08484 
0.529929161 0.175267483864 -0.067548 -0.020958 -0.065242 
0.539868116 0.176737593848 -0.068334 -0.011564 -0.075417 
0.550118208 0.178253725332 -0.075301 0.00031 -0.086011 
0.559998989 0.179736917702 -0.033381 0.004782 -0.095034 
0.569869995 0.181220170601 -0.054482 -0.018957 -0.105892 
0.580173015 0.182768339479 -0.054608 -0.018119 -0.105772 
0.590054035 0.184253097117 -0.027485 -0.014834 -0.09613 
0.599959135 0.185741473103 -0.048418 -0.012419 -0.117353 
0.610249042 0.187282447556 -0.013506 -0.006099 -0.106975 
0.620099067 0.188757112879 -0.048853 -0.012034 -0.117481 
0.629981041 0.190236561346 -0.070292 -0.016011 -0.118327 
0.639893055 0.191720507157 -0.034504 -0.019365 -0.117171 
0.650151014 0.193256245028 -0.041471 -0.007491 -0.127765 
0.660052061 0.194752656332 -0.042322 -0.023524 -0.107014 
0.669895172 0.196243071566 -0.042363 -0.023805 -0.096917 
0.6802001 0.197803413787 -0.034666 -0.027713 -0.116431 
0.690081119 0.199299568941 -0.049208 -0.035225 -0.105594 
0.699963092 0.200795868546 -0.055597 -0.022725 -0.105597 
0.709897995 0.202315495688 -0.04223 -0.02123 -0.094354 
0.72016406 0.203888052361 -0.056047 -0.021617 -0.084248 
0.73003602 0.205400239998 -0.062776 -0.033031 -0.09384 
0.739909172 0.206912610226 -0.034507 -0.024132 -0.102489 
0.750222206 0.208488650169 -0.055378 -0.02127 -0.093056 
0.760097026 0.209940492756 -0.048928 -0.040544 -0.102044 
0.769962072 0.211390898323 -0.033057 -0.024275 -0.091645 
0.780296087 0.212910253924 -0.075189 -0.026789 -0.092479 
0.790143013 0.214357995403 -0.017901 -0.03294 -0.099467 
0.800046205 0.215814009375 -0.06706 -0.031199 -0.089594 
0.809900999 0.21727851424 -0.074391 -0.019337 -0.068862 
0.820229053 0.218815538029 -0.073352 -0.020662 -0.078824 
0.830100059 0.220284543812 -0.058403 -0.029053 -0.066333 
0.839954137 0.221751030364 -0.064123 -0.042918 -0.074994 
0.850278139 0.223287486448 -0.099466 -0.040791 -0.075227 
0.860156059 0.224764488318 -0.071267 -0.038668 -0.063372 
0.870010137 0.2262379252 -0.069746 -0.032034 -0.073032 
0.879852056 0.227709543999 -0.1192 -0.045865 -0.072572 
0.890191078 0.229255492421 -0.090073 -0.03701 -0.059491 
0.900060176 0.230731175177 -0.125055 -0.034991 -0.068779 
0.90994215 0.232246276344 -0.10321 -0.037893 -0.057398 
0.920257091 0.233837473716 -0.102368 -0.030041 -0.066149 
0.930150032 0.235363572772 -0.115597 -0.04761 -0.064407 
0.93998599 0.23688088155 -0.107621 -0.052189 -0.072781 
0.949917078 0.238412865215 -0.15673 -0.051009 -0.07221 
0.960216999 0.239924302091 -0.127659 -0.049655 -0.060101 
0.970034122 0.241359821197 -0.134566 -0.054301 -0.059786 
0.979916095 0.242804823062 -0.155314 -0.059616 -0.067849 
0.990240097 0.244314461082 -0.139954 -0.042686 -0.066759 
1.000117063 0.245758730793 -0.168284 -0.044089 -0.056223 
1.009991169 0.247224453697 -0.160611 -0.04106 -0.054571 
1.019895076 0.24869967537 -0.174545 -0.041451 -0.04355 
1.03020811 0.250235837943 -0.188184 -0.043237 -0.042866 
1.040090084 0.251707792618 -0.208644 -0.041043 -0.051788 
1.049937009 0.253174526622 -0.207934 -0.05016 -0.050794 
1.060233116 0.254717568766 -0.201058 -0.046639 -0.040215 
1.070116043 0.256201312775 -0.193396 -0.042767 -0.03936 
1.079945087 0.257676967219 -0.236161 -0.045465 -0.019212 
1.090287208 0.259229650961 -0.228549 -0.025916 -0.028468 
1.100166082 0.260712786484 -0.228149 -0.035487 -0.027721 
1.110048055 0.262208705922 -0.235532 -0.04003 -0.017437 
1.119896173 0.263703538533 -0.227936 -0.037445 -0.017863 
1.130220174 0.265270604786 -0.263319 -0.0356 -0.007999 
1.140094041 0.266769345803 -0.248665 -0.045169 -0.01723 
1.149975061 0.268269172564 -0.255231 -0.025899 -0.007327 
1.160288095 0.269792065818 -0.269236 -0.03564 -0.00786 
1.170208215 0.271255980954 -0.247697 -0.023762 -0.03841 
1.180055141 0.272709094829 -0.28991 -0.026839 -0.019051 
1.189896106 0.274161329038 -0.254709 -0.01301 -0.009532 
1.200196027 0.275681291524 -0.282558 -0.024143 -0.011339 
1.210069179 0.277177448486 -0.247307 -0.010875 -0.01112 
1.219938039 0.278681210995 -0.253803 -0.016911 -0.022058 
1.230281114 0.280257231772 -0.282301 -0.020331 -0.033363 
1.240147113 0.281760558337 -0.282488 -0.012718 -0.024253 
1.250022173 0.283265265567 -0.267718 -0.005316 -0.01465 
1.259852171 0.284815279223 -0.28257 0.001111 -0.016368 
1.270188093 0.286450935836 -0.268651 0.01662 -0.018223 
1.280063152 0.288013661015 -0.282839 0.005587 -0.019123 
1.289929151 0.289496909326 -0.297428 0.004126 -0.02077 
1.300289154 0.290820415799 -0.276496 0.016104 -0.011855 
1.310159206 0.292296711719 -0.269591 0.003783 -0.031919 
1.320023059 0.293771210938 -0.283825 0.001373 -0.013245 
1.329840183 0.295225847666 -0.305294 0.010665 -0.015508 
1.340221166 0.296764033303 -0.27733 0.009484 -0.026777 
1.350092172 0.298226653911 -0.283871 0.029037 0.001609 
1.359924078 0.299754256954 -0.312815 0.026845 -0.01062 
1.370247125 0.301351065027 -0.305326 0.037605 -0.02213 
1.380169153 0.302868270898 -0.305864 0.027515 -0.022918 
1.390012025 0.304373372797 -0.326781 0.022034 -0.013661 
1.399870157 0.305880808147 -0.312715 0.029649 -0.014529 
1.410205125 0.30750484385 -0.305992 0.033002 -0.015209 
1.420075178 0.308965624999 -0.2983 0.028253 -0.005348 
1.429938078 0.310397358786 -0.326553 0.026573 0.014369 
1.440260172 0.311895750814 -0.312549 0.03374 -0.017156 
1.450107097 0.313327390792 -0.333857 0.02002 -0.027599 
1.460025072 0.314838050722 -0.348627 0.034233 -0.009863 
1.469835043 0.316288153764 -0.327219 0.046108 -0.010918 
1.480209112 0.317801093752 -0.299073 0.031104 -0.002408 
1.490075111 0.319239937508 -0.284967 0.039 -0.013373 
1.499972105 0.320683301533 -0.320984 0.032719 -0.015071 
1.510255098 0.322265217546 -0.315133 0.036841 -0.016006 
1.520133018 0.323768413366 -0.315884 0.043103 -0.038961 
1.530029058 0.325243744237 -0.316975 0.059382 -0.032007 
1.539863109 0.326709833605 -0.297038 0.047097 -0.052453 
1.550209999 0.328252378525 -0.346872 0.040429 -0.044046 
1.560085058 0.329871526228 -0.326422 0.054193 -0.055332 
1.569944143 0.331397839459 -0.333648 0.065052 -0.075473 
1.580244064 0.332922422944 -0.33346 0.047694 -0.064685 
1.590114116 0.334383377671 -0.340716 0.042313 -0.05452 
1.600013017 0.335848602597 -0.340493 0.043887 -0.064251 
1.609822034 0.337223015949 -0.368939 0.042479 -0.0528 
1.620174169 0.338714393425 -0.374952 0.030009 -0.051125 
1.63004899 0.340190752309 -0.3611 0.039582 -0.061851 
1.639901161 0.34166372485 -0.381828 0.041603 -0.081116 
1.65021801 0.343206170194 -0.389469 0.047642 -0.061116 
1.660140991 0.344772785282 -0.396132 0.042162 -0.061837 
1.670017004 0.346300154074 -0.396538 0.043671 -0.072857 
1.679879188 0.347781118644 -0.453056 0.033932 -0.073866 
1.690205097 0.349331718936 -0.439239 0.044064 -0.10387 
1.700086116 0.350815511883 -0.431887 0.056505 -0.116056 
1.709916114 0.352190270132 -0.446197 0.039258 -0.087151 
1.720302105 0.353678745308 -0.388493 0.041629 -0.055956 
1.730132103 0.355161998526 -0.429505 0.04345 -0.114434 
1.740002155 0.356651295512 -0.449925 0.04308 -0.193485 
1.749881982 0.358142067452 -0.500798 0.057228 -0.214913 
1.761869192 0.359941592858 -0.511177 0.062154 -0.197443 
1.770079136 0.361183995487 -0.541434 0.060274 -0.180678 
1.779921054 0.362685512181 -0.550068 0.078778 -0.182113 
1.790251016 0.364261486539 -0.628725 0.071485 -0.223329 
1.800116062 0.365766531721 -0.636563 0.084127 -0.234177 
1.809957027 0.367212353239 -0.673645 0.103026 -0.276603 
1.819882154 0.368674198125 -0.739092 0.110612 -0.300769 
1.830238104 0.370216645337 -0.804722 0.112259 -0.332891 
1.840073108 0.371681501242 -0.820172 0.120468 -0.353895 
1.84991002 0.37314664133 -0.863019 0.119009 -0.365996 
1.860239029 0.374676901686 -0.878217 0.118321 -0.426887 
1.870105028 0.37616829938 -0.949403 0.131416 -0.44866 
1.87996006 0.377697380304 -0.985132 0.125424 -0.490866 
1.889900207 0.379239667448 -1.014167 0.148371 -0.523008 
1.900146007 0.38082937891 -1.092747 0.140801 -0.555043 
1.910060167 0.382254200117 -1.094025 0.148448 -0.565831 
1.919884205 0.383688532063 -1.144331 0.157117 -0.589139 
1.930164098 0.385215460305 -1.187584 0.162537 -0.611774 
1.940064191 0.386685974792 -1.245938 0.167157 -0.645365 
1.949944019 0.38815347921 -1.295276 0.167724 -0.65813 
1.960231065 0.389679803052 -1.30348 0.187527 -0.689609 
1.970144033 0.391157404011 -1.32454 0.181036 -0.690815 
1.980005026 0.392635782215 -1.388516 0.181424 -0.70303 
1.989836216 0.394109692299 -1.403064 0.195359 -0.734187 
2.000160217 0.395657485514 -1.445627 0.215685 -0.737185 
2.010022163 0.397226858429 -1.509604 0.216073 -0.7494 
2.019913196 0.398746336214 -1.544557 0.223865 -0.761991 
2.030206203 0.400252083509 -1.544714 0.247718 -0.783187 
2.04007101 0.401695190121 -1.594797 0.248215 -0.796326 
2.04997921 0.403144644624 -1.67237 0.237473 -0.820326 
2.059834003 0.404795600695 -1.67239 0.244529 -0.821433 
2.070159196 0.406464991117 -1.686076 0.265759 -0.813483 
2.080034017 0.407961651618 -1.749643 0.255012 -0.817052 
2.089887142 0.409455023803 -1.763501 0.268737 -0.809159 
2.100197076 0.411017631468 -1.769886 0.27698 -0.811049 
2.110074043 0.412307466429 -1.776128 0.303201 -0.782727 
2.119976997 0.413696113707 -1.796766 0.294476 -0.794388 
2.129841089 0.415199860491 -1.845354 0.293429 -0.776609 
2.140153169 0.4167719015 -1.801631 0.284492 -0.766627 
2.150029182 0.418277465599 -1.843808 0.295971 -0.747402 
2.159884214 0.419835418783 -1.864 0.297615 -0.738877 
2.170201063 0.421409111504 -1.891935 0.292973 -0.750175 
2.180077076 0.422871408499 -1.891261 0.300659 -0.741606 
2.189946174 0.424332681622 -1.883747 0.326819 -0.754047 
2.199833154 0.425796602452 -1.91949 0.343165 -0.747438 
2.210144996 0.427381387632 -1.955436 0.34366 -0.76964 
2.220029115 0.428876122857 -1.976484 0.353291 -0.750301 
2.229860067 0.430335493749 -1.962007 0.362088 -0.730362 
2.240199089 0.431870285879 -1.968599 0.354362 -0.738791 
2.250066995 0.433335142464 -1.980861 0.343084 -0.738816 
2.25992918 0.434799149787 -1.994079 0.341638 -0.716529 
2.269818067 0.436272367555 -1.992801 0.339361 -0.705255 
2.280132055 0.437814645185 -1.970595 0.358687 -0.682693 
2.290005207 0.439291003453 -1.997737 0.370401 -0.660898 
2.29985404 0.440763725237 -2.0604 0.346338 -0.669899 
2.310142994 0.442302259467 -2.029975 0.354883 -0.657233 
2.320020198 0.443768927967 -2.014813 0.345256 -0.641987 
2.329885006 0.445225612396 -2.055124 0.341649 -0.640235 
2.340265035 0.446758376807 -2.026134 0.340589 -0.647094 
2.350114107 0.448212737584 -2.066912 0.336242 -0.634577 
2.359951019 0.449665302757 -2.045324 0.340267 -0.600199 
2.369807005 0.451132467684 -2.02328 0.351246 -0.576897 
2.380127191 0.45268604241 -2.028401 0.338172 -0.534215 
2.390081167 0.454184488807 -2.006571 0.324398 -0.520621 
2.399906158 0.455663518129 -2.005585 0.314491 -0.486216 
2.410237074 0.457218708122 -1.961237 0.315247 -0.472571 
2.420037984 0.458694509375 -1.967052 0.301542 -0.439563 
2.429952144 0.460187635993 -1.951151 0.292947 -0.447011 
2.439859151 0.461679685331 -1.921663 0.291949 -0.423086 
2.450125217 0.463225810914 -1.969044 0.291593 -0.393427 
2.460000991 0.464713156391 -1.989641 0.285723 -0.383127 
2.469813108 0.466197870571 -1.974398 0.275937 -0.380972 
2.480165004 0.4677751206 -1.973085 0.282846 -0.370318 
2.490059137 0.469282624305 -1.936855 0.279948 -0.39841 
2.499885082 0.470779738653 -1.991325 0.266434 -0.40845 
2.509823084 0.472293926387 -2.018321 0.272056 -0.438111 
2.520160198 0.473844272567 -2.059281 0.276162 -0.445858 
2.530059099 0.475309713841 -2.079168 0.27092 -0.454463 
2.539920091 0.476769543036 -2.078549 0.277198 -0.453484 
2.55016613 0.478286374899 -2.112228 0.277224 -0.433015 
2.560070037 0.479752557265 -2.076758 0.27498 -0.440005 
2.569939136 0.481222771909 -2.060608 0.273613 -0.438215 
2.580280065 0.482772066511 -2.038115 0.278113 -0.436748 
2.590116024 0.484245705696 -2.058874 0.263895 -0.425708 
2.59999299 0.485725488616 -2.099917 0.249749 -0.425907 
2.609851122 0.487202449795 -2.071222 0.259107 -0.435224 
2.620213985 0.488756723256 -2.120504 0.267175 -0.447018 
2.630024194 0.490229520008 -2.140979 0.269371 -0.427361 
2.639961004 0.49172132324 -2.146896 0.279077 -0.447121 
2.649819135 0.493201314473 -2.188293 0.282845 -0.447892 
2.660087108 0.494742834871 -2.209235 0.27708 -0.457116 
2.66994214 0.49622527137 -2.215664 0.294668 -0.446537 
2.679846048 0.497719566087 -2.236854 0.27193 -0.445101 
2.690212011 0.49928357534 -2.236407 0.270702 -0.444178 
2.699972152 0.500756178592 -2.214426 0.266119 -0.43212 
2.709859132 0.502247919224 -2.199584 0.265904 -0.430712 
2.719828128 0.503763355938 -2.220181 0.260034 -0.420412 
2.730132103 0.50534749344 -2.254204 0.277131 -0.399719 
2.739953041 0.506857368628 -2.225022 0.285544 -0.41821 
2.74980402 0.508371862332 -2.245208 0.279005 -0.426265 
2.760132074 0.50995970175 -2.279886 0.273417 -0.445578 
2.770008087 0.511437513232 -2.356453 0.269851 -0.466275 
2.779831171 0.512887593193 -2.348309 0.281683 -0.465117 
2.790175199 0.514414574712 -2.326724 0.260799 -0.483033 
2.80006814 0.515874966937 -2.361787 0.262255 -0.472126 
2.810032129 0.517345847242 -2.353496 0.266192 -0.469982 
2.819781065 0.518789537242 -2.388741 0.266356 -0.459442 
2.830039024 0.520314266074 -2.351974 0.263803 -0.466846 
2.839964151 0.521789523218 -2.387072 0.265818 -0.475218 
2.849985122 0.523279026482 -2.393425 0.251769 -0.462897 
2.859850168 0.52474535327 -2.392456 0.258783 -0.471768 
2.870105028 0.526271060944 -2.383963 0.244638 -0.480311 
2.87996912 0.527739540934 -2.397886 0.25315 -0.488393 
2.889831066 0.529207701446 -2.467699 0.256635 -0.488605 
2.90012598 0.530740318458 -2.48825 0.257257 -0.517291 
2.91004014 0.532216252134 -2.51556 0.247191 -0.505514 
2.919926166 0.533712480509 -2.479481 0.252068 -0.512321 
2.930172205 0.535300271512 -2.52899 0.268188 -0.512012 
2.940033197 0.536828393197 -2.507104 0.256544 -0.497932 
2.949904203 0.538358066715 -2.542456 0.233525 -0.505916 
2.959856033 0.53990026523 -2.492549 0.249542 -0.502769 
2.970107078 0.541433133862 -2.555673 0.2328 -0.490732 
2.980019092 0.54287899463 -2.533735 0.237562 -0.466205 
2.989854097 0.544313622132 -2.554875 0.224007 -0.493968 
3.000154018 0.545816066709 -2.532816 0.229614 -0.499731 
3.010026216 0.547256119536 -2.55329 0.222787 -0.467279 
3.020044088 0.548731023162 -2.552676 0.247714 -0.476722 
3.029856205 0.550193589083 -2.580533 0.229123 -0.473633 
3.040126085 0.55172438784 -2.594086 0.235963 -0.48287 
3.050026178 0.55320006721 -2.629361 0.230354 -0.469026 
3.059870004 0.554667359584 -2.593633 0.217529 -0.485732 
3.069795131 0.556147331304 -2.615203 0.228665 -0.476497 
3.080072164 0.557680698885 -2.614893 0.220096 -0.463455 
3.089965105 0.559156758659 -2.635676 0.21719 -0.451634 
3.099836111 0.560629545657 -2.61458 0.229214 -0.437768 
3.110208988 0.562177213482 -2.600051 0.238172 -0.434234 
3.120086193 0.563662773462 -2.649571 0.223054 -0.435057 
3.129955053 0.565174806803 -2.620542 0.216905 -0.452498 
3.140300989 0.566759934181 -2.634231 0.223623 -0.409968 
3.150194168 0.568275693499 -2.662469 0.22194 -0.41883 
3.160026073 0.569782064869 -2.683243 0.215619 -0.438271 
3.169874191 0.57124341266 -2.704483 0.235268 -0.447096 
3.180189132 0.572756810523 -2.75385 0.235433 -0.456073 
3.190093994 0.574210042003 -2.760446 0.222218 -0.442717 
3.199970007 0.575659040786 -2.745883 0.222674 -0.452448 
3.209875106 0.577112307039 -2.745486 0.239696 -0.429579 
3.220162153 0.578645596537 -2.753009 0.234864 -0.436861 
3.230006218 0.580151588704 -2.766892 0.233912 -0.435142 
3.239856004 0.581658456098 -2.794431 0.223955 -0.443805 
3.2502141 0.583243087187 -2.822566 0.223001 -0.432107 
3.260065078 0.584750136939 -2.772965 0.212694 -0.458432 
3.269955158 0.58628432606 -2.822149 0.231116 -0.447293 
3.279847145 0.587844861899 -2.849586 0.204922 -0.455146 
3.290076017 0.589458543898 -2.857575 0.240455 -0.464122 
3.300001144 0.591024307823 -2.899038 0.238288 -0.473764 
3.309859991 0.59231779216 -2.913103 0.245789 -0.492309 
3.320200204 0.593775011153 -2.912919 0.238058 -0.479147 
3.330108165 0.595295721471 -2.941148 0.218566 -0.506963 
3.339951038 0.596752946606 -2.940978 0.252664 -0.484784 
3.349822998 0.598214478036 -2.961529 0.223777 -0.481749 
3.360202074 0.599751087361 -2.940261 0.220971 -0.488061 
3.370004177 0.601220337699 -2.947125 0.239665 -0.484713 
3.379868984 0.602731353018 -2.960647 0.238606 -0.492047 
3.390197038 0.604324419755 -2.960859 0.231541 -0.48911 
3.400091171 0.605850555673 -2.973738 0.220077 -0.496732 
3.409936189 0.607369115772 -3.009491 0.221743 -0.524875 
3.420315981 0.608970293155 -3.051997 0.235176 -0.514593 
3.430175066 0.610454621167 -3.07991 0.224199 -0.531889 
3.440103054 0.611905035049 -3.050687 0.208755 -0.528269 
3.449902057 0.613336605069 -3.114885 0.225257 -0.518108 
3.460263013 0.614850272734 -3.121973 0.220041 -0.525264 
3.470105171 0.616327471522 -3.100457 0.224463 -0.522339 
3.480001211 0.617809673098 -3.142862 0.221658 -0.511246 
3.490338087 0.619315045472 -3.10086 0.22304 -0.527182 
3.50022006 0.620754169744 -3.114539 0.221695 -0.523504 
3.510004997 0.622179162541 -3.136336 0.209523 -0.509606 
3.519737005 0.623630897341 -3.135813 0.208741 -0.506605 
3.530265092 0.625287639822 -3.199747 0.217354 -0.496373 
3.540103197 0.626757540505 -3.185889 0.208999 -0.50378 
3.549998045 0.628235919099 -3.242152 0.212698 -0.524441 
3.559858083 0.629709096768 -3.271059 0.227634 -0.504746 
3.570157051 0.631314723152 -3.285524 0.250076 -0.523553 
3.580119133 0.632938426799 -3.292232 0.236975 -0.531553 
3.589930057 0.63438556798 -3.292885 0.244569 -0.518781 
3.600233078 0.635905294969 -3.34215 0.228496 -0.526946 
3.610095024 0.637359962051 -3.356357 0.227814 -0.503997 
3.61998105 0.638763656362 -3.377607 0.222317 -0.520572 
3.629914045 0.640147976145 -3.385378 0.227223 -0.517343 
3.640179157 0.641685187933 -3.334994 0.224369 -0.491473 
3.650063991 0.643165452673 -3.377672 0.214052 -0.508099 
3.659932136 0.644643218217 -3.385114 0.226751 -0.515826 
3.670231104 0.64621927773 -3.405472 0.235043 -0.503702 
3.680090189 0.647786936542 -3.461709 0.239748 -0.512985 
3.689958095 0.64927797591 -3.519595 0.236807 -0.55165 
3.699868202 0.650775391844 -3.541271 0.230129 -0.560452 
3.71017909 0.652333365738 -3.526306 0.238703 -0.556791 
3.720072031 0.653774993904 -3.540508 0.229116 -0.543319 
3.729901075 0.655131575828 -3.562892 0.234128 -0.521057 
3.740179062 0.656670333167 -3.555316 0.230097 -0.517384 
3.750078201 0.658152371701 -3.598617 0.227776 -0.525027 
3.759962082 0.659632125901 -3.599041 0.245006 -0.511713 
3.769850015 0.661117758968 -3.548962 0.227424 -0.496051 
3.780143022 0.662687565017 -3.584799 0.223037 -0.482215 
3.789999008 0.664194048452 -3.58454 0.213178 -0.499034 
3.799890995 0.665706034625 -3.59116 0.216645 -0.484412 
3.810208082 0.667282997159 -3.598354 0.205212 -0.490341 
3.820098161 0.668762566236 -3.612691 0.212422 -0.496958 
3.829946041 0.670198568349 -3.655151 0.217953 -0.513353 
3.839853048 0.671670480372 -3.647518 0.221423 -0.508708 
3.850151062 0.673200485411 -3.697508 0.21519 -0.496392 
3.860057115 0.674672255695 -3.654999 0.193456 -0.500984 
3.869908094 0.67613455503 -3.668896 0.208344 -0.497201 
3.880240202 0.677674711687 -3.662246 0.188557 -0.481959 
3.890112161 0.67920519988 -3.698343 0.192179 -0.490465 
3.899983167 0.680735540325 -3.718894 0.178408 -0.506842 
3.909871101 0.682268505184 -3.720132 0.203907 -0.492811 
3.920181036 0.683798797471 -3.747944 0.203404 -0.509445 
3.930072069 0.685218212033 -3.783548 0.204397 -0.496954 
3.939924001 0.686688487876 -3.783456 0.195095 -0.503557 
3.950234174 0.688227150374 -3.825793 0.208693 -0.510595 
3.960091114 0.689698173597 -3.832525 0.197881 -0.505019 
3.96996808 0.691172354847 -3.846707 0.195632 -0.50275 
3.979801178 0.692641279195 -3.883 0.198686 -0.490147 
3.990126133 0.694187875346 -3.869667 0.191716 -0.485387 
4.000032186 0.695671723308 -3.868642 0.17487 -0.500726 
4.00983119 0.697139536181 -3.855283 0.200266 -0.477148 
4.020220995 0.698727735853 -3.890498 0.202277 -0.484604 
4.030099153 0.700305719201 -3.869661 0.19095 -0.500521 
4.039966106 0.701747642161 -3.8905 0.186635 -0.496289 
4.049827098 0.703188694 -3.919598 0.201845 -0.48486 
4.060171127 0.704700335224 -3.954706 0.195679 -0.481233 
4.070013046 0.706245731592 -3.976878 0.181766 -0.468863 
4.079885006 0.707900158008 -3.977383 0.181466 -0.455104 
4.09021902 0.709464058802 -4.005818 0.18896 -0.462755 
4.10009098 0.710958034531 -4.027134 0.191921 -0.500511 
4.109956979 0.712451108149 -4.019698 0.204567 -0.494655 
4.120246172 0.713865805904 -4.062963 0.20241 -0.490124 
4.130170107 0.715205309234 -4.112039 0.196413 -0.494754 
4.140046119 0.716710733731 -4.133238 0.190354 -0.52063 
4.149883031 0.718210198121 -4.104445 0.184078 -0.513969 
4.160188198 0.719781039757 -4.167353 0.202557 -0.519226 
4.170094013 0.72132853162 -4.18847 0.188038 -0.552501 
4.179958105 0.722874533401 -4.223713 0.191497 -0.517006 
4.18982315 0.724337815452 -4.251726 0.19748 -0.542217 
4.200162172 0.725871402508 -4.314789 0.18908 -0.558584 
4.210039138 0.727336452802 -4.300831 0.206195 -0.562471 
4.219878196 0.728823310096 -4.378299 0.197625 -0.580118 
4.230226993 0.73040779086 -4.385385 0.210098 -0.574628 
4.240087986 0.731869156558 -4.441733 0.206615 -0.599576 
4.249956131 0.733331582157 -4.413477 0.199995 -0.613602 
4.25982809 0.734794572978 -4.433945 0.19473 -0.617628 
4.270161152 0.736325897699 -4.483863 0.195996 -0.63292 
4.280038118 0.737795355863 -4.51259 0.186116 -0.597541 
4.289892196 0.739275861534 -4.498122 0.195349 -0.631768 
4.300226211 0.740828474352 -4.547573 0.204576 -0.618177 
4.310080051 0.742308944265 -4.569289 0.208084 -0.643885 
4.319930076 0.743788841001 -4.590655 0.202582 -0.659545 
4.329828024 0.74526771265 -4.597423 0.196977 -0.665658 
4.340160131 0.746794293318 -4.640065 0.203067 -0.643257 
4.350023031 0.748251548114 -4.669417 0.193242 -0.631439 
4.359988212 0.749723915044 -4.691331 0.205205 -0.648833 
4.37020421 0.751233340474 -4.697997 0.200328 -0.634386 
4.380105018 0.752701647225 -4.648606 0.199922 -0.638025 
4.389967203 0.754183525584 -4.692065 0.197315 -0.634655 
4.400284052 0.755733721131 -4.656212 0.195852 -0.617049 
4.410128116 0.757212876653 -4.685163 0.186923 -0.631486 
4.420060157 0.758705251479 -4.727567 0.18484 -0.627496 
4.429911136 0.760185491076 -4.78428 0.190369 -0.633913 
4.440220117 0.761734664595 -4.826501 0.187727 -0.668718 
4.450066089 0.763214259823 -4.861715 0.178863 -0.702542 
4.45996809 0.764702274762 -4.911302 0.204887 -0.709041 
4.469920158 0.766197813477 -4.932222 0.198158 -0.723777 
4.480162143 0.767738861813 -4.967217 0.201624 -0.718693 
4.490059137 0.769248025111 -5.010391 0.199187 -0.733559 
4.499895095 0.770747881209 -5.017015 0.195315 -0.736312 
4.510217189 0.772321866747 -4.995954 0.193505 -0.729415 
4.520102024 0.773829175954 -5.038119 0.183248 -0.743837 
4.529965162 0.77532275252 -5.080583 0.188661 -0.737959 
4.540297985 0.776852518269 -5.094419 0.179808 -0.762917 
4.550156116 0.778312006266 -5.144687 0.180338 -0.768358 
4.559990167 0.77976792924 -5.158912 0.197179 -0.773518 
4.569894075 0.781234194484 -5.236826 0.195206 -0.791603 
4.580205202 0.782766192626 -5.222794 0.195078 -0.806057 
4.590088129 0.784248284882 -5.293158 0.198943 -0.805481 
4.599951028 0.785727373641 -5.279684 0.207377 -0.802567 
4.609862089 0.78721368501 -5.287218 0.203389 -0.810646 
4.620141983 0.788755308387 -5.330201 0.199958 -0.810143 
4.630069017 0.790241477893 -5.309724 0.205704 -0.797256 
4.639914989 0.791709866417 -5.345496 0.190287 -0.794298 
4.65025115 0.79325135975 -5.35302 0.185456 -0.80158 
4.660094022 0.794719285953 -5.388913 0.204929 -0.781276 
4.669992208 0.796195461462 -5.375191 0.203625 -0.788874 
4.679929018 0.797678148448 -5.425242 0.204166 -0.767567 
4.69017601 0.799230565488 -5.419329 0.216629 -0.796905 
4.700048208 0.80072620132 -5.462479 0.213755 -0.786186 
4.709897041 0.802218297359 -5.434772 0.214132 -0.774943 
4.720231056 0.803783898364 -5.46445 0.196633 -0.774441 
4.730066061 0.805276185847 -5.422511 0.198698 -0.774769 
4.739953994 0.806791003247 -5.40918 0.207251 -0.736053 
4.749900102 0.808314732975 -5.368016 0.219717 -0.706598 
4.760166168 0.809887479817 -5.333794 0.218352 -0.676209 
4.770065069 0.811403977499 -5.292407 0.211051 -0.65585 
4.779925108 0.812889783939 -5.229739 0.211094 -0.636912 
4.790247202 0.814417492232 -5.216499 0.198312 -0.606137 
4.800091982 0.815874556279 -5.253996 0.208014 -0.588037 
4.80994606 0.817332996464 -5.183839 0.204424 -0.5683 
4.819892168 0.818805057431 -5.205871 0.199823 -0.551158 
4.830168008 0.820327203088 -5.207291 0.208312 -0.533248 
4.840007066 0.821792073983 -5.138178 0.203355 -0.513335 
4.849891185 0.823263653706 -5.181426 0.201721 -0.506285 
4.86019206 0.824797281415 -5.147661 0.202426 -0.477615 
4.870074987 0.826268683669 -5.098303 0.199452 -0.456154 
4.879981994 0.827744058855 -5.056385 0.193457 -0.438175 
4.890307188 0.829282650999 -5.072398 0.178028 -0.419875 
4.900182008 0.830754131388 -5.044666 0.188434 -0.410049 
4.910005092 0.83221790242 -5.030033 0.185921 -0.420386 
4.919877052 0.833688956631 -5.016914 0.187409 -0.378732 
4.930210113 0.835228031659 -5.103231 0.183464 -0.381156 
4.940090179 0.836696445065 -5.068583 0.180707 -0.390598 
4.949940204 0.838160393662 -5.033036 0.210268 -0.38807 
4.960303068 0.839700562364 -5.082672 0.212111 -0.368228 
4.970160007 0.841165538547 -5.012921 0.18404 -0.366465 
4.979996204 0.842489668747 -4.942419 0.180345 -0.327203 
4.989922046 0.843556325918 -4.866056 0.188953 -0.300875 
5.000189066 0.844659646976 -4.802549 0.164044 -0.283922 
5.010040998 0.845718361584 -4.71855 0.146009 -0.236395 
5.019869089 0.846774514174 -4.670274 0.162124 -0.220464 
5.030225038 0.847826001184 -4.621302 0.169847 -0.182064 
5.040124178 0.84835620273 -4.621551 0.161897 -0.184198 
5.04997611 0.848883875797 -4.601527 0.175203 -0.194816 
5.059893131 0.849415035055 -4.623265 0.169929 -0.195113 
5.070208072 0.849967507054 -4.630217 0.15694 -0.194975 
