0.0 0.000218025483411 -0.066179 -0.016021 -0.005744 
0.009870052 0.00120636791471 -0.079839 -0.010751 -0.006165 
0.0201931 0.00224007131958 -0.059071 -0.014342 -0.036158 
0.030082941 0.00322998530327 -0.072852 -0.000172 -0.026188 
0.039902925 0.00421253185257 -0.051419 -0.004257 -0.035613 
0.050195932 0.0052424071059 -0.07303 -0.010369 -0.03603 
0.060089111 0.00623227724093 -0.058168 -0.003246 -0.045825 
0.069982052 0.00722212356267 -0.058806 -0.011492 -0.035116 
0.079884052 0.00822028964492 -0.073029 -0.004999 -0.035545 
0.090170145 0.00926527364425 -0.065332 0.00806 -0.03531 
0.100007057 0.0102646244806 -0.086198 0.002017 -0.035353 
0.10996604 0.011276376745 -0.064495 -0.001895 -0.034435 
0.120296955 0.0123259142977 -0.064222 -0.010628 -0.033568 
0.130140066 0.0132993638093 -0.063876 0.004382 -0.033456 
0.139977932 0.0142567816775 -0.04944 0.005677 -0.043068 
0.149860144 0.0152185152838 -0.077167 0.003332 -0.042621 
0.160187006 0.0162235220811 -0.040942 -0.000406 -0.041338 
0.170047998 0.017183190564 -0.062198 0.002279 -0.041333 
0.17989707 0.0181732439743 -0.082764 0.002904 -0.04144 
0.190235138 0.0192573777199 -0.06778 0.0037 -0.029569 
0.200108051 0.0202927315356 -0.08821 -0.002727 -0.029485 
0.209984064 0.0213284104424 -0.080421 0.000307 -0.028749 
0.219852924 0.0223633392276 -0.087155 0.003166 -0.028379 
0.230183124 0.0233965792012 -0.093458 0.014546 -0.018405 
0.240064144 0.0243613849761 -0.092216 -0.002288 -0.006996 
0.249897003 0.0253214881989 -0.10615 0.011715 -0.008284 
0.260235071 0.0263309212036 -0.091191 0.011504 -0.007792 
0.270112991 0.0272954242873 -0.118634 0.008608 -0.018477 
0.279983997 0.0282915630426 -0.118239 0.007942 -0.008253 
0.289849996 0.0293178785315 -0.07487 0.002526 0.013467 
0.300195932 0.0303941197072 -0.130926 0.007802 0.011654 
0.310070991 0.0314213776671 -0.101847 0.000371 -0.007985 
0.319926977 0.0324466515486 -0.122737 -0.004105 0.012652 
0.330249071 0.0334498686066 -0.108671 0.00351 0.011784 
0.340112925 0.0343820053269 -0.101086 -0.007456 0.02287 
0.350012064 0.0353174764888 -0.115481 -0.008469 0.022386 
0.359874964 0.0362495230559 -0.114919 -0.009692 0.022393 
0.37019515 0.0372247832667 -0.114123 -0.010183 0.013466 
0.380064964 0.0381872010226 -0.100072 -0.018811 0.014325 
0.389925957 0.0391725822176 -0.09275 -0.021887 0.02534 
0.400239944 0.0402032298243 -0.106709 -0.023284 0.024982 
0.410118103 0.0411903263693 -0.106086 -0.031281 0.015999 
0.42001009 0.0421788047072 -0.120126 -0.023496 0.015937 
0.429877043 0.0431678762356 -0.106258 -0.023671 -0.00347 
0.440191984 0.0442064035894 -0.11325 -0.027196 -0.013133 
0.450067043 0.0452006428091 -0.134781 -0.032745 -0.033744 
0.459924936 0.0461931537242 -0.120917 -0.024015 -0.043673 
0.470231056 0.0472307929634 -0.163566 -0.016963 -0.04434 
0.480119944 0.0482214051408 -0.149308 -0.025865 -0.063794 
0.490015984 0.0492062976047 -0.135034 -0.032919 -0.072666 
0.499876022 0.0501876070093 -0.149344 -0.025306 -0.083073 
0.510198116 0.0512149020276 -0.142513 -0.020383 -0.092568 
0.520065069 0.0521968996399 -0.148943 -0.025132 -0.102224 
0.529928923 0.0531935826394 -0.155636 -0.02199 -0.11195 
0.540205002 0.0542547697973 -0.154662 -0.02203 -0.091136 
0.550085068 0.0552750615992 -0.190085 -0.020467 -0.071175 
0.559972048 0.056296067394 -0.153921 -0.007686 -0.0808 
0.569869041 0.0573181072084 -0.181282 -0.017191 -0.059722 
0.580132008 0.0583374005157 -0.167099 -0.018596 -0.048711 
0.590049982 0.0592933089535 -0.152161 -0.026143 -0.037015 
0.599939108 0.0602464369801 -0.166014 -0.035716 -0.026289 
0.61026001 0.0612411801915 -0.165694 -0.036105 -0.025247 
0.620182037 0.0621974792632 -0.186828 -0.025353 -0.015885 
0.630022049 0.0631648411638 -0.1723 -0.017117 -0.005247 
0.639883041 0.0641645289058 -0.17189 -0.032901 -0.004189 
0.650181055 0.0652085210683 -0.200199 -0.026967 -0.004856 
0.660088062 0.0662128737194 -0.185981 -0.019185 0.005535 
0.669935942 0.0672764148365 -0.192624 -0.03172 0.00592 
0.680217981 0.0682948932477 -0.185397 -0.027464 0.006649 
0.690184116 0.069218046104 -0.185068 -0.043811 0.0279 
0.699995041 0.07019534678 -0.185124 -0.036196 0.007516 
0.709882975 0.0711803185928 -0.199337 -0.035916 0.007397 
0.720195055 0.0722075410774 -0.20607 -0.033057 0.007767 
0.730023146 0.0732270468399 -0.198849 -0.019895 0.017972 
0.739954948 0.0742853782273 -0.212834 -0.036692 0.018545 
0.750211 0.0752985904286 -0.199401 -0.019516 0.018761 
0.760153055 0.0762807823512 -0.19216 -0.030377 0.010322 
0.769968033 0.0772504201285 -0.191415 -0.030307 0.010696 
0.779868126 0.0782918328275 -0.19902 -0.026679 0.010813 
0.79017806 0.0793876537702 -0.213234 -0.043365 -0.009055 
0.800061941 0.0803460346539 -0.213148 -0.03474 -0.018977 
0.809947967 0.0813046235255 -0.213067 -0.034176 -0.03917 
0.820255041 0.0823040389059 -0.220261 -0.029365 -0.018247 
0.830105066 0.0832584115201 -0.220094 -0.029922 -0.028464 
0.840000153 0.0842212052757 -0.219739 -0.021124 -0.028042 
0.849873066 0.0851975675463 -0.220358 -0.022032 -0.028535 
0.860207081 0.0862195295904 -0.241826 -0.027134 -0.018489 
0.870103121 0.0871981789601 -0.241654 -0.019629 -0.018433 
0.879950046 0.0882823453416 -0.220737 -0.023893 -0.007792 
0.889824152 0.0893584207009 -0.206388 -0.031224 -0.007483 
0.900169134 0.0903425642786 -0.207001 -0.02407 0.002297 
0.910042047 0.0912817987715 -0.221483 -0.033708 0.011733 
0.91988492 0.0922181754853 -0.236147 -0.034892 0.000904 
0.930212974 0.0932730666344 -0.208293 -0.01105 0.020573 
0.940089941 0.0943297362995 -0.251683 -0.028088 0.029469 
0.949959993 0.0952840686575 -0.252438 -0.021944 0.028785 
0.96036005 0.0962896470395 -0.22419 -0.021104 0.038443 
0.970217943 0.0972428037474 -0.238626 -0.022399 0.048055 
0.980117083 0.0982244782491 -0.211123 -0.021628 0.057339 
0.98994112 0.0992333408747 -0.218445 -0.018552 0.046324 
1.000262976 0.100270457551 -0.218977 -0.003614 0.075557 
1.010102034 0.101259063779 -0.233814 -0.012303 0.064672 
1.020035028 0.102257108483 -0.240862 -0.000993 0.074272 
1.030354977 0.103282048418 -0.21344 -0.008007 0.064103 
1.040199995 0.104245141433 -0.22743 -0.015899 0.074152 
1.050101995 0.10521752352 -0.228256 -0.006787 0.074073 
1.059968948 0.106189879428 -0.207223 -0.001301 0.0639 
1.070284128 0.10720640664 -0.257037 -0.015025 0.073414 
1.08017993 0.108182786608 -0.207659 -0.000917 0.063773 
1.090004921 0.109153687881 -0.22926 -0.013241 0.063666 
1.099888086 0.110143182156 -0.223099 -0.008666 0.062978 
1.110190153 0.111175751368 -0.216325 -0.011243 0.052511 
1.120155096 0.11217453087 -0.230888 -0.001954 0.042344 
1.129971027 0.113157767008 -0.223637 -0.004634 0.021906 
1.14034915 0.114196353487 -0.245492 -0.015283 0.022038 
1.150187015 0.115182679206 -0.225036 0.006543 0.021024 
1.160081148 0.116174646248 -0.196981 -0.01468 0.002181 
1.16991806 0.117160876421 -0.253767 -0.007626 0.010578 
1.180263996 0.118220184388 -0.218607 -0.0013 -0.009454 
1.190138102 0.119252964382 -0.218638 -0.007794 0.000953 
1.200001955 0.120232301783 -0.26148 -0.001192 -0.000875 
1.210350037 0.121259716093 -0.211661 -0.001742 -0.020351 
1.220230102 0.122240663109 -0.240006 -0.010365 -0.020883 
1.230083942 0.123289904902 -0.218791 -0.003586 -0.03069 
1.239939928 0.124352272165 -0.211129 -0.005084 -0.030321 
1.250236034 0.125356847468 -0.225626 0.010141 -0.031616 
1.260103941 0.126319644049 -0.175047 0.001763 -0.020237 
1.269971132 0.127282370772 -0.231564 -0.007976 -0.021246 
1.279917955 0.128249304945 -0.218278 0.017094 -0.022017 
1.290158987 0.129248636172 -0.203752 0.002993 -0.031614 
1.300055027 0.130250387723 -0.2255 -0.001437 -0.032708 
1.309921026 0.131249098298 -0.204279 0.013402 -0.032242 
1.320227146 0.13229236123 -0.224831 -0.006461 -0.042001 
1.330091953 0.133265861686 -0.189078 -0.009256 -0.060123 
1.340003014 0.134228856589 -0.195336 -0.011869 -0.070208 
1.349919081 0.13523491504 -0.224461 -0.012781 -0.050745 
1.36017704 0.136275660966 -0.16047 -0.013893 -0.060005 
1.370006084 0.137272890289 -0.189286 -0.014351 -0.040295 
1.379805088 0.138241660831 -0.211079 0.004956 -0.041228 
1.39021492 0.139257773463 -0.167634 -0.007957 -0.049975 
1.400115013 0.140229732683 -0.210375 -0.017592 -0.050993 
1.410012007 0.141201387654 -0.175383 -0.020455 -0.040909 
1.419944048 0.142176483426 -0.189124 -0.021118 -0.021622 
1.430251121 0.143226200716 -0.189916 -0.029531 -0.022172 
1.440097094 0.144290877819 -0.160968 -0.02722 -0.032214 
1.449912071 0.145258989299 -0.210857 -0.009307 -0.024443 
1.460247993 0.146278484785 -0.168771 -0.015136 -0.023784 
1.470103979 0.147250641235 -0.1902 -0.019956 -0.023835 
1.479949951 0.14820929931 -0.182938 -0.016258 -0.003828 
1.490226984 0.149206913191 -0.15472 -0.006798 -0.003176 
1.50020504 0.15021427118 -0.218676 -0.013465 -0.014285 
1.510084152 0.151211640045 -0.182422 -0.016079 -0.023895 
1.51998496 0.152211199281 -0.17518 -0.009974 -0.012584 
1.530308962 0.153296140907 -0.189535 -0.010705 -0.023166 
1.54014802 0.154343938003 -0.188815 -0.026034 -0.021862 
1.550020933 0.155344772482 -0.203555 -0.009976 -0.022122 
1.559926033 0.156348869813 -0.189159 -0.008963 -0.021637 
1.570192099 0.1573895589 -0.195741 -0.011306 -0.010494 
1.580069065 0.158303421128 -0.188996 -0.015008 -0.010068 
1.58992815 0.159210486334 -0.174165 -0.004635 -0.029355 
1.600250006 0.160231142554 -0.195881 2e-06 -0.008797 
1.610145092 0.16120959847 -0.166944 -0.022833 -0.02659 
1.620002031 0.162184282295 -0.216388 -0.042877 -0.02582 
1.630329132 0.163205457156 -0.180897 -0.020817 -0.024264 
1.640202999 0.164189004416 -0.17288 -0.013517 -0.023473 
1.650069952 0.165222262972 -0.201438 -0.014811 -0.033377 
1.659944057 0.166256270478 -0.144514 -0.011951 -0.021834 
1.670298099 0.167340536561 -0.187113 -0.020575 -0.012388 
1.6802001 0.168377465312 -0.180034 -0.008424 -0.012646 
1.690061092 0.169383385994 -0.165776 -0.022697 -0.032587 
1.699916124 0.170352034263 -0.187169 -0.011109 0.006389 
1.710206032 0.17136342637 -0.144956 -0.017777 0.006928 
1.720086098 0.172334535225 -0.181095 -0.032125 -0.004127 
1.729957104 0.173304753574 -0.174812 -0.019483 0.004542 
1.740291119 0.174320690229 -0.160883 -0.010187 0.002998 
1.750173092 0.175293082463 -0.161695 -0.011544 0.001342 
1.760040998 0.176264090496 -0.134025 -0.01133 0.00041 
1.769937992 0.177237960806 -0.149532 -0.020367 -0.001667 
1.780220032 0.17824971988 -0.136622 0.002961 -0.003966 
1.790106058 0.179228214773 -0.123672 -0.019904 -0.00439 
1.799986124 0.180245683077 -0.195149 -0.024785 0.001698 
1.81031394 0.181309261541 -0.124996 -0.004355 0.011499 
1.820193052 0.1823266316 -0.189581 -0.011087 -0.0009 
1.830054045 0.183342135729 -0.154335 -0.005881 -0.010954 
1.839906931 0.184332940287 -0.14065 0.004248 -0.011463 
1.850258112 0.185333156898 -0.183761 -0.006288 -0.043384 
1.860135078 0.186287550939 -0.170385 0.003388 -0.04414 
1.870002985 0.187241069625 -0.21377 0.001584 -0.076928 
1.880331039 0.188239051514 -0.186531 -0.006722 -0.087464 
1.890205145 0.189193169198 -0.172719 0.002569 -0.088093 
1.900093079 0.190188183157 -0.230534 0.007533 -0.100997 
1.90992403 0.191181147142 -0.195817 -0.003563 -0.111529 
1.920243978 0.19222350171 -0.238532 0.002201 -0.113477 
1.930120945 0.193221113488 -0.23948 0.01764 -0.135222 
1.940016031 0.194219695539 -0.212246 0.018238 -0.136282 
1.949938059 0.195206348441 -0.262537 0.019011 -0.129108 
1.960201025 0.19622690444 -0.21994 -0.004447 -0.13889 
1.970077038 0.197208981581 -0.277096 0.008928 -0.121749 
1.97994709 0.198190465956 -0.249309 0.024262 -0.14301 
1.990272999 0.199218577085 -0.242668 0.004715 -0.143732 
2.000153065 0.200212926379 -0.292796 0.028951 -0.15671 
2.01001811 0.201205763931 -0.215189 0.036561 -0.14549 
2.019878149 0.202198097668 -0.293465 0.028604 -0.147903 
2.030200005 0.203236909578 -0.244879 0.034299 -0.158093 
2.040079117 0.20423116286 -0.265963 0.012408 -0.158368 
2.049957991 0.205221431636 -0.302198 0.02236 -0.159961 
2.060285091 0.206253490774 -0.273939 0.032102 -0.169406 
2.070138931 0.20723825374 -0.309722 0.026551 -0.180039 
2.080031156 0.208226852785 -0.280947 0.026728 -0.189652 
2.089878082 0.209213075844 -0.309246 0.026449 -0.190009 
2.100222111 0.210264485436 -0.331121 0.028226 -0.190497 
2.110082149 0.211266700194 -0.316994 0.029067 -0.200356 
2.119943142 0.212269012023 -0.373998 0.025643 -0.191705 
2.13024807 0.213316447228 -0.338919 0.031405 -0.191543 
2.140139103 0.214312768159 -0.388232 0.016012 -0.212679 
2.150048017 0.215278883526 -0.389145 0.016499 -0.202836 
2.159965038 0.216245789322 -0.374602 0.024011 -0.213674 
2.170262098 0.217249748777 -0.438832 0.026076 -0.22565 
2.180094004 0.218208355893 -0.424407 0.033583 -0.235572 
2.189979076 0.219174896183 -0.431009 0.02133 -0.245284 
2.200299978 0.220255663006 -0.423789 0.017525 -0.254828 
2.210183144 0.221290591727 -0.444533 0.029294 -0.265413 
2.220040083 0.222322774054 -0.501136 0.026044 -0.275914 
2.229880094 0.223353183744 -0.466154 0.03914 -0.286039 
2.240246057 0.224420133837 -0.501157 0.0331 -0.27702 
2.250102043 0.225379663288 -0.530217 0.030903 -0.288333 
2.259958029 0.226339192738 -0.509052 0.026646 -0.308103 
2.270292997 0.227345353478 -0.580163 0.039465 -0.320695 
2.280177116 0.228307621817 -0.57995 0.047252 -0.330736 
2.290049076 0.229277650595 -0.572568 0.051794 -0.34102 
2.299904108 0.230303761176 -0.614396 0.041673 -0.35188 
2.310204029 0.231376193809 -0.585534 0.050474 -0.371414 
2.320076942 0.232404166168 -0.606435 0.044991 -0.390736 
2.329962969 0.233433503963 -0.62004 0.052391 -0.390672 
2.340258121 0.234468783487 -0.654642 0.046526 -0.400803 
2.350157976 0.235405202969 -0.654019 0.03853 -0.409787 
2.360033035 0.236339277016 -0.660013 0.033397 -0.419315 
2.369894981 0.237272110715 -0.694437 0.043099 -0.419118 
2.380226135 0.238249326428 -0.693965 0.057271 -0.419126 
2.390108108 0.239192166439 -0.728653 0.059747 -0.399587 
2.399968147 0.240179227641 -0.707149 0.062438 -0.429517 
2.410283089 0.241211827923 -0.727873 0.057406 -0.419097 
2.420155048 0.242200082404 -0.76957 0.037542 -0.439553 
2.430035114 0.243189148454 -0.734151 0.050253 -0.449552 
2.439904928 0.244177148046 -0.754809 0.060902 -0.450159 
2.450241089 0.245211444958 -0.804729 0.060724 -0.451244 
2.460123062 0.246200293154 -0.768972 0.065269 -0.45199 
2.469985008 0.247187137331 -0.832796 0.065825 -0.452946 
2.479836941 0.248172979548 -0.825585 0.068232 -0.4628 
2.490159035 0.249205289994 -0.846471 0.086212 -0.444201 
2.500035047 0.250189331462 -0.825616 0.081501 -0.464217 
2.509912014 0.251173468086 -0.832274 0.084084 -0.454665 
2.520251989 0.252203738622 -0.867414 0.068129 -0.465585 
2.530128002 0.25318778019 -0.853155 0.076192 -0.465291 
2.539994955 0.254170919023 -0.866506 0.081916 -0.465466 
2.549870014 0.255191610785 -0.887336 0.09043 -0.465644 
2.560198069 0.256261579459 -0.851446 0.087805 -0.443927 
2.570075989 0.257284914924 -0.878969 0.084345 -0.434419 
2.579931021 0.258305879232 -0.878792 0.082946 -0.443839 
2.590266943 0.259362576792 -0.877914 0.090239 -0.433313 
2.600156069 0.260317243618 -0.856039 0.093831 -0.432339 
2.610034943 0.261270920746 -0.876423 0.095748 -0.432079 
2.619934082 0.262226554197 -0.890505 0.086285 -0.441794 
2.630211115 0.263218668411 -0.896838 0.079574 -0.440676 
2.640092134 0.264172552611 -0.90347 0.083162 -0.419746 
2.649971008 0.265167034313 -0.91752 0.09716 -0.420119 
2.660321951 0.266210785453 -0.888911 0.097892 -0.419515 
2.670171022 0.267203929661 -0.930937 0.087203 -0.409266 
2.680043936 0.268207565691 -0.930901 0.101759 -0.4094 
2.689895153 0.269291873806 -0.923117 0.113697 -0.399188 
2.700236082 0.270228686818 -0.943902 0.098473 -0.399527 
2.710114956 0.27119455621 -0.929542 0.090299 -0.398421 
2.720011949 0.272182160337 -0.943147 0.0977 -0.398357 
2.729870081 0.273165886592 -0.957197 0.111698 -0.39873 
2.740172148 0.274193912366 -0.970766 0.101573 -0.399136 
2.750043154 0.275268861063 -0.963768 0.11316 -0.3792 
2.759896994 0.276257276748 -0.949555 0.11288 -0.379082 
2.770246029 0.277288785222 -0.978037 0.111309 -0.379805 
2.780120134 0.278272956498 -0.985126 0.105371 -0.379857 
2.789972067 0.279260738065 -0.999166 0.113156 -0.379919 
2.799881935 0.280350416045 -1.013005 0.10286 -0.390669 
2.810153007 0.281348738662 -1.005647 0.114339 -0.379788 
2.820034981 0.282309241922 -1.019297 0.113397 -0.379899 
2.829900026 0.283268099726 -1.019003 0.112002 -0.390235 
2.840243101 0.284272644794 -1.046734 0.118562 -0.380312 
2.850116968 0.285219611257 -1.053924 0.128862 -0.381175 
2.859972954 0.28619426961 -1.01802 0.125512 -0.380934 
2.869828939 0.287176590273 -1.032481 0.108819 -0.370392 
2.880152941 0.288205556986 -1.060664 0.113914 -0.371178 
2.890038967 0.289236902218 -1.053058 0.110286 -0.371295 
2.899904013 0.290368090728 -1.081292 0.115943 -0.36278 
2.910237074 0.291361991194 -1.095495 0.129773 -0.374412 
2.920124054 0.292298522054 -1.110103 0.120974 -0.364856 
2.929978132 0.293231936316 -1.095871 0.128031 -0.375941 
2.93990612 0.294198303471 -1.088797 0.13212 -0.386472 
2.950165033 0.295294694942 -1.110763 0.134177 -0.367562 
2.96004796 0.296286675867 -1.124338 0.115991 -0.378241 
2.969901085 0.297241094621 -1.138688 0.123322 -0.37855 
2.980288982 0.298247313838 -1.138977 0.130206 -0.39 
2.990173101 0.299204734813 -1.153064 0.129647 -0.390238 
3.000025988 0.300229003002 -1.181693 0.13597 -0.391948 
3.00987792 0.301227683361 -1.181566 0.135132 -0.392067 
3.020236969 0.302267173067 -1.195531 0.125673 -0.402698 
3.030112982 0.303258192016 -1.195795 0.133563 -0.402769 
3.03996706 0.304246803498 -1.209009 0.132235 -0.402753 
3.050298929 0.305253042652 -1.237754 0.138554 -0.403547 
3.060176134 0.306217013732 -1.230458 0.134472 -0.40391 
3.070060968 0.307192631262 -1.26572 0.127417 -0.404438 
3.079874992 0.308161259956 -1.244448 0.13195 -0.393375 
3.090206146 0.309181226886 -1.272458 0.139181 -0.394591 
3.100533962 0.31020308067 -1.279542 0.124339 -0.40412 
3.109894991 0.311136911954 -1.265161 0.140469 -0.394468 
3.120321035 0.31218350381 -1.293334 0.139351 -0.394945 
3.130181074 0.313173278696 -1.278989 0.146295 -0.384673 
3.140039921 0.314163414463 -1.313971 0.133199 -0.374548 
3.149891138 0.315164830757 -1.342154 0.138295 -0.375334 
3.160179138 0.316197432447 -1.313419 0.13819 -0.37485 
3.170069933 0.317182910609 -1.313332 0.13707 -0.364873 
3.179960966 0.318168412484 -1.3063 0.140877 -0.365307 
3.19030714 0.319199262738 -1.320036 0.131309 -0.355497 
3.200197935 0.320239139252 -1.348219 0.136404 -0.356284 
3.210077047 0.321233298822 -1.369049 0.139548 -0.356947 
3.219931126 0.32221730221 -1.375936 0.14224 -0.367836 
3.230247021 0.323247421375 -1.376179 0.157468 -0.37911 
3.240145922 0.324244814773 -1.397142 0.143643 -0.370028 
3.250008106 0.325371024812 -1.389673 0.147066 -0.370335 
3.259925127 0.326339844492 -1.375465 0.155691 -0.36074 
3.27019906 0.327343531837 -1.381652 0.150109 -0.37143 
3.280072927 0.32830813569 -1.41059 0.155978 -0.373387 
3.289942026 0.329269159003 -1.38902 0.144842 -0.382622 
3.300286055 0.330255898442 -1.424261 0.162091 -0.374604 
3.310158968 0.331246205809 -1.416762 0.166638 -0.385804 
3.320014954 0.332248635281 -1.438206 0.176936 -0.376688 
3.329926014 0.333256666201 -1.452308 0.174529 -0.387509 
3.340197086 0.334294218694 -1.444485 0.154667 -0.38773 
3.350067139 0.335241696781 -1.465888 0.165247 -0.388711 
3.359920978 0.336229142792 -1.494178 0.163403 -0.381169 
3.37025404 0.337280968596 -1.452456 0.171956 -0.361493 
3.380128145 0.338286076127 -1.453126 0.171609 -0.352686 
3.389966965 0.339270579542 -1.474357 0.157612 -0.353948 
3.399852991 0.340212922856 -1.481552 0.176816 -0.345334 
3.410166979 0.341220800788 -1.495745 0.184434 -0.356656 
3.420094967 0.342201521903 -1.509173 0.158353 -0.366348 
3.429916143 0.343171691758 -1.530363 0.17672 -0.37737 
3.440252066 0.344192710109 -1.516551 0.186011 -0.377999 
3.450123072 0.345282913061 -1.544516 0.174873 -0.37889 
3.459978104 0.346265248111 -1.516029 0.184506 -0.367894 
3.469881058 0.347234241288 -1.522473 0.194876 -0.368383 
3.480159998 0.348240024281 -1.508246 0.179478 -0.377431 
3.490067959 0.349208993137 -1.548815 0.176708 -0.346065 
3.499933958 0.350170811745 -1.555995 0.19591 -0.36603 
3.510261059 0.351202171237 -1.583686 0.17604 -0.366055 
3.520128012 0.352195303644 -1.596849 0.191118 -0.355591 
3.52998805 0.35318774004 -1.596818 0.197613 -0.365998 
3.539848089 0.354180176536 -1.573794 0.17743 -0.373865 
3.550173044 0.355345538345 -1.594029 0.188418 -0.35287 
3.560045957 0.356342632578 -1.59977 0.181609 -0.362637 
3.56992507 0.357340352967 -1.591054 0.186005 -0.361161 
3.580255032 0.358383605909 -1.569133 0.197941 -0.360012 
3.590132952 0.35934207581 -1.574422 0.192597 -0.359069 
3.599993944 0.360242031512 -1.615884 0.190429 -0.368711 
3.609863996 0.361203343429 -1.578915 0.186761 -0.367054 
3.620201111 0.362218779006 -1.627207 0.194786 -0.386613 
3.630078077 0.363189013222 -1.611895 0.186407 -0.405447 
3.639943123 0.364158076512 -1.616702 0.189022 -0.404202 
3.650274992 0.365172996764 -1.615733 0.196035 -0.413073 
3.66013813 0.366191975757 -1.615114 0.196943 -0.41258 
3.670004129 0.3672298265 -1.656207 0.193104 -0.423376 
3.679854155 0.368265996969 -1.627675 0.194114 -0.431954 
3.690173149 0.369351500382 -1.612041 0.202312 -0.429997 
3.700060129 0.370388843282 -1.689557 0.194422 -0.460615 
3.709931135 0.371359385159 -1.638501 0.191312 -0.45872 
3.720255136 0.372374466631 -1.695362 0.204014 -0.459019 
3.730126142 0.373345008507 -1.68009 0.195353 -0.467756 
3.740003109 0.374316136484 -1.693461 0.193739 -0.456728 
3.749864101 0.375285693759 -1.700108 0.205224 -0.466279 
3.760170937 0.376299472634 -1.692005 0.199808 -0.474773 
3.770050049 0.377271335356 -1.69814 0.196238 -0.462706 
3.779930115 0.378243291928 -1.690427 0.199549 -0.471151 
3.790254116 0.379258920835 -1.703448 0.198671 -0.469973 
3.800127029 0.380230173727 -1.724177 0.200692 -0.489239 
3.810019016 0.381232609631 -1.688028 0.197231 -0.497137 
3.819882154 0.382246427311 -1.723537 0.199915 -0.487154 
3.830215931 0.383308621293 -1.75893 0.200752 -0.517248 
3.840070963 0.38432160577 -1.750919 0.195614 -0.506344 
3.849969149 0.385330417131 -1.80053 0.205636 -0.52708 
3.859856129 0.386285940177 -1.764158 0.194003 -0.52481 
3.870126963 0.387278560632 -1.834644 0.206768 -0.513842 
3.879998922 0.388232631979 -1.798657 0.194958 -0.521 
3.889908075 0.389190297925 -1.791015 0.191493 -0.508942 
3.900206089 0.39018554518 -1.797276 0.194131 -0.496269 
3.910092115 0.391162590088 -1.775375 0.198729 -0.483917 
3.919949055 0.392157146772 -1.816914 0.187094 -0.482841 
3.929834127 0.39315454195 -1.766586 0.200878 -0.49015 
3.940128088 0.394193193673 -1.822981 0.190182 -0.469007 
3.950008154 0.39519008375 -1.844283 0.199639 -0.48859 
3.959883928 0.396180876132 -1.814822 0.192265 -0.47653 
3.970252991 0.397217570392 -1.821966 0.196515 -0.464908 
3.980098963 0.39820196625 -1.807326 0.187671 -0.452663 
3.990010023 0.399192869576 -1.820686 0.194959 -0.460737 
4.000302076 0.400221864411 -1.827415 0.188915 -0.469843 
4.01019001 0.401217007191 -1.805164 0.194249 -0.467341 
4.02008605 0.402215597417 -1.875707 0.182547 -0.477093 
4.029943943 0.403210338303 -1.839467 0.186027 -0.464741 
4.040271997 0.404252522225 -1.860615 0.190282 -0.473551 
4.050121069 0.405246373002 -1.853252 0.192857 -0.472146 
4.060037136 0.406244691932 -1.838228 0.193935 -0.470372 
4.069888115 0.407221471491 -1.901362 0.178036 -0.459131 
4.080145121 0.408238510894 -1.894521 0.182116 -0.467831 
4.090037107 0.409219356527 -1.900443 0.186333 -0.465805 
4.099921942 0.410199493097 -1.921425 0.180286 -0.464933 
4.110214949 0.411243240965 -1.89209 0.188866 -0.472165 
4.12007308 0.412249538522 -1.941665 0.183935 -0.461314 
4.130069017 0.413269903029 -1.941411 0.197373 -0.480966 
4.139903068 0.41427374255 -1.933901 0.186685 -0.479061 
4.150220156 0.415326889485 -1.955181 0.196307 -0.45789 
4.160094023 0.416296007729 -1.919033 0.192846 -0.465788 
4.169985056 0.417256081098 -1.974612 0.17388 -0.445363 
4.180305004 0.418257787112 -1.925071 0.197058 -0.462847 
4.190178156 0.419216124862 -1.945997 0.183396 -0.44159 
4.200055122 0.420174832817 -1.97394 0.197285 -0.441039 
4.20988512 0.421178925028 -1.916435 0.174901 -0.448131 
4.220255136 0.422266706728 -1.995013 0.206633 -0.440182 
4.230111122 0.423300568317 -1.952521 0.209039 -0.448402 
4.239957094 0.424333379469 -1.987544 0.178696 -0.447929 
4.250258923 0.42541400857 -2.001113 0.183686 -0.467748 
4.260131121 0.426382482763 -1.979588 0.196288 -0.476822 
4.270004034 0.427342972842 -2.036612 0.185527 -0.456969 
4.279875994 0.428303370208 -1.999926 0.206549 -0.476387 
4.290215969 0.42930929859 -2.035005 0.169426 -0.483989 
4.300091982 0.430270090253 -2.056594 0.2197 -0.475524 
4.309945106 0.43127626394 -2.04192 0.203075 -0.483649 
4.319829941 0.432306384109 -2.077166 0.197869 -0.473595 
4.33012414 0.433379164991 -2.062191 0.214623 -0.481932 
4.33999896 0.434408241475 -2.047724 0.198273 -0.469743 
4.34987998 0.435437964075 -2.132718 0.21014 -0.480616 
4.360221147 0.436420934501 -2.067753 0.192743 -0.495915 
4.370116949 0.437353608869 -2.10246 0.202997 -0.484586 
4.379966974 0.438281968778 -2.088546 0.211165 -0.503817 
4.389877081 0.439215991386 -2.080463 0.198411 -0.501108 
4.400186062 0.440187607668 -2.129915 0.216662 -0.500312 
4.410023928 0.44115870458 -2.115368 0.200876 -0.508317 
4.41990304 0.442150354527 -2.157048 0.214941 -0.517855 
4.430195093 0.443183454851 -2.1429 0.214096 -0.526121 
4.440076113 0.44417529632 -2.163654 0.217685 -0.524707 
4.449984074 0.445169842085 -2.212682 0.202461 -0.564079 
4.459865093 0.446162884532 -2.169393 0.211597 -0.541578 
4.470186949 0.447200788664 -2.225905 0.208069 -0.571477 
4.480067968 0.448194364862 -2.218238 0.220003 -0.560349 
4.489975929 0.449190650187 -2.238641 0.224327 -0.568785 
4.500287056 0.450227475475 -2.238863 0.223475 -0.566158 
4.510113954 0.451208102648 -2.245405 0.209818 -0.584375 
4.520009041 0.452189527862 -2.280011 0.203834 -0.572235 
4.529886961 0.453169250401 -2.258338 0.208542 -0.580323 
4.540176153 0.454189764163 -2.229176 0.209617 -0.587611 
4.5500741 0.455171473041 -2.271559 0.231837 -0.575075 
4.559937954 0.45614980047 -2.263604 0.202955 -0.591996 
4.570250034 0.457200920926 -2.297719 0.213111 -0.591552 
4.580127954 0.458240658461 -2.276639 0.217916 -0.588755 
4.58999896 0.459279668236 -2.291018 0.233868 -0.59807 
4.59986496 0.460318151086 -2.318485 0.216294 -0.614928 
4.610173941 0.461327990153 -2.330944 0.214194 -0.613743 
4.620079994 0.46228427615 -2.337215 0.201431 -0.628719 
4.629938126 0.463235936068 -2.351218 0.224494 -0.63602 
4.63986206 0.464193948216 -2.356735 0.219981 -0.662622 
4.650128126 0.465184988256 -2.391513 0.221607 -0.669951 
4.659995079 0.466165499358 -2.383586 0.218311 -0.676128 
4.669860125 0.467158692376 -2.446548 0.219663 -0.68473 
4.680168152 0.468196483831 -2.418069 0.236231 -0.681148 
4.690073013 0.469193685344 -2.438514 0.223307 -0.699237 
4.699931145 0.470268244273 -2.473531 0.233107 -0.688155 
4.709828138 0.471214956339 -2.423807 0.230866 -0.705123 
4.720169067 0.472182950724 -2.494475 0.227945 -0.682212 
4.730042934 0.473173899119 -2.466064 0.220888 -0.700146 
4.7399261 0.474165780769 -2.479896 0.219375 -0.707727 
4.750239134 0.47520080428 -2.451154 0.212938 -0.684662 
4.760139942 0.476271201596 -2.450853 0.237293 -0.67208 
4.770033121 0.47728 -2.464863 0.220213 -0.689989 
4.779879093 0.478252674984 -2.464294 0.227774 -0.686813 
4.790213108 0.47927356331 -2.4849 0.223468 -0.684412 
4.800085068 0.480248805625 -2.519947 0.224922 -0.702085 
4.809957027 0.481343685045 -2.512041 0.228683 -0.709369 
4.820265055 0.482375989958 -2.518825 0.215859 -0.72655 
4.83010602 0.483326993354 -2.524691 0.227577 -0.723552 
4.83997798 0.48428099202 -2.587673 0.219018 -0.753009 
4.849867105 0.485236649463 -2.58676 0.219253 -0.769956 
4.860216141 0.486233486178 -2.643048 0.239635 -0.78935 
4.870080948 0.487202568134 -2.66367 0.233481 -0.797532 
4.8799541 0.488191227797 -2.641516 0.229181 -0.825066 
4.890267134 0.48922393556 -2.698209 0.243899 -0.803523 
4.9001441 0.490220132366 -2.697954 0.242945 -0.810866 
4.910076141 0.491349016215 -2.668473 0.243631 -0.817112 
4.919887066 0.492336010256 -2.724812 0.233214 -0.834645 
4.930171966 0.493306394647 -2.717377 0.228172 -0.841435 
4.94007206 0.494240472439 -2.723785 0.24845 -0.849648 
4.949928999 0.49517047854 -2.737389 0.239606 -0.876437 
4.960242033 0.496276717678 -2.751169 0.254498 -0.87357 
4.970091104 0.497294501407 -2.799816 0.256299 -0.861493 
4.979993105 0.498257562341 -2.806118 0.251434 -0.878371 
4.989856958 0.499216913029 -2.777361 0.244995 -0.883885 
5.000174999 0.50022043769 -2.819629 0.250254 -0.892013 
5.010055065 0.501234758005 -2.811495 0.246684 -0.918504 
5.019933939 0.502242351192 -2.845958 0.256826 -0.915314 
5.029848099 0.503228252307 -2.837986 0.244907 -0.941065 
5.040102959 0.504248033904 -2.865214 0.267486 -0.949145 
5.049989939 0.505231232139 -2.900388 0.269778 -0.966699 
5.059865951 0.506203232815 -2.928099 0.267432 -0.994831 
5.070207119 0.507216045926 -2.941008 0.249474 -0.992046 
5.080083132 0.508192543914 -2.955635 0.280533 -0.990364 
5.089956045 0.509170417186 -2.926109 0.257481 -0.99677 
5.100281954 0.510193157934 -2.97618 0.274824 -0.996468 
5.110090971 0.511170924629 -2.975627 0.265421 -0.984462 
5.120098114 0.512170203817 -2.975316 0.266597 -0.991319 
5.129928112 0.513153268704 -3.010409 0.259707 -1.009167 
5.140296936 0.514190219758 -3.00981 0.268393 -1.016884 
5.150126934 0.515173284645 -3.009474 0.275223 -1.004772 
5.159979105 0.516153181575 -3.002156 0.264806 -1.011133 
5.169857025 0.517137728127 -3.016616 0.280194 -1.000254 
5.180191994 0.518176751595 -3.023207 0.26782 -1.016273 
5.190043926 0.519167213063 -3.023277 0.276159 -1.015182 
5.199909925 0.520159088752 -3.051449 0.266018 -1.002864 
5.21023798 0.521215307727 -3.051296 0.281301 -1.011017 
5.220097065 0.522214648644 -3.065792 0.265167 -1.019753 
5.229948997 0.523197570862 -3.044302 0.285548 -1.008458 
5.239836931 0.524184084981 -3.108054 0.278487 -1.017609 
5.250141144 0.525212131043 -3.114986 0.273558 -1.035777 
5.260004044 0.526319984055 -3.114939 0.272878 -1.022807 
5.269922972 0.527336506597 -3.136168 0.276569 -1.011423 
5.280205011 0.528336139097 -3.114774 0.272924 -1.017855 
5.290096998 0.529297850261 -3.12958 0.273302 -1.007089 
5.299996138 0.530260256849 -3.16516 0.267358 -1.015763 
5.309849024 0.53121828856 -3.136468 0.276597 -1.002809 
5.320204019 0.532245001242 -3.150827 0.275748 -0.99112 
5.330071926 0.533246316758 -3.129758 0.281396 -0.989118 
5.339967966 0.534250486985 -3.144386 0.280375 -0.987772 
5.350268125 0.535295663944 -3.165931 0.27555 -0.986907 
5.360146046 0.536259585105 -3.151326 0.267265 -0.993941 
5.370028019 0.537236318216 -3.2152 0.269104 -0.9927 
5.379894972 0.538237514323 -3.172692 0.278729 -0.989851 
5.390233993 0.539286610997 -3.20067 0.293177 -1.008578 
5.400094032 0.540287105543 -3.221049 0.271795 -1.005487 
5.409956932 0.541225025346 -3.199669 0.293013 -1.022651 
5.420272112 0.542220263521 -3.234986 0.27918 -1.031255 
5.430154085 0.543196153013 -3.249243 0.294174 -1.018418 
5.440022945 0.544170747536 -3.284559 0.280341 -1.027021 
5.449903011 0.545146448703 -3.284219 0.288011 -1.044285 
5.460190058 0.546241176492 -3.269133 0.287685 -1.051016 
5.47013402 0.5472786634 -3.326182 0.276639 -1.049645 
5.479969978 0.548247762553 -3.311749 0.277815 -1.036985 
5.48984313 0.549220526288 -3.305105 0.291072 -1.044474 
5.500138044 0.550234844613 -3.326324 0.29392 -1.032295 
5.510028124 0.551190686899 -3.319619 0.290658 -1.028876 
5.519917965 0.552165119188 -3.340769 0.285167 -1.017787 
5.530241966 0.553207890676 -3.312519 0.286729 -1.015233 
5.540125132 0.554206135806 -3.312492 0.30285 -1.023267 
5.549979925 0.555201515133 -3.340796 0.285486 -1.021102 
5.559901953 0.556292569827 -3.319569 0.282398 -1.017318 
5.570152998 0.557349475581 -3.354789 0.276347 -1.035047 
5.580003023 0.558337002505 -3.361637 0.279924 -1.040864 
5.58987999 0.559327230534 -3.382213 0.291858 -1.068769 
5.600214004 0.560355052344 -3.403513 0.303888 -1.056294 
5.610093117 0.56127023333 -3.402852 0.31117 -1.072516 
5.619931936 0.562218135107 -3.416756 0.285914 -1.079342 
5.62985611 0.563195605304 -3.423802 0.297946 -1.076845 
5.640146971 0.564209191917 -3.45204 0.296263 -1.085707 
5.65001297 0.565180932233 -3.494207 0.285285 -1.093025 
5.659896135 0.566154363295 -3.472914 0.297878 -1.100268 
5.67022109 0.567198439543 -3.508082 0.293116 -1.088136 
5.680097103 0.5682323559 -3.529261 0.296247 -1.086053 
5.689964056 0.56926532377 -3.522389 0.292428 -1.092851 
5.699819088 0.570297043634 -3.515223 0.30418 -1.090236 
5.71014595 0.571378159216 -3.493576 0.293489 -1.097393 
5.720046997 0.572369691378 -3.52229 0.291908 -1.096285 
5.729896068 0.573337625772 -3.52206 0.292521 -1.082948 
5.740225077 0.574352726898 -3.515159 0.280081 -1.08074 
5.750087976 0.575322020262 -3.55084 0.290375 -1.090226 
5.759962082 0.576292415013 -3.557613 0.293674 -1.086862 
5.769858122 0.577265819782 -3.571885 0.30145 -1.085094 
5.780185938 0.578283281676 -3.571874 0.301329 -1.091401 
5.790090084 0.57925900502 -3.585275 0.29137 -1.109128 
5.799941063 0.580229490528 -3.613938 0.306194 -1.097572 
5.810250044 0.581245096861 -3.628084 0.296166 -1.115672 
5.820081949 0.582232179205 -3.627911 0.304393 -1.12272 
5.829963922 0.583252595638 -3.614123 0.289261 -1.109623 
5.839839935 0.58427239664 -3.635621 0.29278 -1.108583 
5.850178003 0.585339909623 -3.657307 0.303911 -1.098432 
5.86006999 0.586361360105 -3.628977 0.296292 -1.096173 
5.869907141 0.587316944675 -3.66546 0.299015 -1.107004 
5.880232096 0.588311558538 -3.64471 0.312274 -1.066397 
5.890121937 0.589264257409 -3.652863 0.292262 -1.055557 
5.899990082 0.59021486628 -3.638919 0.29181 -1.065781 
5.909860134 0.591165658855 -3.632205 0.286983 -1.054463 
5.920203924 0.592174607178 -3.618589 0.295705 -1.033982 
5.930083036 0.593173537566 -3.633364 0.302578 -1.033623 
5.939939022 0.594170129559 -3.64848 0.285535 -1.042852 
5.950242042 0.595211923575 -3.670161 0.287762 -1.042178 
5.960116148 0.596210347779 -3.655825 0.296271 -1.039806 
5.969987154 0.597202787599 -3.670676 0.30342 -1.048628 
5.97984004 0.598184332279 -3.671218 0.302957 -1.047044 
5.990262031 0.599222571209 -3.721 0.29645 -1.055041 
6.000137091 0.600206324863 -3.706883 0.28911 -1.052901 
6.009995937 0.601188463279 -3.692411 0.290567 -1.050338 
6.020296097 0.602219276009 -3.70679 0.296773 -1.039754 
6.030173063 0.603214009447 -3.728608 0.300681 -1.039757 
6.040056944 0.604209439311 -3.707625 0.297705 -1.027834 
6.049932003 0.60520398069 -3.750674 0.288338 -1.036202 
6.060261965 0.606244336464 -3.750592 0.296844 -1.023852 
6.070147991 0.607239982356 -3.764469 0.303954 -1.011859 
6.07999897 0.608225811562 -3.764133 0.303563 -1.039396 
6.090289116 0.609253931722 -3.792624 0.308926 -1.047533 
6.100183964 0.610242556442 -3.806522 0.291732 -1.044086 
6.110010147 0.61122432063 -3.834952 0.290322 -1.061214 
6.119917154 0.612221889047 -3.8428 0.294784 -1.060063 
6.130218983 0.613266353553 -3.828748 0.303122 -1.039455 
6.140100956 0.614268250407 -3.850876 0.306576 -1.039704 
6.149940967 0.615265892887 -3.830121 0.31093 -1.008574 
6.159882069 0.616273784612 -3.837732 0.306497 -1.01873 
6.170201063 0.617303353062 -3.8455 0.301777 -1.017874 
6.180113077 0.618270724927 -3.852253 0.297299 -1.006301 
6.189945936 0.619230371589 -3.845534 0.293313 -1.024358 
6.200273991 0.620238347347 -3.86688 0.296999 -1.012058 
6.21013999 0.621201228337 -3.888054 0.291225 -1.019452 
6.220041037 0.622190733279 -3.923395 0.294074 -1.026789 
6.229860067 0.623216919547 -3.91635 0.29776 -1.033531 
6.240200043 0.624297549851 -3.915878 0.297539 -1.021229 
6.25009799 0.62533198373 -3.95199 0.299312 -1.040318 
6.259963036 0.626362979127 -3.952344 0.291236 -1.047844 
6.270311117 0.627397270444 -3.987488 0.301874 -1.036642 
6.28017807 0.628357890717 -3.973755 0.294357 -1.04393 
6.290035009 0.629317536053 -3.980625 0.289875 -1.031441 
6.299907923 0.630278736673 -4.023638 0.295064 -1.039944 
6.310224056 0.631283087914 -4.015975 0.299658 -1.046192 
6.320122003 0.632277614875 -4.023067 0.303347 -1.043871 
6.329952001 0.633303912847 -4.016023 0.307033 -1.050612 
6.340310097 0.634385346733 -4.058539 0.305064 -1.067978 
6.350175142 0.635415303777 -4.065581 0.308192 -1.074958 
6.360033035 0.636444514119 -4.065788 0.292222 -1.081498 
6.369910955 0.637419517575 -4.11528 0.310191 -1.070605 
6.380260944 0.638398001785 -4.087335 0.302394 -1.077774 
6.390136003 0.639331586285 -4.101467 0.294214 -1.085292 
6.400004148 0.640264517138 -4.123116 0.305509 -1.062967 
6.410282135 0.641236194305 -4.115819 0.302148 -1.070433 
6.420156002 0.642194818078 -4.159171 0.300389 -1.068775 
6.430045128 0.643179799808 -4.095381 0.308335 -1.054553 
6.439917087 0.644163071663 -4.138014 0.30564 -1.0639 
6.450268984 0.645194146545 -4.13125 0.294881 -1.062368 
6.460148096 0.646178130856 -4.160004 0.293019 -1.051164 
6.46996808 0.647160196725 -4.153543 0.289869 -1.039606 
6.4802351 0.648192457792 -4.139457 0.290427 -1.039368 
6.490191936 0.649193532511 -4.146996 0.295343 -1.03797 
6.500066042 0.650186289435 -4.168535 0.29858 -1.026833 
6.509917021 0.651176721138 -4.147415 0.303668 -1.034132 
6.520260096 0.652213061274 -4.183035 0.297442 -1.03271 
6.530133009 0.653192416339 -4.189808 0.300742 -1.029346 
6.539998054 0.654170990928 -4.189716 0.301185 -1.055848 
6.550321102 0.655194997656 -4.238936 0.293455 -1.063838 
6.560198069 0.656174754862 -4.238924 0.293334 -1.070145 
6.570080042 0.657155008644 -4.274721 0.303623 -1.078715 
6.579951048 0.65814868903 -4.267195 0.300153 -1.065741 
6.590270996 0.659234512214 -4.28842 0.294939 -1.063834 
6.600149155 0.660273852147 -4.302768 0.302992 -1.071247 
6.610028028 0.661313267204 -4.317152 0.301859 -1.07804 
6.619914055 0.662308067929 -4.337936 0.304323 -1.065733 
6.630208015 0.66330237209 -4.310249 0.307107 -1.063186 
6.640094042 0.664257273584 -4.33909 0.306365 -1.061959 
6.649969101 0.665211115667 -4.353262 0.312297 -1.071689 
6.660295963 0.666208597866 -4.324688 0.28945 -1.058156 
6.67017293 0.667177569408 -4.368152 0.304771 -1.058104 
6.680040121 0.668171626697 -4.346728 0.307621 -1.074944 
6.689907074 0.669165660009 -4.374676 0.299054 -1.072356 
6.700220108 0.670204633169 -4.424356 0.308391 -1.079206 
6.710083008 0.671230672719 -4.430484 0.311754 -1.103132 
6.719970941 0.672258770604 -4.465581 0.314491 -1.118608 
6.729851961 0.673158187434 -4.493183 0.319806 -1.162174 
6.740159035 0.674186814736 -4.534856 0.318516 -1.136334 
6.750080109 0.675176919938 -4.59155 0.314417 -1.173703 
6.759902954 0.676157222064 -4.569794 0.328353 -1.176544 
6.770259142 0.677240591492 -4.633276 0.322186 -1.182455 
6.780142069 0.678279967566 -4.633138 0.321227 -1.188882 
6.789996147 0.67925586946 -4.62554 0.325255 -1.203516 
6.800310135 0.680277318693 -4.660734 0.32021 -1.209866 
6.81021595 0.681258344378 -4.704162 0.318728 -1.217389 
6.820521116 0.682355435555 -4.696179 0.322933 -1.222595 
6.829970121 0.683344079638 -4.70321 0.325218 -1.228779 
6.840350151 0.684354101867 -4.702823 0.326838 -1.233558 
6.850162983 0.685308933254 -4.75231 0.319658 -1.258995 
6.859920978 0.686258428762 -4.758094 0.322916 -1.263397 
6.870291948 0.687255251695 -4.80793 0.341711 -1.279133 
6.880100965 0.688194096649 -4.835573 0.331629 -1.293189 
6.890010118 0.689183557049 -4.863124 0.338234 -1.306893 
6.899889946 0.690170089254 -4.91286 0.340792 -1.321819 
6.910210133 0.691200592704 -4.925722 0.347014 -1.345375 
6.920093059 0.692293406962 -4.989528 0.339266 -1.369219 
6.930000067 0.693339662345 -5.003186 0.34598 -1.383848 
6.939898968 0.694283605559 -5.002631 0.347044 -1.398843 
6.950211048 0.695266948856 -5.073745 0.343499 -1.416017 
6.960097074 0.696209664331 -5.066112 0.346969 -1.411372 
6.969951153 0.697231120633 -5.051827 0.339794 -1.426552 
6.980292082 0.698315227588 -5.094246 0.347458 -1.413881 
6.990159988 0.699268374402 -5.101236 0.350025 -1.430162 
7.000025034 0.700221244966 -5.122481 0.352589 -1.436465 
7.009909153 0.701175957803 -5.150611 0.343452 -1.441347 
7.020204067 0.702211548072 -5.171901 0.347419 -1.467724 
7.030111074 0.703243479429 -5.200111 0.352834 -1.471825 
7.039952993 0.704228940165 -5.185004 0.345451 -1.47745 
7.050292969 0.705264270811 -5.255814 0.351265 -1.4849 
7.060159922 0.706252238175 -5.248815 0.361723 -1.51123 
7.070030928 0.707230476656 -5.269602 0.356847 -1.516299 
7.07991004 0.708195826906 -5.304892 0.359135 -1.532937 
7.090249062 0.709208799822 -5.326016 0.3528 -1.549632 
7.100013971 0.710168148836 -5.361822 0.354908 -1.546203 
7.109946012 0.711143917658 -5.375822 0.34673 -1.583215 
7.120275021 0.712165040116 -5.425715 0.34828 -1.580025 
7.130149126 0.713148702581 -5.44667 0.358354 -1.587187 
7.140022993 0.714124280862 -5.439478 0.354146 -1.592942 
7.149893999 0.715098335164 -5.460637 0.350221 -1.589753 
7.160232067 0.71611847836 -5.488452 0.363993 -1.596425 
7.170109987 0.717060329406 -5.453535 0.362129 -1.602626 
7.179966927 0.717950601562 -5.382262 0.357659 -1.590774 
7.190271139 0.718698125803 -5.340774 0.36011 -1.56265 
7.200176954 0.719406879098 -5.328256 0.344969 -1.545824 
7.210052013 0.720113431825 -5.264808 0.344523 -1.507234 
7.219896078 0.720727994105 -5.195427 0.348762 -1.489773 
