0.0 0.000296174000514 -0.037901 0.010082 -0.039186 
0.009873152 0.00130645414895 -0.038337 0.010467 -0.039313 
0.0201931 0.00238755080865 -0.038028 0.01092 -0.039066 
0.030084134 0.00342371531437 -0.052277 0.002014 -0.038565 
0.039936066 0.00445578357449 -0.045634 0.014549 -0.03895 
0.049875021 0.00549696818622 -0.052347 0.010353 -0.037474 
0.060134173 0.00652009086173 -0.044472 0.006896 -0.027246 
0.069973231 0.00748979101896 -0.023642 0.003752 -0.026582 
0.079898119 0.00846795025473 -0.023424 0.002635 -0.0461 
0.090171099 0.00948041611489 -0.0659 0.007447 -0.026811 
0.100066185 0.0104556381788 -0.030634 0.005597 -0.03576 
0.109933138 0.011423170531 -0.044573 -0.002856 -0.035011 
0.119831086 0.0123919949991 -0.051743 0.000388 -0.034768 
0.130116225 0.0133987182434 -0.036475 0.000632 -0.034029 
0.140023232 0.0143684294187 -0.022511 -0.006875 -0.043148 
0.149873019 0.0153325398234 -0.057417 -0.005133 -0.043254 
0.160164118 0.0163739285872 -0.04297 -0.004682 -0.05207 
0.170077086 0.0173959070786 -0.056788 -0.005068 -0.041964 
0.179945231 0.018413264538 -0.019802 -0.006888 -0.029724 
0.189877034 0.0194371848258 -0.069505 -0.013554 -0.050812 
0.200073004 0.0204883394385 -0.055145 -0.021727 -0.049707 
0.209949017 0.0214536406844 -0.061058 -0.00933 -0.05968 
0.21984005 0.022405675158 -0.068359 -0.013309 -0.069589 
0.230136156 0.0233966988313 -0.060297 -0.024378 -0.068472 
0.240016222 0.0243476777062 -0.073622 -0.017648 -0.057268 
0.249903202 0.0252993220693 -0.052006 -0.020441 -0.066328 
0.259817124 0.0262826625957 -0.072081 -0.01807 -0.065822 
0.27007103 0.0273215131118 -0.086436 -0.018801 -0.076403 
0.279987097 0.0283261362595 -0.078298 -0.015031 -0.085518 
0.289819003 0.0293222328322 -0.091846 -0.015245 -0.065069 
0.300129176 0.0303667839079 -0.069647 -0.026316 -0.073015 
0.310020209 0.031359375205 -0.054978 -0.034036 -0.071663 
0.319900036 0.0323452129855 -0.096891 -0.020702 -0.072265 
0.32980609 0.033333667772 -0.067684 -0.026399 -0.059965 
0.340066195 0.0343574507937 -0.103214 -0.033626 -0.070837 
0.349942208 0.0353429080021 -0.088687 -0.02539 -0.060199 
0.359829188 0.0363314893925 -0.102216 -0.035233 -0.070703 
0.370095015 0.0373594629448 -0.102023 -0.044529 -0.049642 
0.38003707 0.0383550154314 -0.058644 -0.026648 -0.059334 
0.389896155 0.0393422596768 -0.101105 -0.036954 -0.049212 
0.400188208 0.0403728593824 -0.086705 -0.044846 -0.058204 
0.410105229 0.0413653872422 -0.064738 -0.039682 -0.037465 
0.419977189 0.0423531342927 -0.107529 -0.03364 -0.048595 
0.429822207 0.0433381856394 -0.070985 -0.043138 -0.046755 
0.440143109 0.0443708519499 -0.085072 -0.043696 -0.046993 
0.450010062 0.045358098021 -0.091978 -0.048342 -0.046678 
0.459882021 0.0463552997271 -0.091897 -0.047778 -0.066872 
0.470180035 0.0474014948038 -0.126803 -0.046036 -0.066978 
0.480105162 0.0484098075719 -0.105152 -0.039642 -0.076658 
0.489972115 0.0494122103313 -0.125875 -0.044674 -0.066238 
0.499829054 0.0504135957492 -0.089474 -0.055182 -0.074861 
0.510148049 0.0514296708568 -0.096197 -0.058535 -0.074181 
0.520004034 0.05238885206 -0.103428 -0.038771 -0.084845 
0.529882193 0.0533501912297 -0.095796 -0.041394 -0.073583 
0.540194035 0.0543537362856 -0.131184 -0.047611 -0.073991 
0.550099135 0.0553176973444 -0.116794 -0.05466 -0.083779 
0.559986115 0.0563221589056 -0.109259 -0.049949 -0.082804 
0.570295096 0.0574032423522 -0.115997 -0.038185 -0.072957 
0.580190182 0.0584409214086 -0.10867 -0.050166 -0.071418 
0.590095044 0.0594796256558 -0.12302 -0.042835 -0.071727 
0.599939108 0.0605119541311 -0.094204 -0.042377 -0.091437 
0.610222102 0.0615303446961 -0.122229 -0.051388 -0.090927 
0.620079041 0.0624927991461 -0.122539 -0.051842 -0.091174 
0.62993908 0.0634555562874 -0.115196 -0.047581 -0.091361 
0.639861107 0.0644243660812 -0.136721 -0.045068 -0.101699 
0.650161028 0.065430074324 -0.143358 -0.049541 -0.091041 
0.660072089 0.0664391823023 -0.129272 -0.048983 -0.090803 
0.669928074 0.0674644560798 -0.129226 -0.040639 -0.090627 
0.680239201 0.0685370762318 -0.128952 -0.049372 -0.08976 
0.690116167 0.0695645325683 -0.136665 -0.037567 -0.100728 
0.700023175 0.070595114039 -0.122442 -0.061026 -0.120048 
0.709882021 0.0715409598596 -0.114882 -0.040916 -0.120004 
0.720154047 0.0725116689381 -0.136477 -0.04518 -0.109838 
0.730040074 0.0734459010126 -0.136477 -0.04518 -0.109838 
0.739882231 0.0743759873609 -0.143424 -0.050107 -0.099427 
0.750189066 0.0753499858988 -0.136806 -0.052971 -0.098882 
0.76008606 0.0763223097609 -0.150893 -0.05353 -0.09912 
0.769963026 0.0773092870928 -0.158336 -0.041553 -0.099744 
0.779874087 0.0782996714417 -0.136933 -0.052133 -0.098762 
0.790111065 0.0793226237564 -0.158463 -0.057681 -0.119373 
0.80004716 0.0803155096823 -0.15215 -0.052938 -0.108802 
0.809890032 0.0813031891196 -0.145203 -0.048011 -0.119213 
0.820207119 0.0823419325366 -0.145466 -0.040121 -0.119285 
0.830053091 0.0833332432234 -0.159801 -0.057653 -0.108862 
0.839945078 0.0843291867855 -0.167508 -0.037787 -0.109556 
0.849879027 0.0853293551594 -0.153797 -0.053363 -0.098537 
0.860141039 0.0863559685155 -0.161555 -0.049903 -0.10968 
0.870045185 0.0873416677201 -0.155531 -0.038276 -0.110559 
0.879892111 0.0883216721674 -0.148787 -0.041978 -0.110134 
0.890198231 0.0893473773909 -0.148975 -0.051332 -0.120772 
0.900092125 0.0903320562766 -0.142145 -0.056155 -0.110369 
0.909945012 0.0913326909587 -0.164466 -0.05315 -0.111781 
0.919931174 0.0923639390516 -0.151099 -0.037262 -0.112847 
0.930062056 0.0934101320477 -0.165358 -0.045325 -0.113141 
0.940020085 0.0944384749102 -0.173324 -0.04159 -0.103971 
0.949897051 0.0954584465821 -0.158761 -0.041134 -0.113702 
0.960243225 0.0964764011279 -0.17306 -0.049479 -0.1039 
0.970059157 0.0974224746126 -0.166352 -0.03823 -0.135062 
0.97994113 0.0983749132229 -0.16578 -0.045665 -0.134744 
0.989839077 0.0993288914299 -0.158134 -0.049012 -0.144957 
1.00012517 0.1003202797 -0.15138 -0.044534 -0.15653 
1.010017157 0.10129927692 -0.187042 -0.042018 -0.157806 
1.019857169 0.102296837752 -0.158661 -0.024209 -0.157894 
1.030162096 0.10334153074 -0.144312 -0.03154 -0.157585 
1.040038109 0.104342741281 -0.165715 -0.020961 -0.158566 
1.049933196 0.105425913517 -0.172661 -0.025888 -0.148155 
1.059873104 0.106384296093 -0.158093 -0.01737 -0.147614 
1.070095063 0.107341758413 -0.179015 -0.015798 -0.168042 
1.080014229 0.108329841355 -0.164057 -0.016008 -0.167549 
1.089857102 0.109310324484 -0.199313 -0.015001 -0.157805 
1.100155116 0.110336145805 -0.177646 -0.018355 -0.176165 
1.110029221 0.111374558523 -0.176459 -0.010608 -0.165392 
1.119929076 0.112414311592 -0.190637 -0.012738 -0.185394 
1.130215168 0.113430491495 -0.168741 -0.016202 -0.183314 
1.140171051 0.114414049508 -0.203647 -0.014459 -0.18342 
1.150006056 0.115385665785 -0.195818 -0.011143 -0.192781 
1.159881115 0.11644424117 -0.195382 -0.011528 -0.192654 
1.170174122 0.117516328716 -0.209022 -0.013314 -0.191969 
1.180058003 0.1184747096 -0.215446 -0.01 -0.191352 
1.189934016 0.11943232757 -0.222226 -0.015484 -0.191157 
1.20024705 0.120432320856 -0.207704 -0.015309 -0.190792 
1.210147143 0.12139133322 -0.2218 -0.009655 -0.191341 
1.220019102 0.122354703448 -0.221238 -0.010878 -0.191333 
1.229924202 0.123334248788 -0.221364 -0.01004 -0.191213 
1.240161181 0.124346614648 -0.228286 -0.016534 -0.201482 
1.250037194 0.125323283487 -0.2211 -0.012559 -0.190657 
1.259943009 0.126437685514 -0.235765 -0.013744 -0.201485 
1.270266056 0.127527079135 -0.221719 -0.013467 -0.19115 
1.280133009 0.128465746639 -0.242848 -0.01162 -0.191264 
1.289977074 0.12940223675 -0.249856 -2.8e-05 -0.191761 
1.300307036 0.130384951438 -0.235668 -0.015707 -0.190712 
1.310181141 0.131417181959 -0.235329 -0.008758 -0.200872 
1.320043087 0.132453897669 -0.249886 -0.001152 -0.180868 
1.329932213 0.133410074287 -0.249692 -0.000703 -0.179706 
1.34021616 0.134404426028 -0.263536 -0.002095 -0.180979 
1.350121022 0.135362124154 -0.23513 -0.000247 -0.189437 
1.359982014 0.136347777169 -0.249216 -0.000806 -0.189676 
1.37028718 0.137401845648 -0.235119 -0.00109 -0.188642 
1.380175114 0.138395362825 -0.277505 -0.001927 -0.189237 
1.390034199 0.139385981321 -0.255761 0.011408 -0.178666 
1.399889231 0.140376192581 -0.255533 0.004077 -0.197874 
1.410219193 0.141398968577 -0.283553 0.003128 -0.187091 
1.420109034 0.14236644642 -0.262946 0.008155 -0.196595 
1.429947138 0.143333426196 -0.284501 0.004174 -0.196527 
1.440288067 0.144352490887 -0.26292 0.009161 -0.185217 
1.450147152 0.14532407143 -0.276342 0.000887 -0.204535 
1.460025072 0.146299010069 -0.311725 0.002733 -0.194671 
1.469900132 0.147275499102 -0.255253 0.013874 -0.213736 
1.480201006 0.148307948741 -0.30529 0.008321 -0.214391 
1.490091086 0.149299224775 -0.33403 0.005735 -0.224662 
1.499947071 0.15028708349 -0.284099 0.00507 -0.222782 
1.510265112 0.151320353114 -0.341063 0.001928 -0.224228 
1.520150185 0.152309846767 -0.305797 7.8e-05 -0.233176 
1.529987097 0.15329607694 -0.319574 -2.6e-05 -0.233168 
1.539874077 0.154287326836 -0.355696 0.009811 -0.213405 
1.550204039 0.155322989268 -0.305482 0.008594 -0.222657 
1.560079098 0.156342063087 -0.341042 -0.005128 -0.223122 
1.569939137 0.15736535664 -0.327041 0.018887 -0.212626 
1.580261231 0.158390190719 -0.333836 -0.008209 -0.21119 
1.590132237 0.159370238308 -0.383508 0.008587 -0.222936 
1.600013018 0.160351256413 -0.33376 0.006629 -0.221422 
1.609864235 0.161417855636 -0.35461 0.002436 -0.210883 
1.620160103 0.162503615594 -0.361344 0.005295 -0.210512 
1.630042077 0.163467784671 -0.35425 0.002329 -0.219937 
1.639919043 0.164431465125 -0.375693 0.012626 -0.210821 
1.650254012 0.165439832232 -0.354077 0.009834 -0.219881 
1.660133124 0.166399160881 -0.383202 0.008922 -0.200418 
1.669966221 0.167363854343 -0.368919 0.015418 -0.220803 
1.679834128 0.168362758061 -0.355172 0.009028 -0.210404 
1.690157175 0.16940773447 -0.40524 0.016744 -0.212475 
1.700044156 0.170408569001 -0.384441 0.004533 -0.233463 
1.709901095 0.171375920193 -0.391879 0.024571 -0.223814 
1.720243216 0.172388264236 -0.399729 0.011345 -0.235308 
1.73011303 0.173389629977 -0.392281 0.021824 -0.236721 
1.739986182 0.174391334383 -0.38608 0.016936 -0.227607 
1.750294209 0.175437160079 -0.372582 0.017711 -0.238755 
1.760155201 0.176405573144 -0.401338 0.015127 -0.220447 
1.770048142 0.17737207067 -0.38781 0.022397 -0.242002 
1.779920102 0.178341267883 -0.37379 0.021668 -0.243046 
1.790224076 0.179352878838 -0.402713 0.019641 -0.214521 
1.800097227 0.18032219298 -0.360211 0.020483 -0.214841 
1.809981108 0.181342926637 -0.402384 0.017687 -0.205578 
1.820298195 0.182441995986 -0.360313 0.026975 -0.195753 
1.830175162 0.183416221921 -0.381625 0.02216 -0.19672 
1.840039015 0.184389154341 -0.402815 0.030781 -0.187844 
1.849887133 0.185360534722 -0.381949 0.027078 -0.167902 
1.860216141 0.186362746979 -0.360774 0.033574 -0.167611 
1.870093108 0.187327769223 -0.375485 0.024046 -0.178616 
1.87996912 0.18832482512 -0.375626 0.040002 -0.16933 
1.89026618 0.189364388904 -0.390818 0.039481 -0.160887 
1.900158167 0.190363057595 -0.362342 0.03299 -0.170437 
1.910041094 0.191413139091 -0.397877 0.034668 -0.171832 
1.919881106 0.192451803831 -0.383755 0.044413 -0.172214 
1.930182219 0.193496045694 -0.412288 0.043403 -0.163636 
1.940088034 0.194500215506 -0.39875 0.04446 -0.184881 
1.949951172 0.195500059076 -0.383762 0.045375 -0.195282 
1.960276127 0.196441066916 -0.419845 0.033157 -0.205851 
1.970169068 0.197365919949 -0.427085 0.053764 -0.217311 
1.980013132 0.198339330656 -0.412782 0.047835 -0.237076 
1.989858151 0.199312835796 -0.484394 0.045356 -0.238768 
2.00018406 0.200333892788 -0.449214 0.044627 -0.257694 
2.010093213 0.201313739691 -0.513531 0.047812 -0.279648 
2.019951106 0.20230200503 -0.500063 0.057208 -0.299801 
2.030230046 0.203378406498 -0.536318 0.052601 -0.32984 
2.040150166 0.204417232655 -0.558269 0.049285 -0.339995 
2.050022126 0.205451015539 -0.5587 0.05051 -0.369497 
2.059870005 0.206482276682 -0.595126 0.055364 -0.379843 
2.070164204 0.207524342092 -0.6241 0.061792 -0.401077 
2.080055237 0.20849652889 -0.617214 0.051879 -0.429836 
2.089941025 0.209468200158 -0.703339 0.048384 -0.431098 
2.100220204 0.210478537714 -0.654133 0.054987 -0.440794 
2.110139132 0.211453466303 -0.718298 0.041373 -0.471238 
2.120015145 0.212424503076 -0.697472 0.062249 -0.480511 
2.12984705 0.213391968588 -0.747423 0.048356 -0.510835 
2.140154124 0.214406191023 -0.79747 0.058762 -0.531699 
2.15004921 0.215379873585 -0.755394 0.06889 -0.551249 
2.159924031 0.216351562058 -0.841214 0.057787 -0.562536 
2.170212031 0.21737619456 -0.855955 0.05688 -0.582546 
2.180127144 0.218397272072 -0.856553 0.058661 -0.601832 
2.189986229 0.219412579711 -0.942719 0.062057 -0.644954 
2.199842215 0.22042756821 -0.914698 0.063728 -0.66284 
2.210146189 0.221488691379 -0.986711 0.06897 -0.704441 
2.220053196 0.222475683515 -1.008626 0.063245 -0.734481 
2.229921103 0.2234292022 -1.030096 0.050922 -0.764082 
2.240226031 0.224424949465 -1.087789 0.064675 -0.774733 
2.250121117 0.22538109441 -1.080994 0.05319 -0.823256 
2.259975195 0.226333276823 -1.138115 0.059507 -0.833588 
2.269845009 0.227287522256 -1.181063 0.058041 -0.873353 
2.280171156 0.228330502947 -1.216674 0.069741 -0.903828 
2.290025235 0.229325802949 -1.267831 0.063099 -0.913489 
2.299908162 0.23032401671 -1.260438 0.059579 -0.962625 
2.310195208 0.231363048049 -1.36714 0.067296 -0.984688 
2.320099116 0.232360310682 -1.332547 0.05776 -1.002205 
2.329964161 0.233341297158 -1.410615 0.05025 -1.032034 
2.339840174 0.234323374299 -1.490101 0.066343 -1.063367 
2.350128174 0.235346419695 -1.469742 0.064142 -1.082108 
2.360029221 0.236330986233 -1.526842 0.053658 -1.071436 
2.369902134 0.237315204546 -1.562687 0.062776 -1.132139 
2.380187035 0.238350297232 -1.619948 0.053689 -1.140625 
2.390091181 0.239347069985 -1.655899 0.06381 -1.160454 
2.399959088 0.240340195574 -1.647963 0.051729 -1.19838 
2.410280228 0.241378935424 -1.733129 0.05609 -1.209308 
2.420173169 0.242374580483 -1.7468 0.055704 -1.257277 
2.430033207 0.243361962212 -1.795452 0.049443 -1.255473 
2.439926148 0.244350632812 -1.837639 0.055266 -1.283795 
2.450192213 0.245376592297 -1.865066 0.037974 -1.31075 
2.460104227 0.246367168996 -1.928569 0.038863 -1.317768 
2.469974041 0.247358115378 -1.935215 0.05107 -1.334422 
2.479850054 0.248361953901 -1.990828 0.033385 -1.340379 
2.490176201 0.249411545893 -2.060918 0.029239 -1.346039 
2.500043154 0.250414463521 -2.038433 0.01906 -1.379324 
2.509889126 0.251415248553 -2.108254 0.015086 -1.374641 
2.520225048 0.252450917421 -2.128839 0.01884 -1.390547 
2.530102015 0.253413917967 -2.191415 -0.005621 -1.396675 
2.539950133 0.254374105747 -2.226812 0.004843 -1.424396 
2.549828053 0.25533719921 -2.253939 -0.005782 -1.451415 
2.560088158 0.256337555566 -2.324663 -0.001088 -1.448888 
2.569968224 0.257313134703 -2.353098 -0.01056 -1.476288 
2.579866171 0.258349611237 -2.41681 -0.01734 -1.495536 
2.590147019 0.259426183752 -2.45236 -0.016789 -1.514618 
2.600067139 0.260464982161 -2.487727 -0.014946 -1.533333 
2.609911204 0.26149581637 -2.537247 -0.014949 -1.553569 
2.619838238 0.262510007781 -2.587649 -0.013341 -1.574855 
2.630078078 0.263506907335 -2.651448 -0.014352 -1.596491 
2.639935017 0.264466529565 -2.687086 -0.013403 -1.618446 
2.649810076 0.265427915867 -2.723057 -0.011341 -1.619968 
2.66011715 0.266431360987 -2.765282 -0.016149 -1.633463 
2.670027018 0.267413935755 -2.780272 -0.003392 -1.628268 
2.679905177 0.26844245433 -2.780944 -0.000535 -1.597664 
2.690211058 0.269515507521 -2.60009 0.014949 -1.386441 
2.700125218 0.270547774537 -2.227173 0.010957 -0.990399 
2.709989071 0.271574803565 -2.000653 0.016984 -0.824873 
2.719819069 0.272553149875 -1.857236 0.030496 -0.787816 
2.730130196 0.273528471251 -1.775724 0.029035 -0.800761 
2.740022183 0.274464146504 -1.732467 0.045826 -0.833566 
2.749871016 0.275395739855 -1.704998 0.052329 -0.804873 
2.760240078 0.276376541256 -1.672696 0.062594 -0.765561 
2.770140171 0.277328616499 -1.654621 0.079232 -0.704406 
2.780007124 0.278316369843 -1.670935 0.092422 -0.66391 
2.78985405 0.279302118339 -1.643845 0.107532 -0.641476 
2.80016017 0.280333835475 -1.650739 0.100719 -0.64843 
2.810036183 0.28132249579 -1.650422 0.108632 -0.653078 
2.819907189 0.282310559563 -1.671147 0.117271 -0.647864 
2.830196143 0.283340132665 -1.642338 0.116167 -0.631095 
2.840117217 0.284332893537 -1.628241 0.122381 -0.58331 
2.849989176 0.285320739673 -1.592615 0.126923 -0.554561 
2.859847069 0.286307178283 -1.584508 0.128846 -0.545679 
2.870131016 0.287335116053 -1.605166 0.12975 -0.526388 
2.880025149 0.28832096309 -1.596688 0.142319 -0.506501 
2.889891148 0.289304006867 -1.638657 0.153523 -0.507589 
2.90012908 0.290324109884 -1.630686 0.148104 -0.486588 
2.910040141 0.291311643619 -1.622182 0.150083 -0.474586 
2.919944048 0.292301184653 -1.621477 0.155241 -0.463629 
2.929833174 0.293325681041 -1.663299 0.144157 -0.451422 
2.940085173 0.294387770445 -1.619604 0.134818 -0.437651 
2.949976206 0.295412464394 -1.611216 0.136792 -0.424733 
2.959842205 0.296434564864 -1.609866 0.143864 -0.401904 
2.970174075 0.297482100058 -1.616549 0.146163 -0.410835 
2.979958058 0.298426616691 -1.635908 0.147478 -0.399062 
2.989932061 0.29938947729 -1.684683 0.147544 -0.418924 
2.999853135 0.300347228281 -1.684236 0.146317 -0.418001 
3.010111094 0.301337501148 -1.711532 0.135527 -0.427699 
3.019962073 0.302291980746 -1.689652 0.147181 -0.416453 
3.029877186 0.303291784387 -1.681493 0.134149 -0.404563 
3.04016018 0.304328683799 -1.673831 0.138022 -0.403707 
3.050037146 0.305324640836 -1.637245 0.151142 -0.391729 
3.0599401 0.30634813167 -1.63648 0.134411 -0.37035 
3.069846154 0.307408011605 -1.614032 0.130568 -0.369059 
3.080090046 0.30833603377 -1.641936 0.129623 -0.359192 
3.089962006 0.309312109424 -1.670342 0.127774 -0.350733 
3.099829197 0.310296739661 -1.669906 0.12739 -0.350606 
3.110116005 0.311323242765 -1.690696 0.130816 -0.361367 
3.119988203 0.312315363646 -1.676696 0.122749 -0.351207 
3.129881144 0.313391638441 -1.68305 0.117724 -0.351681 
3.140171051 0.314417253513 -1.697816 0.132777 -0.363321 
3.150048018 0.31540171005 -1.683157 0.1259 -0.362765 
3.159962178 0.316389873686 -1.710929 0.115212 -0.362494 
3.169827223 0.317391491591 -1.717673 0.118914 -0.362919 
3.18010521 0.318501485371 -1.724493 0.122894 -0.372526 
3.189996004 0.319462845914 -1.759445 0.116293 -0.372808 
3.199860096 0.320421611088 -1.759805 0.131516 -0.383167 
3.210157156 0.321422459673 -1.788165 0.138011 -0.374533 
3.220066071 0.322383315534 -1.788195 0.136886 -0.36364 
3.229973078 0.323333460332 -1.801779 0.127486 -0.342571 
3.239802123 0.324309898277 -1.794639 0.123117 -0.331921 
3.250097037 0.325335965864 -1.772871 0.110747 -0.309823 
3.260031224 0.326326080719 -1.758297 0.127326 -0.299009 
3.269852162 0.327368100094 -1.772413 0.125643 -0.288355 
3.280173064 0.328534766314 -1.771931 0.133602 -0.288052 
3.290062189 0.329471500356 -1.785611 0.131534 -0.27727 
3.299905062 0.33040385324 -1.784592 0.122871 -0.276029 
3.309854031 0.331346255924 -1.797963 0.121258 -0.265001 
3.320108176 0.332362141805 -1.797289 0.1127 -0.283285 
3.330003024 0.333419624888 -1.824437 0.110982 -0.272248 
3.339872122 0.334398567817 -1.830682 0.129862 -0.261302 
3.350163222 0.335395410833 -1.801547 0.129931 -0.27997 
3.360090018 0.336356965698 -1.814285 0.128501 -0.289923 
3.369934082 0.337316561034 -1.862917 0.129578 -0.299322 
3.379825116 0.338346702187 -1.875737 0.120364 -0.32873 
3.390095234 0.339383048155 -1.909583 0.113725 -0.337692 
3.399988175 0.340375765762 -1.936787 0.119622 -0.347039 
3.409849167 0.341365277413 -1.956862 0.121992 -0.346533 
3.420175076 0.342396688674 -1.962906 0.132537 -0.366174 
3.43007803 0.343361155031 -1.962317 0.13232 -0.354787 
3.439928055 0.344323893959 -1.968944 0.127003 -0.343333 
3.449848175 0.345302994161 -1.95318 0.110344 -0.331559 
3.460083008 0.346313156039 -1.973847 0.112812 -0.320168 
3.469961167 0.347288677498 -1.952093 0.125305 -0.308802 
3.479835034 0.348265616702 -1.94329 0.12858 -0.297349 
3.490143061 0.349295420463 -1.971508 0.134235 -0.317414 
3.500029087 0.350287803988 -1.963086 0.113314 -0.305452 
3.509894133 0.351278081489 -1.962457 0.113379 -0.304163 
3.5201962 0.352314599986 -1.954592 0.131251 -0.313659 
3.530111075 0.353322487375 -2.01081 0.128178 -0.314731 
3.539966107 0.354308819892 -2.01798 0.131422 -0.314488 
3.549850226 0.355293632885 -2.002961 0.114693 -0.303087 
3.560117007 0.356316572746 -2.030921 0.121363 -0.313605 
3.570004225 0.357306811799 -2.066004 0.129875 -0.303805 
3.579870224 0.358344679089 -2.06536 0.129216 -0.323991 
3.590152026 0.35937369393 -2.079497 0.134588 -0.314442 
3.600046158 0.360361696909 -2.100429 0.137004 -0.335666 
3.609923125 0.361347985834 -2.121249 0.139305 -0.335534 
3.619817019 0.362359525984 -2.120808 0.130016 -0.344883 
3.63008523 0.363508585778 -2.141795 0.132873 -0.334535 
3.639998198 0.36447700951 -2.113617 0.142052 -0.323786 
3.649868012 0.365441217415 -2.11348 0.140371 -0.323109 
3.660158158 0.36644648865 -2.106188 0.13617 -0.301201 
3.670075179 0.367408825455 -2.127276 0.155265 -0.291663 
3.679951191 0.368350919733 -2.140932 0.14626 -0.302047 
3.689788103 0.369343856471 -2.119249 0.13501 -0.289926 
3.700095177 0.370392165057 -2.111455 0.146106 -0.278917 
3.709969044 0.371396413164 -2.139724 0.152321 -0.289681 
3.719861031 0.372389726372 -2.160676 0.137654 -0.279803 
3.730151177 0.373377531387 -2.167349 0.148133 -0.300733 
3.740054131 0.374378179802 -2.16744 0.163527 -0.300748 
3.74992323 0.375382777761 -2.181238 0.153512 -0.321595 
3.759844065 0.376392642044 -2.188069 0.14859 -0.312099 
3.770085097 0.377408709589 -2.216327 0.153963 -0.322067 
3.779998064 0.378353620939 -2.208538 0.156997 -0.321331 
3.789836169 0.379319600657 -2.22948 0.151231 -0.330556 
3.800146103 0.380338051724 -2.215028 0.159744 -0.3291 
3.810015202 0.381312955579 -2.278212 0.159522 -0.327971 
3.819914103 0.38229284094 -2.256849 0.163776 -0.336305 
3.82983017 0.38339867888 -2.27742 0.158912 -0.314626 
3.840069056 0.384404382205 -2.262903 0.142001 -0.311738 
3.849951029 0.385371322413 -2.226732 0.14845 -0.298781 
3.859827042 0.386337679443 -2.21904 0.144424 -0.296024 
3.870140076 0.387345778165 -2.233058 0.167489 -0.274745 
3.880022049 0.38830915405 -2.203806 0.153169 -0.282019 
3.889893055 0.389299096671 -2.181625 0.157097 -0.258527 
3.899824143 0.390298684419 -2.245089 0.157545 -0.268537 
3.910050154 0.391327956872 -2.230536 0.149821 -0.26627 
3.919943095 0.392343087907 -2.216079 0.149429 -0.27429 
3.929836035 0.393445921967 -2.243703 0.147814 -0.253283 
3.940126181 0.394485153775 -2.257358 0.153924 -0.28308 
3.950007201 0.395483066757 -2.27148 0.144179 -0.282698 
3.959903002 0.396482472516 -2.291818 0.15444 -0.282263 
3.970236063 0.397472956636 -2.298942 0.166027 -0.281844 
3.980107069 0.398375645332 -2.312977 0.164907 -0.291383 
3.989964009 0.399343912354 -2.348568 0.150061 -0.280955 
3.999828101 0.400312881931 -2.312976 0.155884 -0.278588 
4.010135174 0.401325366422 -2.340702 0.15354 -0.278141 
4.020014048 0.402295788064 -2.29828 0.15454 -0.265371 
4.029889107 0.403265834952 -2.348073 0.148876 -0.274165 
4.040229082 0.404341555037 -2.340401 0.151905 -0.272513 
4.050102234 0.405380158238 -2.283406 0.147148 -0.269165 
4.059976101 0.406418836653 -2.32577 0.161591 -0.248419 
4.069828034 0.407455207728 -2.311795 0.153241 -0.256742 
4.080138207 0.408527384978 -2.283053 0.146803 -0.233676 
4.090012074 0.409498208155 -2.339925 0.160348 -0.234771 
4.099884034 0.410468843831 -2.311164 0.144282 -0.242658 
4.110172034 0.411480385596 -2.331918 0.147871 -0.241244 
4.120087147 0.412455264182 -2.317775 0.15593 -0.240034 
4.12994504 0.413424516756 -2.331273 0.155155 -0.228886 
4.139853001 0.414399130964 -2.374215 0.152005 -0.238479 
4.150105238 0.41540770005 -2.352513 0.148093 -0.237561 
4.160021067 0.416383174826 -2.366239 0.147427 -0.246854 
4.169873238 0.417352387214 -2.366503 0.155316 -0.246925 
4.180164099 0.418364755956 -2.372947 0.151292 -0.235105 
4.190044165 0.419372003757 -2.352019 0.155931 -0.243566 
4.199932099 0.420388370182 -2.352029 0.14775 -0.231567 
4.209835053 0.421406280492 -2.387132 0.148925 -0.210564 
4.220098019 0.422461195914 -2.323165 0.164495 -0.218557 
4.229970217 0.423459151966 -2.351829 0.147238 -0.207338 
4.239862204 0.424415158912 -2.351726 0.163082 -0.20619 
4.250148058 0.425409230968 -2.352035 0.148234 -0.194128 
4.260053158 0.426366505213 -2.330276 0.151822 -0.192238 
4.269916058 0.427319701057 -2.308472 0.158384 -0.190659 
4.279859066 0.428280638906 -2.322274 0.14825 -0.189234 
4.290088177 0.429296487069 -2.365014 0.15373 -0.209665 
4.300005198 0.430297105874 -2.328637 0.150159 -0.197122 
4.309847117 0.431290146952 -2.392588 0.151553 -0.197959 
4.320143223 0.432329015103 -2.37162 0.156473 -0.216517 
4.330023051 0.433325881167 -2.399341 0.162191 -0.205798 
4.339927197 0.43431827253 -2.421074 0.148013 -0.215572 
4.350188017 0.435344144704 -2.413538 0.152723 -0.214598 
4.360135079 0.436338647494 -2.420824 0.155962 -0.213439 
4.370011092 0.437326046836 -2.420443 0.139054 -0.201488 
4.379904032 0.438315138533 -2.392305 0.157696 -0.200541 
4.390150071 0.439347283233 -2.449536 0.162325 -0.179787 
4.400065184 0.440347798079 -2.414037 0.151461 -0.177771 
4.409926176 0.441342851679 -2.442336 0.151182 -0.178128 
4.419866085 0.442345868641 -2.378607 0.148936 -0.174664 
4.430085183 0.443377058025 -2.427974 0.160696 -0.164377 
4.439994097 0.444372398075 -2.427695 0.143059 -0.172987 
4.449871064 0.44535175449 -2.392154 0.149444 -0.161319 
4.460137129 0.446369692143 -2.442408 0.160124 -0.161869 
4.470035077 0.447351128941 -2.399227 0.16047 -0.170201 
4.479928017 0.448332069168 -2.420873 0.171883 -0.170147 
4.490235091 0.449381160287 -2.449121 0.161298 -0.159907 
4.500135184 0.450391741238 -2.449075 0.169641 -0.159731 
4.509993077 0.4513980145 -2.477249 0.151558 -0.179957 
4.519841195 0.452403289951 -2.498843 0.169631 -0.149556 
4.5300982 0.453450303738 -2.491978 0.166774 -0.179421 
4.540021181 0.454418128537 -2.519901 0.163861 -0.157865 
4.54984808 0.455371976738 -2.498883 0.153105 -0.166312 
4.560153008 0.456372224836 -2.541688 0.15987 -0.155966 
4.570113182 0.457339009378 -2.477919 0.157906 -0.162599 
4.580027104 0.458301304469 -2.513884 0.153636 -0.14154 
4.589873076 0.4593172768 -2.535033 0.148146 -0.130451 
4.600145102 0.460394779661 -2.470666 0.154145 -0.137697 
4.610004187 0.461428966325 -2.535219 0.15648 -0.128444 
4.61985302 0.462462077587 -2.499501 0.161465 -0.126197 
4.630198002 0.463545620025 -2.513683 0.153846 -0.124414 
4.640116215 0.464510517131 -2.520385 0.148807 -0.122141 
4.649943114 0.465466530721 -2.484511 0.154078 -0.130906 
4.65981102 0.466426533691 -2.534536 0.164649 -0.111016 
4.670184136 0.467435686208 -2.498819 0.152667 -0.128517 
4.680037022 0.468394227953 -2.526823 0.16796 -0.119461 
4.689889193 0.469409141031 -2.584334 0.156293 -0.129596 
4.700199128 0.470483561796 -2.555863 0.164077 -0.129183 
4.710079194 0.471513184977 -2.604809 0.173604 -0.129351 
4.719968081 0.472543727413 -2.583837 0.154504 -0.137974 
4.729862214 0.473570054087 -2.591294 0.18232 -0.136534 
4.740174055 0.474541939923 -2.640261 0.157798 -0.125351 
4.750043154 0.475472097547 -2.597896 0.161043 -0.133451 
4.759910107 0.476402052912 -2.632878 0.163063 -0.142738 
4.770241022 0.477375736462 -2.611615 0.159416 -0.119676 
4.780085087 0.478303534644 -2.604981 0.173516 -0.127961 
4.789972067 0.479287100161 -2.647117 0.170883 -0.106524 
4.800290108 0.48032280912 -2.590058 0.164841 -0.133952 
4.810156107 0.481313142805 -2.610912 0.160529 -0.101141 
4.820036173 0.482304888512 -2.611413 0.160347 -0.109654 
4.829900027 0.483295006885 -2.568539 0.172557 -0.106073 
4.840231181 0.484333531142 -2.625289 0.168179 -0.104765 
4.850068093 0.485322672204 -2.582476 0.170196 -0.111942 
4.85999322 0.48632068364 -2.625302 0.169625 -0.090393 
4.869863034 0.48731313313 -2.610632 0.17702 -0.108454 
4.880137206 0.488346242444 -2.666663 0.166335 -0.118637 
4.890035153 0.489332297222 -2.673923 0.184974 -0.118408 
4.899879218 0.490308661917 -2.673512 0.184305 -0.136764 
4.910262108 0.491338468936 -2.744389 0.173716 -0.126083 
4.920074225 0.49231166493 -2.708463 0.178426 -0.144149 
4.929933072 0.49328949575 -2.744307 0.165257 -0.133482 
4.939779044 0.494266049587 -2.765607 0.19168 -0.133316 
4.950117112 0.495327026595 -2.694446 0.1783 -0.130025 
4.959983111 0.49636550934 -2.751196 0.168552 -0.129203 
4.969810009 0.497399876363 -2.701507 0.17409 -0.125801 
4.980157137 0.498489002146 -2.723016 0.178452 -0.125557 
4.99000907 0.499440560707 -2.772651 0.195411 -0.125128 
4.999893189 0.500394729294 -2.729713 0.19659 -0.132425 
5.009761095 0.501347332751 -2.757885 0.18108 -0.120592 
5.020068169 0.502342331519 -2.729042 0.187914 -0.128438 
5.029943228 0.503295625494 -2.793403 0.173732 -0.137772 
5.039778233 0.504277667729 -2.779417 0.181504 -0.12555 
5.050197125 0.50532662085 -2.765097 0.182794 -0.134246 
5.060024023 0.506315973204 -2.822177 0.179647 -0.134777 
5.069927216 0.507313006785 -2.822101 0.194485 -0.145008 
5.079767228 0.508402051207 -2.84326 0.189838 -0.134716 
5.090033055 0.509351304793 -2.850506 0.193359 -0.143654 
5.100007058 0.510300269093 -2.84296 0.197227 -0.141883 
5.109808207 0.511283919457 -2.87858 0.191001 -0.140461 
5.1200912 0.512315928032 -2.850158 0.200068 -0.13785 
5.130006075 0.51331099202 -2.899977 0.179004 -0.145713 
5.139880181 0.514390763894 -2.893434 0.198753 -0.134115 
5.149809122 0.515389357292 -2.90757 0.182512 -0.151905 
5.160081149 0.516404121878 -2.893052 0.182567 -0.129268 
5.169997216 0.517383721485 -2.871759 0.19516 -0.136511 
5.179830075 0.518355101047 -2.872285 0.196545 -0.124344 
5.190129042 0.5195145352 -2.893216 0.189937 -0.132773 
5.200037003 0.520482573456 -2.900912 0.194567 -0.120362 
5.209915162 0.521437171176 -2.907964 0.198537 -0.128138 
5.219812155 0.522393588961 -2.843764 0.205093 -0.125168 
5.230083228 0.523386156793 -2.900027 0.194399 -0.133519 
5.239963055 0.524337209745 -2.921951 0.19746 -0.13181 
5.249832154 0.525310933699 -2.914542 0.208378 -0.13023 
5.260176182 0.526346745083 -2.957131 0.181945 -0.139738 
5.26999116 0.527329579424 -2.950867 0.202365 -0.139279 
5.279899121 0.528343567668 -2.96475 0.201413 -0.137559 
5.289825201 0.529471773984 -2.965337 0.209572 -0.116401 
5.300110102 0.530482631904 -2.972643 0.188508 -0.123788 
5.309994221 0.531415202449 -2.99406 0.199811 -0.103294 
5.319813013 0.532341609365 -2.95895 0.212791 -0.120643 
5.33010006 0.533331064951 -3.015989 0.195532 -0.118961 
5.339960099 0.534389307596 -2.994467 0.208015 -0.105764 
5.349875212 0.535402953612 -3.008781 0.198543 -0.113648 
5.36016512 0.536403742079 -2.994161 0.192106 -0.110098 
5.370057106 0.537365828961 -2.994753 0.207319 -0.118626 
5.379946232 0.538327637682 -3.015577 0.219247 -0.116121 
5.38984108 0.539351167301 -3.016098 0.211728 -0.11343 
5.400195122 0.540400681432 -3.022963 0.198341 -0.110418 
5.410004139 0.541376126735 -3.008029 0.214813 -0.108659 
5.419898034 0.542360012623 -3.044424 0.217138 -0.116616 
5.429811001 0.543345795102 -3.058748 0.208509 -0.125296 
5.440119028 0.544358374831 -3.079963 0.202453 -0.122593 
5.449969054 0.545323085536 -3.072549 0.199097 -0.130975 
5.459858179 0.54630209115 -3.079951 0.202332 -0.1289 
5.470126152 0.547319093564 -3.101201 0.213079 -0.118623 
5.48004222 0.54830124117 -3.09431 0.201482 -0.117211 
5.489884138 0.549283132874 -3.144224 0.210088 -0.115126 
5.500236035 0.550317103243 -3.144634 0.194512 -0.123624 
5.510125161 0.551306081321 -3.101623 0.20504 -0.119366 
5.519961119 0.552289742247 -3.137224 0.206152 -0.129147 
5.529828072 0.553276502879 -3.15147 0.214934 -0.116 
5.540150166 0.554302362812 -3.137733 0.215478 -0.113015 
5.550070048 0.555292953672 -3.144401 0.202659 -0.131112 
5.559917212 0.556282935789 -3.159043 0.202362 -0.10829 
5.569798232 0.557276321611 -3.159092 0.209015 -0.105607 
5.580138207 0.558315848357 -3.152074 0.206325 -0.124213 
5.589976073 0.559325393863 -3.188515 0.217273 -0.112597 
5.599850178 0.560322807649 -3.195268 0.212795 -0.101023 
5.610154152 0.561350829866 -3.187768 0.208319 -0.099428 
5.620024205 0.562335560007 -3.180997 0.220738 -0.107037 
5.629915238 0.563322383312 -3.174055 0.20858 -0.114926 
5.6402421 0.564503407117 -3.224294 0.226479 -0.104407 
5.650098086 0.565482930522 -3.224314 0.202175 -0.112953 
5.659981013 0.566443760862 -3.260228 0.197344 -0.101195 
5.669836045 0.567401879216 -3.238642 0.208542 -0.118774 
5.680150032 0.56840461774 -3.259952 0.221415 -0.107095 
5.689997197 0.569362116541 -3.267176 0.223251 -0.114442 
5.699912072 0.570350433514 -3.252643 0.208189 -0.100971 
5.710183144 0.571392658959 -3.267037 0.207898 -0.10856 
5.720026017 0.572391434228 -3.260216 0.20464 -0.106056 
5.729931116 0.573395832309 -3.281375 0.215108 -0.115177 
5.739838124 0.574359052724 -3.281759 0.222874 -0.092061 
5.750138045 0.575382536161 -3.267885 0.199401 -0.108634 
5.760016203 0.576384869236 -3.282061 0.199844 -0.096578 
5.76988411 0.577386162145 -3.282222 0.223577 -0.095502 
5.780222178 0.578426560989 -3.324936 0.230064 -0.104554 
5.790038109 0.5793591976 -3.332243 0.208999 -0.111941 
5.799933196 0.58031823393 -3.346485 0.22327 -0.12058 
5.809793234 0.581291957241 -3.374708 0.206469 -0.138608 
5.820100069 0.582309803775 -3.345682 0.231562 -0.126338 
5.829974175 0.583284916364 -3.388528 0.221079 -0.125644 
5.839875222 0.584354550553 -3.445415 0.218382 -0.125013 
5.850215197 0.585417797409 -3.395261 0.224661 -0.132377 
5.860077143 0.586389457061 -3.410102 0.215852 -0.12099 
5.869920016 0.587359237522 -3.417788 0.228662 -0.120579 
5.880219222 0.588373978722 -3.410673 0.22401 -0.128412 
5.89012003 0.589327555117 -3.439656 0.222257 -0.137647 
5.899994135 0.590307247392 -3.41813 0.210721 -0.114514 
5.909868002 0.591304553281 -3.439872 0.215073 -0.112439 
5.92020011 0.592348143613 -3.454125 0.230187 -0.121873 
5.93007207 0.593345256886 -3.439855 0.223014 -0.108474 
5.939934016 0.594445281989 -3.461251 0.225411 -0.126035 
5.94976902 0.595444418083 -3.461144 0.217957 -0.122056 
5.960080147 0.596478173381 -3.503994 0.231494 -0.131298 
5.969922066 0.597464887628 -3.518013 0.2232 -0.117459 
5.979817152 0.598441587696 -3.496629 0.220398 -0.124688 
5.990154028 0.599399174918 -3.53944 0.234218 -0.144027 
6.00002718 0.600358609019 -3.511159 0.227881 -0.139571 
6.009904147 0.601331429616 -3.532257 0.221829 -0.137783 
6.019768238 0.602302982005 -3.532438 0.238225 -0.125504 
6.030076027 0.603318235923 -3.561055 0.244427 -0.133521 
6.039945126 0.60429028157 -3.575222 0.22706 -0.140418 
6.049836159 0.605297480664 -3.567772 0.223868 -0.136626 
6.060168028 0.606379120427 -3.610709 0.22878 -0.135947 
6.070048094 0.607413461092 -3.589482 0.225692 -0.132163 
6.079890013 0.608443808161 -3.596545 0.230505 -0.140734 
6.089786053 0.609479821138 -3.610979 0.229933 -0.138226 
6.100109101 0.610506598711 -3.589819 0.225557 -0.135724 
6.109983206 0.611476993364 -3.611165 0.229244 -0.123424 
6.119848013 0.61244647424 -3.618693 0.233317 -0.12123 
6.130111218 0.613455108365 -3.625578 0.236731 -0.139223 
6.140026093 0.61442950976 -3.66853 0.225401 -0.136817 
6.149891138 0.615400195712 -3.661152 0.229825 -0.12483 
6.159818173 0.616378174003 -3.654007 0.226297 -0.143556 
6.170148135 0.617395847314 -3.66832 0.233791 -0.13169 
6.179973126 0.618363772572 -3.682948 0.232769 -0.130344 
6.189836026 0.619335432497 -3.711591 0.223572 -0.137431 
6.200200081 0.620381814669 -3.733048 0.218349 -0.133693 
6.210098029 0.621403880687 -3.754009 0.220362 -0.151127 
6.21992302 0.622418413137 -3.775258 0.231831 -0.147953 
6.229842186 0.623442670134 -3.789013 0.230762 -0.153457 
6.240117073 0.624502071373 -3.81009 0.23277 -0.169976 
6.249998093 0.625453920507 -3.824235 0.223463 -0.19518 
6.259853125 0.626403266189 -3.845114 0.218867 -0.180851 
6.270180226 0.627398086779 -3.85214 0.238958 -0.196661 
6.280124188 0.628355999183 -3.880503 0.22909 -0.192609 
6.289947033 0.629302244258 -3.90878 0.227848 -0.198477 
6.299814225 0.630269784781 -3.922951 0.234501 -0.215311 
6.310140133 0.631313893127 -3.922822 0.235106 -0.229638 
6.320000172 0.63231089494 -3.950856 0.23303 -0.236541 
6.329858065 0.633307679761 -3.957745 0.236325 -0.232262 
6.340191126 0.634352511384 -3.972372 0.236025 -0.23802 
6.350066185 0.635343252522 -4.000573 0.234505 -0.234707 
6.359929085 0.636325794797 -4.015084 0.23421 -0.24138 
6.369792223 0.637308360781 -4.021999 0.236499 -0.24848 
6.380104065 0.638335626666 -4.029187 0.233128 -0.244137 
6.389979124 0.63931938022 -4.079329 0.241843 -0.262493 
6.399855137 0.6403089117 -4.057813 0.246265 -0.259568 
6.410184145 0.641349171395 -4.079727 0.243112 -0.257549 
6.420038224 0.642341599827 -4.094467 0.233181 -0.264764 
6.429913044 0.643336117135 -4.087118 0.246226 -0.261782 
6.439833165 0.644335196819 -4.123123 0.239823 -0.269788 
6.450122118 0.645371422476 -4.094868 0.249447 -0.256961 
6.460016013 0.64636049629 -4.095095 0.240533 -0.264607 
6.46986413 0.647344451972 -4.131259 0.242868 -0.274395 
6.480148077 0.64837195277 -4.116867 0.243761 -0.251639 
6.490016222 0.649357909511 -4.152832 0.23764 -0.269741 
6.499893189 0.650354402079 -4.146102 0.249777 -0.267253 
6.509915114 0.65137048815 -4.167782 0.237611 -0.25427 
6.520120144 0.652405138563 -4.139802 0.239 -0.262059 
6.529998064 0.653406624497 -4.175376 0.241118 -0.260461 
6.539858103 0.654406297542 -4.162146 0.249664 -0.249409 
6.550168038 0.65543002775 -4.183498 0.244567 -0.240279 
6.560109139 0.656400238387 -4.155934 0.238563 -0.239985 
6.569870234 0.657352881177 -4.142426 0.255462 -0.230588 
6.580282212 0.658369047475 -4.157247 0.238876 -0.210991 
6.590156079 0.659332696349 -4.15816 0.239363 -0.201149 
6.600034237 0.660329122838 -4.101551 0.233707 -0.200125 
6.609929085 0.66136323284 -4.123644 0.236603 -0.181096 
6.620250225 0.662441894595 -4.103224 0.234127 -0.162077 
6.630093098 0.663470572694 -4.103945 0.234341 -0.143968 
6.639978171 0.664503661111 -4.097936 0.238749 -0.155915 
6.650289059 0.665524703215 -4.070266 0.240814 -0.117686 
6.660217047 0.666491265693 -4.05004 0.237889 -0.099829 
6.670033217 0.667446941868 -4.050599 0.229485 -0.102209 
6.679903031 0.66840784068 -4.023004 0.231827 -0.073161 
6.690196038 0.669409940436 -4.023948 0.240213 -0.065221 
6.700073004 0.670411459296 -4.010131 0.225484 -0.055913 
6.709952116 0.671442885001 -3.968385 0.227099 -0.057403 
6.72025919 0.67251899195 -3.954639 0.236954 -0.020152 
6.730083228 0.673544667671 -3.948956 0.223944 -0.023516 
6.740001202 0.674580150751 -3.935641 0.225278 0.004132 
6.74981308 0.675536094497 -3.90107 0.223927 0.031775 
6.760196209 0.67651771175 -3.880641 0.229631 0.038795 
6.770058155 0.677450056552 -3.867641 0.22245 0.055923 
6.77989316 0.678379854361 -3.861065 0.218582 0.073669 
6.790224076 0.679356535416 -3.840656 0.232064 0.072479 
6.800090075 0.680320820128 -3.826352 0.21639 0.072613 
6.809923172 0.68130022123 -3.862511 0.226064 0.0802 
6.819858075 0.682289762465 -3.827321 0.214746 0.081969 
6.83011818 0.683311694633 -3.856435 0.222737 0.08233 
6.83998704 0.684294657819 -3.856425 0.221894 0.083126 
6.849850178 0.685282160943 -3.856824 0.222441 0.095173 
6.860245228 0.686327294332 -3.878581 0.224945 0.086666 
6.870184184 0.687326571369 -3.843643 0.23227 0.108423 
6.880006075 0.688314078522 -3.857892 0.223363 0.108925 
6.889846087 0.689303407586 -3.893716 0.217531 0.108389 
6.900189162 0.690338052603 -3.837517 0.213266 0.120665 
6.910060168 0.691317218501 -3.865837 0.220043 0.119201 
6.919982195 0.692301445485 -3.852587 0.220811 0.138464 
6.930210114 0.693316015782 -3.84629 0.218336 0.137966 
6.940122128 0.694299249516 -3.839297 0.221861 0.147629 
6.94997406 0.695276523346 -3.811424 0.216312 0.148169 
6.960266114 0.696321878911 -3.818954 0.219663 0.157467 
6.970163107 0.697363200481 -3.826341 0.224025 0.177228 
6.980004073 0.698398627117 -3.826823 0.216065 0.176925 
6.989870072 0.699436687624 -3.820079 0.212363 0.17735 
7.000168085 0.700461165285 -3.799259 0.210062 0.177218 
7.010084153 0.70141896847 -3.813539 0.209054 0.175818 
7.020064116 0.702382943339 -3.814329 0.217607 0.195017 
7.029801131 0.703323451611 -3.800609 0.210211 0.194037 
7.040140152 0.70432210826 -3.793743 0.214575 0.20382 
7.049974203 0.705291636357 -3.758684 0.213 0.215185 
7.059822083 0.706283748184 -3.794072 0.206783 0.214776 
7.070274115 0.707336724517 -3.809146 0.206989 0.215199 
7.080092192 0.70832583388 -3.808679 0.198706 0.217228 
7.089924097 0.70936386372 -3.859045 0.200477 0.208117 
7.100274086 0.710404980459 -3.838046 0.214465 0.21121 
7.110118151 0.711317581706 -3.823269 0.213684 0.204233 
7.120109082 0.71231465851 -3.872976 0.2069 0.205417 
7.129835129 0.71328530037 -3.837906 0.214227 0.197679 
7.140217066 0.714321398864 -3.880849 0.211078 0.188086 
7.150096178 0.715372618542 -3.866736 0.212642 0.199703 
7.159892083 0.71638702377 -3.916413 0.206983 0.189994 
7.170301199 0.717417894037 -3.888671 0.216546 0.200616 
7.18011117 0.71838942778 -3.874747 0.208756 0.201594 
7.189972163 0.719366014503 -3.903472 0.208019 0.201906 
7.199906111 0.720435037729 -3.881936 0.204663 0.21304 
7.210189104 0.721494897414 -3.903263 0.198721 0.194387 
7.220168114 0.722465898647 -3.932257 0.197811 0.184356 
7.229904175 0.723413259881 -3.910964 0.195289 0.196525 
7.239857197 0.724381732367 -3.939993 0.202159 0.206863 
7.250126124 0.725365540326 -3.940545 0.202539 0.207651 
7.259984017 0.7263153212 -3.954362 0.202152 0.217757 
7.270003081 0.727315756563 -3.926701 0.203931 0.208925 
7.280173064 0.728331261666 -3.934119 0.199947 0.199931 
7.290091038 0.729321602871 -3.955638 0.210522 0.199865 
7.299920082 0.730424403136 -3.962904 0.206705 0.20213 
7.30983305 0.731450655596 -3.94835 0.198981 0.204397 
7.320211172 0.73244029655 -4.005896 0.204839 0.194733 
7.33001113 0.73337480472 -3.999055 0.208919 0.186034 
7.33988905 0.73431674722 -4.013414 0.208069 0.197723 
7.350222111 0.735401872195 -4.006431 0.213159 0.199487 
7.360100031 0.73642523702 -4.014092 0.210009 0.191528 
7.36999321 0.737380824968 -4.02121 0.212692 0.18247 
7.38024211 0.738370772215 -4.028233 0.208042 0.1837 
7.390119076 0.739324794139 -4.063737 0.201821 0.184207 
7.400003195 0.740330474407 -4.064122 0.201644 0.174779 
7.409863234 0.741351932669 -4.064187 0.201078 0.166393 
7.420190096 0.742385950224 -4.064308 0.209978 0.176785 
7.430124045 0.743380625825 -4.07231 0.214273 0.166677 
7.439975024 0.744366993729 -4.115257 0.220028 0.166561 
7.449841023 0.74534197789 -4.101403 0.220577 0.16863 
7.460135222 0.746347888905 -4.087337 0.213798 0.180071 
7.469996214 0.747314720013 -4.108917 0.209533 0.161657 
7.4798522 0.748283016846 -4.130029 0.204205 0.184921 
7.490210057 0.749300619766 -4.144383 0.219312 0.147822 
7.500117064 0.750281896759 -4.173136 0.218172 0.151923 
7.509949208 0.751261379051 -4.179448 0.205127 0.147044 
7.519834042 0.752236973972 -4.215244 0.216137 0.13137 
7.530137062 0.75325365869 -4.229744 0.214999 0.125493 
7.539992094 0.754226136704 -4.250841 0.20967 0.120177 
7.54984808 0.755156886996 -4.215345 0.208432 0.124566 
7.560103178 0.756065846457 -4.144776 0.22114 0.145696 
7.570114136 0.756782122651 -4.11663 0.206136 0.154207 
7.57994318 0.75748538304 -4.067964 0.213524 0.170089 
7.589840174 0.758193505199 -4.004309 0.180721 0.188029 
7.600104094 0.758807481289 -3.926866 0.205251 0.214047 
