0.0 0.000299441385518 -0.029459 -0.016043 0.013043 
0.010292053 0.00135380914494 -0.022375 -0.012797 0.003308 
0.020215034 0.00239332035309 -0.015884 -0.014823 0.003973 
0.03008008 0.00342676240904 -0.030447 -0.015279 0.013705 
0.039937019 0.00445935519224 -0.058883 -0.008506 0.013157 
0.050276994 0.00554254983954 -0.02318 -0.01074 0.004336 
0.060086012 0.00651861054763 -0.030133 -0.023729 0.004475 
0.069953918 0.00749115385408 -0.030213 -0.014548 0.00477 
0.080327987 0.00851358266183 -0.037221 -0.002956 0.004273 
0.090132951 0.00947992264401 -0.016127 -0.013989 0.005008 
0.100045919 0.0104569070899 -0.029944 -0.014376 0.015113 
0.109915018 0.0114246408067 -0.030228 0.010315 -0.005962 
0.120188951 0.0124302671925 -0.022952 -0.001105 0.004878 
0.130069017 0.0133973413465 -0.045009 -0.005989 0.003537 
0.139939069 0.0143634353167 -0.059485 0.00218 0.003348 
0.150327921 0.0153803101289 -0.045222 -0.004031 -0.00632 
0.160167932 0.0163777384669 -0.038087 0.000505 0.013806 
0.170044899 0.0173960054313 -0.030725 -0.00229 0.014725 
0.180389881 0.018462522452 -0.05905 -0.003575 0.002989 
0.190211057 0.0194750376374 -0.038057 0.001629 0.002913 
0.200134039 0.0204980485232 -0.030968 0.007567 0.002965 
0.209978103 0.021459630175 -0.045364 0.006555 0.00248 
0.220294952 0.0224526504093 -0.002527 0.008857 0.013785 
0.230170011 0.023403147349 -0.031262 0.008962 0.013301 
0.240019083 0.0243511429808 -0.024458 0.012879 -0.007574 
0.249943018 0.0253063443469 -0.016872 0.001913 0.003513 
0.260296106 0.0263345471402 -0.031633 0.008061 -0.017603 
0.270103931 0.0273282040027 -0.017525 0.01853 0.003491 
0.279953956 0.0283261362595 -0.024797 0.00593 0.002587 
0.290280103 0.0293723057037 0.003563 -0.000565 -0.006047 
0.300198078 0.0303771221559 -0.003039 0.004148 0.003991 
0.310084104 0.0313690577384 -0.003475 0.004532 0.003863 
0.320360899 0.0323945061367 -0.011091 0.009004 0.003184 
0.330270052 0.0333832701504 -0.003881 0.006042 -0.007156 
0.340107917 0.0343649208408 -0.010685 0.002125 0.013718 
0.350054025 0.0353573723316 -0.002826 0.006565 -0.006536 
0.360291958 0.0363811476803 0.012198 0.007643 -0.004762 
0.370172977 0.0373705882975 -0.000565 -0.009186 -0.013785 
0.38002491 0.0383571163739 -0.014312 -0.002796 -0.024184 
0.390377998 0.0393938278488 -0.02061 -0.000321 -0.023686 
0.400259018 0.040383268566 -0.012354 -0.01094 -0.021407 
0.410096883 0.0413678681262 0.009865 -0.014674 -0.040556 
0.419977903 0.0423565216825 -0.003151 -0.00749 -0.029105 
0.430267095 0.0433860152229 -0.009575 -0.004176 -0.028488 
0.440130949 0.044372951221 -0.037702 0.00305 -0.028789 
0.450030088 0.0453634176887 -0.029777 -0.000967 -0.027862 
0.460345029 0.0464057044596 -0.007937 0.003184 -0.046166 
0.470176935 0.0474045467268 -0.028519 -0.017804 -0.045033 
0.480062961 0.048408887149 -0.02826 -0.001673 -0.054898 
0.489986896 0.0494170788196 -0.042123 0.004712 -0.064381 
0.500255108 0.0504602462537 -0.034142 -0.00692 -0.04307 
0.510140895 0.051432199903 -0.055225 0.003271 -0.043009 
0.520001888 0.0523918684832 -0.054967 0.002435 -0.072623 
0.530344963 0.0533984531243 -0.076389 0.005677 -0.062402 
0.540158033 0.054353457854 -0.08294 0.009829 -0.061665 
0.550075054 0.0553185790606 -0.046432 -0.008855 -0.059205 
0.559932947 0.0563200587117 -0.08178 -0.01479 -0.06971 
0.57024002 0.05740094207 -0.067171 -0.00599 -0.079266 
0.580133915 0.0584384962285 -0.066207 0.009928 -0.078661 
0.589977979 0.0594708247038 -0.087012 -0.002888 -0.087695 
0.600276947 0.0605508581059 -0.085993 -0.011551 -0.086454 
0.610183954 0.061529855801 -0.064205 -0.006839 -0.095457 
0.620080948 0.0624962213144 -0.077129 -0.01505 -0.083992 
0.6303761 0.063501463901 -0.090992 -0.008664 -0.093475 
0.640250921 0.0644656643911 -0.090054 -0.008145 -0.091939 
0.65013194 0.0654304700683 -0.081779 -0.011427 -0.100863 
0.660001039 0.0664352387996 -0.094841 -0.029553 -0.109337 
0.670289993 0.0675055523942 -0.087529 -0.016671 -0.11853 
0.680167913 0.068533107971 -0.094389 -0.012973 -0.11804 
0.690063953 0.06956254849 -0.115498 -0.018182 -0.117048 
0.700404882 0.07063826881 -0.114438 -0.026563 -0.125904 
0.710290908 0.0715827316184 -0.121126 -0.01536 -0.125358 
0.720168113 0.0725161300116 -0.120968 -0.024097 -0.123575 
0.729984998 0.0734438281495 -0.141955 -0.021239 -0.113227 
0.740293979 0.0744180294849 -0.141422 -0.013841 -0.122225 
0.750183105 0.0753525544157 -0.15526 -0.038531 -0.120666 
0.760076046 0.0763246207768 -0.154991 -0.023244 -0.129735 
0.770359039 0.0773521712406 -0.168448 -0.023737 -0.128684 
0.780244112 0.078339958682 -0.175257 -0.020601 -0.137495 
0.790088892 0.0793237197577 -0.175247 -0.021443 -0.136699 
0.799980878 0.0803121979957 -0.181524 -0.026024 -0.135095 
0.810338974 0.0813517261284 -0.217003 -0.016846 -0.135519 
0.820230007 0.0823475736401 -0.194631 -0.020412 -0.143409 
0.830012083 0.0833324511593 -0.244226 -0.018287 -0.133664 
0.840368986 0.0843752033248 -0.237036 -0.023217 -0.132315 
0.850259065 0.085370954786 -0.222067 -0.014525 -0.150925 
0.860150098 0.086360168424 -0.229176 -0.0278 -0.139774 
0.870050907 0.0873455355173 -0.228998 -0.029199 -0.149194 
0.880270958 0.0883626748186 -0.243033 -0.013353 -0.138985 
0.890166044 0.0893474723367 -0.249893 -0.009655 -0.138495 
0.900058984 0.0903320562766 -0.256359 -0.023589 -0.14753 
0.910320997 0.0913749404643 -0.277528 -0.022024 -0.137547 
0.920208931 0.0923960447765 -0.270308 -0.025829 -0.147091 
0.930063009 0.0934136528571 -0.277168 -0.022131 -0.146601 
0.940423011 0.0944835065512 -0.277198 -0.023256 -0.135709 
0.950280904 0.0955015085981 -0.298454 -0.02057 -0.135703 
0.960187912 0.096474264159 -0.291147 -0.025496 -0.13527 
0.970031023 0.0974229571944 -0.290808 -0.018547 -0.145431 
0.980308056 0.0984134722492 -0.319284 -0.012056 -0.135881 
0.99020195 0.0993670598224 -0.312555 -0.017608 -0.146039 
1.000046968 0.100315936657 -0.333106 -0.015134 -0.135563 
1.009943008 0.101295119611 -0.326332 -0.012342 -0.145544 
1.020226955 0.102337685689 -0.333279 -0.01727 -0.135133 
1.030071973 0.103335754019 -0.37576 -0.020519 -0.126117 
1.0399549 0.104337665487 -0.319466 -0.002609 -0.135276 
1.05027008 0.105467561613 -0.354504 -0.017835 -0.125637 
1.060133934 0.106410948432 -0.362064 -0.015608 -0.105446 
1.070031881 0.107338765924 -0.348033 -0.007435 -0.125592 
1.08029294 0.108360906027 -0.383289 -0.006428 -0.115848 
1.09018588 0.109346376505 -0.369512 -0.006324 -0.115857 
1.100119114 0.11033586081 -0.383036 -0.008105 -0.116087 
1.109949112 0.111369376724 -0.397958 0.006662 -0.116714 
1.120254993 0.112449783521 -0.405214 0.00128 -0.10655 
1.130119085 0.113424273351 -0.405437 -0.000294 -0.096819 
1.14000988 0.114401401214 -0.391614 0.008154 -0.096652 
1.15029788 0.115417769611 -0.406045 -0.002045 -0.096516 
1.160226106 0.116487122101 -0.413712 0.008358 -0.087409 
1.170067072 0.117509162202 -0.392486 0.004548 -0.076522 
1.17991805 0.118464352678 -0.421419 0.001512 -0.087955 
1.190238952 0.119465108877 -0.421327 0.008454 -0.067705 
1.200108051 0.120422056439 -0.421333 0.000392 -0.077977 
1.209987878 0.121379123483 -0.407693 0.007548 -0.078176 
1.220299005 0.122385661317 -0.400533 0.010517 -0.07873 
1.230149984 0.123359854468 -0.450941 0.011284 -0.07064 
1.240050077 0.124338904651 -0.437077 0.010269 -0.060671 
1.249964952 0.125319416671 -0.443821 0.013971 -0.061097 
1.260245084 0.126477017018 -0.430227 0.012784 -0.061472 
1.270143985 0.127518619005 -0.451843 0.015576 -0.052412 
1.280023098 0.12845844332 -0.445287 0.019486 -0.042876 
1.290328025 0.129438776367 -0.459824 0.017463 -0.053825 
1.300194025 0.130377353209 -0.4814 0.020537 -0.054862 
1.309983968 0.131398985713 -0.481846 0.027135 -0.055299 
1.319923877 0.132445575684 -0.474235 0.031568 -0.045143 
1.330161094 0.133435409115 -0.496282 0.02584 -0.045687 
1.34009099 0.134395527771 -0.482069 0.025561 -0.045569 
1.34996891 0.135350620884 -0.482156 0.016935 -0.035647 
1.360248088 0.136378626463 -0.482338 0.015643 -0.036014 
1.370125055 0.137388885628 -0.489513 0.027792 -0.026294 
1.37996602 0.138377683467 -0.525311 0.037359 -0.02776 
1.390340089 0.139420046387 -0.489963 0.043294 -0.017254 
1.400225877 0.14041334794 -0.503649 0.033164 -0.016745 
1.410127878 0.141393277681 -0.482865 0.021677 -0.016257 
1.419984102 0.142357466927 -0.49688 0.044861 -0.01725 
1.430257082 0.143367236099 -0.517918 0.031313 -0.01735 
1.440150022 0.144342152941 -0.525884 0.035049 -0.008179 
1.450057029 0.14531845604 -0.525494 0.026321 -0.008228 
1.460371971 0.146336565454 -0.511711 0.034487 0.002036 
1.470206022 0.14730947995 -0.483276 0.027715 0.002584 
1.480096101 0.148300755883 -0.540234 0.032635 0.01141 
1.489979982 0.149291410596 -0.491211 0.037945 0.001347 
1.500257015 0.150321470668 -0.555253 0.039619 0.019908 
1.510119915 0.151309141997 -0.527055 0.039169 -0.000295 
1.519972086 0.152295313552 -0.505181 0.037391 0.000193 
1.530273914 0.153328155323 -0.548342 0.03536 0.010117 
1.540157079 0.154319022734 -0.526127 0.040531 0.000445 
1.550056934 0.155311563453 -0.525859 0.040703 0.010789 
1.559923887 0.156329081656 -0.575333 0.033928 0.010142 
1.570231914 0.157397715566 -0.539945 0.040144 0.010551 
1.580108881 0.158378354996 -0.57548 0.041822 0.009155 
1.589951992 0.159355633017 -0.547307 0.042939 0.009632 
1.600327968 0.160385816796 -0.58262 0.036445 0.018404 
1.610183954 0.161458483689 -0.56185 0.049821 0.00816 
1.620059013 0.162496985914 -0.540325 0.047307 0.018499 
1.629923105 0.163459410272 -0.575278 0.040706 0.018217 
1.640194893 0.164461612904 -0.540158 0.046751 0.008282 
1.650086879 0.165426758837 -0.554721 0.046295 0.018014 
1.66002202 0.166391604528 -0.590459 0.039342 0.027455 
1.670305967 0.167401600768 -0.526275 0.038679 0.019357 
1.6802001 0.168403159278 -0.583573 0.03665 0.038344 
1.690056085 0.169400856162 -0.576453 0.049083 0.027989 
1.700016975 0.170409172317 -0.576935 0.041124 0.027686 
1.710269928 0.171414723771 -0.598688 0.050967 0.036555 
1.720156908 0.17238287005 -0.541649 0.036866 0.027433 
1.730026006 0.173384163147 -0.605651 0.038821 0.035897 
1.740330934 0.174429674427 -0.605671 0.045877 0.034791 
1.750211954 0.1754321771 -0.563706 0.048948 0.045842 
1.760065078 0.176400017191 -0.606295 0.053874 0.043775 
1.769977092 0.177368348887 -0.563463 0.048114 0.044807 
1.780246019 0.17837651904 -0.592118 0.039038 0.044028 
1.790127039 0.179346605735 -0.599313 0.058242 0.052642 
1.799978971 0.180313836663 -0.577748 0.039044 0.033134 
1.810271978 0.181378573952 -0.606103 0.053601 0.05204 
1.820187091 0.182434306016 -0.570644 0.051479 0.051358 
1.830049038 0.183407050436 -0.599126 0.049908 0.050635 
1.840368032 0.18442487621 -0.578403 0.05494 0.040215 
1.850246906 0.185399290244 -0.578763 0.055047 0.049269 
1.860110044 0.186355737734 -0.600258 0.04894 0.047937 
1.869971037 0.187318791086 -0.565063 0.054707 0.047183 
1.880295992 0.188361171075 -0.593712 0.053692 0.056677 
1.890157938 0.189356806907 -0.608523 0.060402 0.044861 
1.90004301 0.190354777478 -0.586801 0.065678 0.073738 
1.910315036 0.191446934484 -0.594721 0.06079 0.063335 
1.920234918 0.192491029934 -0.573293 0.06561 0.063386 
1.930095911 0.193490656062 -0.609001 0.059782 0.061935 
1.939977884 0.194492408969 -0.594879 0.074897 0.062039 
1.950320005 0.195540807884 -0.580549 0.060229 0.073551 
1.960200071 0.196437226264 -0.63017 0.061348 0.071917 
1.970052004 0.19735762139 -0.573303 0.071823 0.063076 
1.980387926 0.198379668498 -0.601471 0.061801 0.053123 
1.990269899 0.199356827761 -0.622727 0.064487 0.053128 
2.000077009 0.200326584345 -0.587065 0.061971 0.054404 
2.009953022 0.201303154265 -0.644185 0.058542 0.06397 
2.020284891 0.202340429195 -0.608584 0.072546 0.054338 
2.030158043 0.203374336904 -0.651481 0.062625 0.064333 
2.040005922 0.204405598047 -0.65819 0.063917 0.044024 
2.050327062 0.205486418662 -0.636472 0.061853 0.055524 
2.06024909 0.206525444622 -0.657647 0.072323 0.074983 
2.070111036 0.207522373644 -0.636219 0.060177 0.055285 
2.079982042 0.208492591993 -0.651045 0.06761 0.064946 
2.090266943 0.209503491964 -0.658255 0.070572 0.075286 
2.100147009 0.210474600818 -0.657677 0.054232 0.066127 
2.110008001 0.211443834894 -0.686174 0.067779 0.07457 
2.120322942 0.212458051585 -0.664745 0.072598 0.074621 
2.130234003 0.213433306097 -0.685911 0.059889 0.074642 
2.14004898 0.214399105884 -0.671788 0.075004 0.074745 
2.149956941 0.215374055353 -0.664477 0.055804 0.065216 
2.160216093 0.216383562234 -0.707172 0.059883 0.06486 
2.170093059 0.217367355518 -0.650294 0.0544 0.076227 
2.179987907 0.2183863461 -0.699855 0.048745 0.065603 
2.1902709 0.219445308606 -0.692959 0.059603 0.064978 
2.200187921 0.220466582606 -0.685677 0.056245 0.086091 
2.210030079 0.221480147071 -0.714261 0.053945 0.064808 
2.220366954 0.222509203762 -0.685946 0.056073 0.075748 
2.230242014 0.223463413629 -0.757458 0.05175 0.062557 
2.240140915 0.224419927211 -0.758178 0.06708 0.061253 
2.249993086 0.225371925354 -0.737048 0.065233 0.061367 
2.260337114 0.226371450783 -0.758543 0.059126 0.060035 
2.270175933 0.227324294226 -0.737202 0.048099 0.030359 
2.280050039 0.228321617032 -0.801574 0.06612 0.027669 
2.290360927 0.229363056505 -0.78708 0.082136 0.058676 
2.300277948 0.230364713891 -0.78628 0.057624 0.059685 
2.310096025 0.231356377552 -0.779131 0.030076 0.050896 
2.319988012 0.232352557991 -0.807242 0.044521 0.061664 
2.330291986 0.233377191851 -0.828709 0.071501 0.072046 
2.340214967 0.234363939521 -0.778464 0.05264 0.084595 
2.350080967 0.235345020962 -0.770336 0.033114 0.106892 
2.360390901 0.236370247489 -0.805794 0.035236 0.107575 
2.370225906 0.237351124973 -0.755564 0.041238 0.109391 
2.380140066 0.238348905555 -0.78367 0.031663 0.130095 
2.389990091 0.239340231464 -0.740782 0.033404 0.132099 
2.400314092 0.240379259251 -0.761399 0.020196 0.153602 
2.410192012 0.241373392567 -0.754366 0.024004 0.153168 
2.420051098 0.242365630393 -0.704349 0.022218 0.165026 
2.430339098 0.243395844044 -0.761217 0.011743 0.173867 
2.440258026 0.244387111707 -0.704172 0.005704 0.175018 
2.450138092 0.245374495619 -0.718096 0.013493 0.17404 
2.459966898 0.246356756762 -0.704319 0.013598 0.174032 
2.470314979 0.247396138304 -0.682095 0.002811 0.184568 
2.480185032 0.248399371028 -0.725247 0.00896 0.182493 
2.490050077 0.249402094719 -0.697135 0.026596 0.172062 
2.500364065 0.25045045082 -0.746746 0.011757 0.190637 
2.510243892 0.251454677014 -0.732114 0.003874 0.179815 
2.520097971 0.252441758697 -0.73255 0.004258 0.179687 
2.529989004 0.253406130672 -0.760697 0.01854 0.17828 
2.540289878 0.254410461991 -0.740227 0.015504 0.187998 
2.550169944 0.255373764688 -0.775336 0.01764 0.185934 
2.560002088 0.256332395009 -0.747123 0.019039 0.176314 
2.570374012 0.257359097731 -0.747123 0.019039 0.176314 
2.580229997 0.258391180158 -0.775559 0.025811 0.175766 
2.590073108 0.259421914468 -0.783089 0.029162 0.185064 
2.599929094 0.260453997001 -0.797105 0.020265 0.183735 
2.610217094 0.261531318447 -0.797252 0.028159 0.182748 
2.620151996 0.26254378013 -0.790366 0.03986 0.181327 
2.629973888 0.26349999036 -0.798155 0.027081 0.20049 
2.640311956 0.2645064529 -0.776657 0.023562 0.19945 
2.650229931 0.26547201729 -0.776976 0.023951 0.198407 
2.660079002 0.266430873531 -0.805752 0.038168 0.195711 
2.670017957 0.267416442976 -0.785146 0.042473 0.193311 
2.680296898 0.268486691162 -0.770681 0.035147 0.192704 
2.690085888 0.269505925418 -0.778023 0.030886 0.192892 
2.69994092 0.270532035999 -0.798859 0.025968 0.181955 
2.710297107 0.271610327075 -0.813578 0.049364 0.170491 
2.720129013 0.272585602015 -0.827974 0.048352 0.170007 
2.730048895 0.273523915835 -0.871446 0.037923 0.14714 
2.739871025 0.274452983369 -0.886131 0.043795 0.135205 
2.750204086 0.275430379465 -0.92195 0.055047 0.132147 
2.760092973 0.276365761491 -0.936894 0.054533 0.110179 
2.769913911 0.277309283891 -0.965133 0.052129 0.10842 
2.780247926 0.278343793518 -0.980031 0.059958 0.086628 
2.790086031 0.279328658968 -1.008447 0.074068 0.074877 
2.800019979 0.280323118996 -1.051174 0.063709 0.052384 
2.810267925 0.281349012494 -1.072582 0.066227 0.04113 
2.82020998 0.28234417489 -1.080198 0.070698 0.040451 
2.83002305 0.283326128247 -1.122736 0.084809 0.009184 
2.839955091 0.284319986541 -1.14489 0.087257 -0.002444 
2.850295066 0.285354665104 -1.201723 0.069002 -0.013973 
2.860056877 0.286331489185 -1.202047 0.076445 -0.044701 
2.869935035 0.287318890747 -1.251846 0.094078 -0.056326 
2.880232095 0.288344885252 -1.309038 0.091046 -0.078213 
2.890242099 0.289342277624 -1.302041 0.095412 -0.097926 
2.900048971 0.290319430013 -1.330791 0.093669 -0.108992 
2.909950018 0.291305965957 -1.380945 0.102505 -0.121041 
2.920248985 0.292336208951 -1.416293 0.09657 -0.131546 
2.930140972 0.293361001733 -1.445044 0.094827 -0.142613 
2.939963102 0.29437855745 -1.438067 0.106249 -0.163431 
2.950278997 0.29544726637 -1.460028 0.109146 -0.173897 
2.960134983 0.29646832951 -1.481087 0.102655 -0.175103 
2.970061063 0.297474389549 -1.480671 0.109326 -0.176082 
2.979908943 0.298425074608 -1.537473 0.114532 -0.178268 
2.990195036 0.299418063448 -1.544289 0.108885 -0.190248 
3.00010395 0.300374640549 -1.557818 0.099042 -0.200751 
3.010067939 0.301336534426 -1.579414 0.109173 -0.202895 
3.020406007 0.30234008724 -1.586179 0.119931 -0.204426 
3.030236959 0.303331404394 -1.65008 0.120042 -0.20746 
3.040148019 0.304330799345 -1.643509 0.123228 -0.2194 
3.049971103 0.305321323119 -1.629018 0.131301 -0.220937 
3.060302972 0.306393494021 -1.658195 0.128377 -0.224231 
3.070178032 0.307441079673 -1.6581 0.135437 -0.226253 
3.080051899 0.308335580262 -1.708011 0.128325 -0.219923 
3.090334892 0.309352626169 -1.708332 0.143107 -0.233275 
3.100231886 0.310340230397 -1.736764 0.140253 -0.236195 
3.110101938 0.311325146128 -1.722339 0.147038 -0.239014 
3.11989808 0.31230913573 -1.743576 0.141946 -0.230799 
3.130162 0.313422935134 -1.757875 0.147994 -0.233306 
3.140091896 0.314412667208 -1.757673 0.146878 -0.224244 
3.149966001 0.315396838484 -1.792945 0.140666 -0.225568 
3.160360098 0.316432838375 -1.813812 0.149018 -0.237921 
3.170167923 0.317432702037 -1.806616 0.161173 -0.239095 
3.179991007 0.318493606347 -1.827326 0.155417 -0.25015 
3.189877033 0.319454503451 -1.862638 0.148923 -0.241378 
3.200150966 0.32045310415 -1.862659 0.155979 -0.242484 
3.210176944 0.32142760424 -1.84081 0.158565 -0.252889 
3.220022916 0.322382355128 -1.869023 0.157167 -0.243268 
3.23035407 0.323373178313 -1.890426 0.167746 -0.24425 
3.240227937 0.32435564114 -1.882997 0.170887 -0.23446 
3.250072956 0.32533686885 -1.896419 0.169835 -0.21413 
3.259886026 0.326314912286 -1.895943 0.159987 -0.204201 
3.270302057 0.327423488054 -1.874119 0.16414 -0.193926 
3.280153989 0.328536098697 -1.873287 0.16309 -0.183575 
3.289895057 0.329458808239 -1.886643 0.177718 -0.174273 
3.300237894 0.330438519539 -1.886187 0.160533 -0.153141 
3.310076952 0.331370511052 -1.863927 0.164302 -0.142739 
3.319992065 0.332353274627 -1.855485 0.150719 -0.141981 
3.329896927 0.333411827928 -1.876264 0.153301 -0.151946 
3.340234995 0.334436927544 -1.861413 0.161267 -0.162537 
3.350123882 0.33539481037 -1.903109 0.158369 -0.163244 
3.359998941 0.336351353752 -1.931282 0.171645 -0.17603 
3.370351076 0.337363442137 -1.923499 0.166617 -0.185566 
3.380187034 0.338387847181 -1.944665 0.168302 -0.197855 
3.390105962 0.339387450237 -1.972737 0.16534 -0.20983 
3.399908065 0.340371052608 -1.971946 0.173753 -0.209281 
3.410243034 0.341408125982 -1.992513 0.174378 -0.209388 
3.420058012 0.342388515264 -1.998501 0.177307 -0.208643 
3.429981947 0.343355024997 -1.990417 0.181519 -0.186185 
3.440409898 0.344374722067 -1.989824 0.172398 -0.184276 
3.450273037 0.345348198334 -2.010375 0.174871 -0.1738 
3.460134029 0.346321462696 -2.002581 0.169 -0.182541 
3.470403909 0.347335762268 -2.000771 0.16875 -0.18075 
3.480268001 0.348311734315 -2.014091 0.166576 -0.179023 
3.490118026 0.349296234163 -1.984371 0.175333 -0.176827 
3.500046014 0.350292829936 -2.011641 0.165548 -0.175148 
3.510276079 0.351319748939 -2.025063 0.162645 -0.19398 
3.520153045 0.352313582022 -2.031482 0.17402 -0.18309 
3.530101061 0.353324838329 -2.037759 0.169439 -0.181487 
3.540395021 0.354354857153 -2.015118 0.166046 -0.179033 
3.550275087 0.355339266321 -2.035664 0.159614 -0.178034 
3.560148 0.356322962795 -2.034782 0.158003 -0.176983 
3.569984913 0.35730826656 -2.055368 0.161035 -0.185786 
3.580277919 0.358390999973 -2.096628 0.157752 -0.186366 
3.590173959 0.35937919348 -2.110598 0.172314 -0.206933 
3.600006103 0.360361006494 -2.116592 0.167181 -0.216461 
3.610326051 0.361391530381 -2.13014 0.165116 -0.235174 
3.620193958 0.362406469443 -2.136727 0.160082 -0.233817 
3.630160093 0.363519136971 -2.150488 0.167196 -0.22274 
3.639919996 0.364472607383 -2.156638 0.161777 -0.221256 
3.650379896 0.36549446233 -2.127886 0.154497 -0.197394 
3.660094022 0.366443460668 -2.14146 0.153999 -0.195428 
3.670082092 0.367412646293 -2.133685 0.157756 -0.173216 
3.680380106 0.368394996261 -2.118752 0.157262 -0.191206 
3.690262079 0.369395434165 -2.09712 0.161689 -0.189197 
3.700104952 0.370396529944 -2.131494 0.155714 -0.178888 
3.709970951 0.371399977815 -2.123888 0.167201 -0.198417 
3.720247984 0.372430053396 -2.108985 0.150467 -0.186101 
3.730127096 0.373378401104 -2.150904 0.15574 -0.196977 
3.739989996 0.374375024852 -2.164813 0.153782 -0.206635 
3.750411987 0.375435902941 -2.157111 0.157935 -0.215877 
3.760143995 0.376426546096 -2.156375 0.164218 -0.215813 
3.770066023 0.377410050466 -2.19155 0.165788 -0.226263 
3.779961109 0.378353257385 -2.220078 0.170989 -0.246575 
3.790235042 0.3793622765 -2.212745 0.16707 -0.234763 
3.800210952 0.380347731516 -2.254242 0.172682 -0.224035 
3.809979915 0.38131274359 -2.239679 0.164115 -0.220972 
3.82029891 0.382339450423 -2.204147 0.162319 -0.197305 
3.830257892 0.383447613389 -2.203508 0.161541 -0.19522 
3.840015888 0.384402422585 -2.202715 0.16093 -0.181875 
3.850472927 0.38542563237 -2.153037 0.167312 -0.17927 
3.86020708 0.386378108554 -2.145102 0.162452 -0.177548 
3.870100021 0.387345104132 -2.172731 0.152774 -0.166814 
3.879997015 0.388309944387 -2.186467 0.158321 -0.176416 
3.890407085 0.38935417074 -2.214857 0.173437 -0.176788 
3.900264978 0.390346391236 -2.199985 0.174347 -0.186273 
3.910085916 0.391334892124 -2.206902 0.175915 -0.186269 
3.919876098 0.392339204024 -2.24911 0.173678 -0.196285 
3.930286884 0.393494801526 -2.249464 0.179996 -0.21612 
3.940138101 0.394489704617 -2.235104 0.171822 -0.215014 
3.949997902 0.39548547463 -2.305748 0.176357 -0.225578 
3.960309982 0.396526921617 -2.284405 0.187667 -0.235018 
3.970133066 0.397466581283 -2.291418 0.167059 -0.21358 
3.98005104 0.398373396998 -2.283568 0.180285 -0.202085 
3.989933967 0.399344216775 -2.291198 0.183629 -0.220452 
4.000282049 0.400360729662 -2.319152 0.174222 -0.188489 
4.010145902 0.401329675762 -2.311869 0.185979 -0.186789 
4.019974947 0.402295202601 -2.269392 0.172144 -0.193282 
4.030318021 0.403311223543 -2.289354 0.1744 -0.17142 
4.040225982 0.404344715191 -2.282467 0.186823 -0.179944 
4.050085067 0.405381838618 -2.317205 0.173616 -0.177958 
4.059984922 0.406423250833 -2.288094 0.175252 -0.175945 
4.070281028 0.407506346551 -2.280772 0.187291 -0.184342 
4.080118894 0.408528744582 -2.308062 0.184562 -0.183769 
4.089967966 0.409497129853 -2.315347 0.187802 -0.18261 
4.100331068 0.410516055833 -2.336031 0.183052 -0.182287 
4.110179901 0.411484417604 -2.293482 0.192959 -0.189535 
4.120074987 0.412457327086 -2.335796 0.174759 -0.178427 
4.129915952 0.413424915257 -2.349785 0.181983 -0.18779 
4.140276909 0.414444093395 -2.328159 0.178347 -0.196054 
4.150176048 0.415417926283 -2.349171 0.165806 -0.184774 
4.160017013 0.416386036275 -2.349287 0.180916 -0.203272 
4.170329094 0.417400492545 -2.334572 0.18154 -0.201744 
4.180197 0.418371252871 -2.377281 0.164006 -0.20086 
4.190047025 0.419375704247 -2.335391 0.18969 -0.178755 
4.200357914 0.420435545605 -2.341698 0.178615 -0.166744 
4.210247993 0.421452132512 -2.328433 0.179381 -0.176061 
4.220139026 0.42246881748 -2.320998 0.176191 -0.14369 
4.229986906 0.423463967766 -2.3419 0.170707 -0.163011 
4.240325927 0.424463178125 -2.320663 0.1758 -0.171226 
4.25020504 0.425417940868 -2.327254 0.17967 -0.160393 
4.260055065 0.426369892413 -2.320171 0.182916 -0.170128 
4.270374059 0.427367167271 -2.348384 0.164551 -0.180256 
4.28024888 0.428321515215 -2.369706 0.182915 -0.161784 
4.290103912 0.429301418615 -2.348679 0.180339 -0.182229 
4.299952984 0.430295181425 -2.37677 0.187006 -0.163252 
4.310276985 0.431336864158 -2.377398 0.202056 -0.183954 
4.320148945 0.432332936346 -2.391216 0.184704 -0.193598 
4.33002901 0.433329826323 -2.440802 0.200379 -0.195366 
4.340351104 0.434363967984 -2.440681 0.191479 -0.205758 
4.350229025 0.435351558087 -2.468701 0.19053 -0.194975 
4.360104084 0.43633886205 -2.483223 0.195725 -0.194855 
4.369949102 0.437323162526 -2.468974 0.173272 -0.202797 
4.380282879 0.438356328908 -2.512296 0.179859 -0.172384 
4.390162944 0.439351926417 -2.426718 0.191795 -0.160061 
4.400047063 0.440349313718 -2.434338 0.196148 -0.138469 
4.410367012 0.44139067978 -2.442259 0.191261 -0.148872 
4.420217037 0.442384626722 -2.405962 0.196871 -0.136035 
4.43010211 0.44338211029 -2.469913 0.198265 -0.136872 
4.439948082 0.444371121546 -2.448469 0.193338 -0.145501 
4.450268983 0.445394496495 -2.462656 0.194623 -0.134241 
4.46013999 0.446373261943 -2.476605 0.192383 -0.133803 
4.469980955 0.447349048558 -2.469917 0.196296 -0.153762 
4.480346918 0.448376891656 -2.51217 0.202682 -0.144204 
4.490221977 0.449383204602 -2.498246 0.194892 -0.143226 
4.500096082 0.450391132751 -2.548038 0.220587 -0.144579 
4.509952068 0.451397211351 -2.547542 0.203684 -0.133544 
4.520334005 0.452456977938 -2.504452 0.197088 -0.162126 
4.530190944 0.453463153818 -2.597462 0.213251 -0.154527 
4.54005289 0.454424423204 -2.519369 0.219916 -0.152481 
4.550337076 0.455422657979 -2.561551 0.20357 -0.131705 
4.560256958 0.456385531577 -2.555025 0.199134 -0.150924 
4.570112943 0.457342203012 -2.53393 0.220182 -0.149853 
4.580035925 0.458305377511 -2.583621 0.215247 -0.138086 
4.590339899 0.459369721434 -2.554982 0.208081 -0.13558 
4.600190878 0.460403057804 -2.569224 0.216981 -0.144705 
4.61004591 0.461436819321 -2.604931 0.20213 -0.133361 
4.620366096 0.462519374013 -2.540615 0.218436 -0.151205 
4.630270004 0.463555848902 -2.619088 0.20991 -0.132508 
4.640111923 0.464513323717 -2.569086 0.216022 -0.151132 
4.650016069 0.46547685231 -2.568457 0.216087 -0.149843 
4.660284042 0.46647577595 -2.597217 0.206163 -0.148911 
4.670155048 0.467436080506 -2.569074 0.215901 -0.15744 
4.680028915 0.468396663395 -2.625723 0.221274 -0.148367 
4.69036889 0.469462584995 -2.610593 0.211603 -0.167568 
4.700244903 0.470491785804 -2.688621 0.220619 -0.180642 
4.710103988 0.471519222509 -2.674017 0.212333 -0.187675 
4.720011949 0.472551752689 -2.680531 0.231041 -0.187073 
4.730278968 0.473612456465 -2.715463 0.217385 -0.186248 
4.740153074 0.474543085997 -2.701107 0.233231 -0.195079 
4.750055074 0.475476344524 -2.686837 0.226058 -0.18168 
4.760351896 0.476446814826 -2.71504 0.223816 -0.171264 
4.770256042 0.477380275612 -2.672147 0.216652 -0.178736 
4.780124902 0.478310410711 -2.707027 0.219401 -0.167464 
4.790003061 0.479293537933 -2.700241 0.223923 -0.144591 
4.800290107 0.480326135662 -2.692897 0.228906 -0.151882 
4.810139894 0.481314842011 -2.742918 0.230572 -0.141468 
4.81999588 0.482304170606 -2.69249 0.228119 -0.147965 
4.830315113 0.483339999216 -2.720702 0.227442 -0.145449 
4.840225935 0.484336336096 -2.713521 0.23847 -0.164309 
4.850064039 0.485325597019 -2.727627 0.230574 -0.153344 
4.860337972 0.4863586823 -2.762574 0.230184 -0.182515 
4.870184898 0.487348830311 -2.755104 0.234328 -0.189926 
4.880042076 0.488340009201 -2.832867 0.226432 -0.190134 
4.889986038 0.489330712872 -2.81118 0.247382 -0.199948 
4.900333881 0.490357043821 -2.84676 0.241438 -0.208623 
4.910214901 0.491337073827 -2.867806 0.251791 -0.196387 
4.920068979 0.492314431642 -2.860423 0.24009 -0.233524 
4.930346012 0.493333739438 -2.908994 0.241613 -0.212265 
4.940246105 0.494315661163 -2.852612 0.259126 -0.21855 
4.950104952 0.495329235029 -2.867269 0.237216 -0.194488 
4.959989071 0.496369625063 -2.909177 0.242368 -0.211671 
4.970328092 0.497457897513 -2.867124 0.24504 -0.197746 
4.980138063 0.498490482821 -2.887827 0.248068 -0.205633 
4.990071058 0.499449744035 -2.866868 0.244808 -0.212193 
5.000360012 0.50044299358 -2.866736 0.237638 -0.189731 
5.010237932 0.501396563743 -2.873736 0.258013 -0.187058 
5.020112991 0.502349857718 -2.866191 0.244915 -0.205037 
5.029994964 0.50330381914 -2.951118 0.248323 -0.194729 
5.040268898 0.504330403465 -2.908605 0.249044 -0.201357 
5.050190925 0.505329333216 -2.94384 0.252741 -0.210405 
5.060065984 0.506323534322 -2.950254 0.255211 -0.208992 
5.070352077 0.507359117506 -2.965019 0.25402 -0.247484 
5.080235004 0.508459482895 -3.000827 0.255406 -0.236952 
5.090105056 0.509360638743 -3.000066 0.255474 -0.265157 
5.099961042 0.510298976949 -3.035342 0.249143 -0.24421 
5.110279083 0.511334502966 -3.035619 0.272872 -0.242218 
5.120187044 0.51232887306 -3.049213 0.24807 -0.248798 
5.130037069 0.513317428655 -3.049302 0.264186 -0.255916 
5.140345096 0.51444635378 -3.055979 0.260153 -0.242265 
5.150238037 0.515435003401 -3.078019 0.263209 -0.239641 
5.160099029 0.516409162198 -3.077668 0.254921 -0.236696 
5.169979095 0.517385205298 -3.042315 0.252673 -0.24277 
5.180274963 0.518402325115 -3.077013 0.239748 -0.250881 
5.190198898 0.519526243223 -3.078414 0.288258 -0.228669 
5.200026989 0.520484808384 -3.099193 0.259481 -0.246074 
5.210366964 0.521484034714 -3.134783 0.25975 -0.255059 
5.220232963 0.522437457325 -3.105485 0.253774 -0.262156 
5.230105877 0.523391548183 -3.15512 0.270732 -0.261727 
5.239993095 0.524343289548 -3.155382 0.279344 -0.268902 
5.250252008 0.525356294885 -3.198345 0.268857 -0.267292 
5.260135889 0.526346028909 -3.191246 0.256985 -0.286194 
5.270034074 0.527337195281 -3.183401 0.26752 -0.284486 
5.280430078 0.528407683505 -3.225892 0.265835 -0.28337 
5.290164947 0.529514156624 -3.183987 0.276401 -0.270432 
5.300064087 0.530481417237 -3.226453 0.273149 -0.289995 
5.310030937 0.531421793485 -3.254488 0.255958 -0.277486 
5.320293903 0.532390108394 -3.247322 0.26771 -0.274871 
5.330190897 0.533344371065 -3.226657 0.265845 -0.271094 
5.340080022 0.534405735406 -3.240464 0.279731 -0.279606 
5.350385904 0.535455846387 -3.24105 0.273497 -0.246139 
5.360259056 0.536416101489 -3.233555 0.276075 -0.274229 
5.370121002 0.537375266705 -3.25488 0.272705 -0.260824 
5.379918098 0.538328124659 -3.283538 0.278626 -0.258744 
5.390269041 0.539399221904 -3.28341 0.278509 -0.265967 
5.400177955 0.540402269946 -3.319507 0.282131 -0.274474 
5.410053968 0.541384377582 -3.283976 0.263369 -0.270556 
5.420263052 0.542399607042 -3.312334 0.302667 -0.26869 
5.430136919 0.543381501271 -3.333189 0.264422 -0.275377 
5.440145015 0.544364165822 -3.312067 0.301592 -0.28234 
5.450016021 0.545330931307 -3.326037 0.260655 -0.278139 
5.460329055 0.546352012055 -3.333717 0.279675 -0.306617 
5.470190048 0.547328704698 -3.35477 0.281967 -0.304654 
5.480004072 0.548300745246 -3.38247 0.280629 -0.292828 
5.490279913 0.549325945854 -3.354348 0.280456 -0.322213 
5.500152111 0.550312024607 -3.383122 0.288223 -0.280056 
5.510098934 0.551306772767 -3.419037 0.280819 -0.300356 
5.519932985 0.552290242981 -3.397526 0.294145 -0.287955 
5.530250072 0.553322019992 -3.4122 0.28478 -0.286784 
5.540060043 0.554296703401 -3.419029 0.280579 -0.284392 
5.549954891 0.555284708214 -3.411889 0.276932 -0.280846 
5.560339927 0.556328765156 -3.426333 0.282573 -0.278648 
5.570193052 0.557319346561 -3.433386 0.286543 -0.286424 
5.580118894 0.558317238551 -3.426848 0.283837 -0.272789 
5.590013027 0.559332611814 -3.448138 0.278058 -0.279267 
5.600255966 0.560366599371 -3.469286 0.273289 -0.275282 
5.610140085 0.56135273287 -3.469279 0.282073 -0.272113 
5.620034933 0.562339936795 -3.483724 0.297459 -0.289814 
5.630369901 0.563371051267 -3.483093 0.2885 -0.275729 
5.640218019 0.56450446625 -3.52559 0.293869 -0.304298 
5.650096893 0.565486036546 -3.525675 0.285966 -0.301481 
5.660415887 0.566489261857 -3.539654 0.292347 -0.310048 
5.670275926 0.567447866997 -3.540047 0.300956 -0.287728 
5.680188894 0.56841161796 -3.583077 0.298926 -0.307299 
5.690042972 0.569369790095 -3.583618 0.298463 -0.305715 
5.700354099 0.570398649726 -3.568745 0.29035 -0.302405 
5.710218906 0.571399650679 -3.58316 0.297115 -0.311099 
5.720107078 0.572403022525 -3.611396 0.303375 -0.287417 
5.730384111 0.573443097449 -3.63291 0.290652 -0.284651 
5.740288973 0.574406109217 -3.625683 0.29563 -0.291026 
5.750145912 0.575386697228 -3.612214 0.296003 -0.298385 
5.760036945 0.576390336724 -3.654888 0.293026 -0.297635 
5.770363092 0.577438127078 -3.654921 0.301527 -0.284369 
5.780217886 0.578429302006 -3.669286 0.292616 -0.282952 
5.790111065 0.579369278147 -3.662378 0.297983 -0.29037 
5.800395012 0.58036711317 -3.662175 0.29759 -0.288412 
5.810266971 0.581342013734 -3.676579 0.303512 -0.29631 
5.820138931 0.582316914396 -3.698463 0.306854 -0.304698 
5.83003807 0.583294499108 -3.712285 0.289383 -0.292071 
5.840388059 0.584415467102 -3.704925 0.301585 -0.288293 
5.850167036 0.585416317547 -3.747659 0.300734 -0.286142 
5.860037088 0.586388775851 -3.769512 0.310571 -0.304937 
5.870351076 0.587404973464 -3.776778 0.306754 -0.302672 
5.880222082 0.588377525762 -3.797506 0.294382 -0.309628 
5.890078067 0.589326706522 -3.770173 0.310706 -0.287269 
5.899972915 0.590308451468 -3.783675 0.302591 -0.293497 
5.910305023 0.591352041801 -3.798206 0.309351 -0.301276 
5.920198917 0.592351370508 -3.819238 0.304587 -0.298207 
5.930066108 0.593348002089 -3.812097 0.30094 -0.294661 
5.940407991 0.59450209825 -3.83362 0.304176 -0.312103 
5.950203895 0.595491339629 -3.862521 0.31093 -0.308988 
5.960045099 0.596477982193 -3.876762 0.310806 -0.305318 
5.969933033 0.597469309733 -3.855271 0.314944 -0.320876 
5.980271101 0.598486710726 -3.904425 0.308502 -0.327584 
5.99012804 0.599399837557 -3.91861 0.315879 -0.322942 
6.000060081 0.600365113751 -3.939383 0.31028 -0.349486 
6.010370969 0.601380672901 -3.967681 0.316093 -0.356461 
6.020272016 0.60235586523 -3.996151 0.3144 -0.363492 
6.030082941 0.603322181095 -4.038332 0.328285 -0.381542 
6.040450096 0.604343282199 -4.016193 0.32471 -0.387601 
6.050265073 0.605345853041 -4.066726 0.327037 -0.386495 
6.060167074 0.606382490073 -4.066349 0.334149 -0.384481 
6.070028066 0.607414833887 -4.052547 0.318293 -0.39286 
6.080347061 0.608495125876 -4.081145 0.316717 -0.392667 
6.090219974 0.609528717696 -4.081767 0.325436 -0.390788 
6.100076913 0.610506692369 -4.103565 0.312543 -0.369786 
6.110368013 0.611518067923 -4.103458 0.319482 -0.378115 
6.120244026 0.612488650088 -4.075959 0.329879 -0.366458 
6.130127906 0.613460005396 -4.11127 0.324107 -0.364789 
6.140000105 0.614430212733 -4.104398 0.320288 -0.371587 
6.150310993 0.615444823363 -4.119 0.320272 -0.358862 
6.160188913 0.616417963009 -4.090426 0.312541 -0.364742 
6.170044899 0.61738894179 -4.090647 0.321434 -0.382013 
6.180345058 0.618403679009 -4.147771 0.327632 -0.370074 
6.190222025 0.619376724768 -4.147916 0.327224 -0.365369 
6.200104952 0.620375413764 -4.175956 0.317086 -0.382546 
6.210009098 0.62139811979 -4.189807 0.323351 -0.398337 
6.220319986 0.622462826155 -4.218398 0.330559 -0.394975 
6.230237007 0.623486861659 -4.282176 0.323214 -0.422609 
6.240082025 0.624501887669 -4.288669 0.325843 -0.408106 
6.25040102 0.6254959274 -4.281711 0.330649 -0.424825 
6.260276079 0.626447202304 -4.282353 0.33203 -0.411742 
6.270148039 0.627398178679 -4.311021 0.338793 -0.410458 
6.280004978 0.628347708065 -4.31816 0.334138 -0.408313 
6.290339946 0.629343286491 -4.325683 0.329307 -0.415596 
6.300169944 0.630309104517 -4.33268 0.325662 -0.402987 
6.31004405 0.631307528721 -4.325153 0.337308 -0.409426 
6.320264101 0.632340933293 -4.332337 0.325031 -0.41456 
6.33024311 0.633349964806 -4.375116 0.330952 -0.431997 
6.34010601 0.634347255911 -4.396481 0.342416 -0.427907 
6.35001707 0.635341661192 -4.396465 0.333391 -0.443692 
6.360332966 0.636369330936 -4.403318 0.345872 -0.440033 
6.370217085 0.637353987048 -4.452923 0.337966 -0.457451 
6.380069971 0.638335531728 -4.481444 0.336835 -0.455181 
6.390384912 0.639363106335 -4.488379 0.331786 -0.451077 
6.400229931 0.640349995833 -4.49572 0.328247 -0.457993 
6.410116911 0.641345737806 -4.516858 0.346774 -0.48542 
6.419972896 0.642338358195 -4.531039 0.330132 -0.470842 
6.430317878 0.64338022667 -4.559727 0.327707 -0.497517 
6.440196037 0.644375080258 -4.552539 0.34937 -0.474047 
6.450045108 0.645367004322 -4.581142 0.340454 -0.49123 
6.460361957 0.646398371839 -4.59541 0.339325 -0.498939 
6.470236063 0.647384924162 -4.567028 0.34811 -0.486231 
6.48012495 0.6483729533 -4.63831 0.3444 -0.486085 
6.489964008 0.649356003869 -4.610166 0.345115 -0.481819 
6.500278949 0.650396872909 -4.624302 0.345839 -0.47986 
6.510207891 0.651403531776 -4.631537 0.348517 -0.488002 
6.520065069 0.652402914755 -4.632251 0.340549 -0.486474 
6.530381918 0.653448902084 -4.660844 0.347035 -0.476009 
6.540256977 0.654450097952 -4.661832 0.347799 -0.475348 
6.550124883 0.655429050425 -4.647324 0.348697 -0.453507 
6.560031891 0.656395933724 -4.669377 0.334908 -0.464324 
6.570286989 0.657396789179 -4.655924 0.344306 -0.455898 
6.58018589 0.658362881269 -4.649104 0.340327 -0.446291 
6.589998006 0.659320503499 -4.664469 0.3323 -0.437905 
6.600400924 0.660370908839 -4.657842 0.327871 -0.429461 
6.610236883 0.661398864356 -4.637291 0.332619 -0.400289 
6.620063066 0.662425798183 -4.630441 0.329764 -0.401575 
6.629981041 0.663462325187 -4.631277 0.329974 -0.38255 
6.640279054 0.664538569941 -4.596452 0.327667 -0.362251 
6.65019989 0.665519248479 -4.597644 0.328825 -0.363547 
6.660041093 0.6664773618 -4.569269 0.328827 -0.354009 
6.670379877 0.667483918282 -4.563229 0.327187 -0.324892 
6.680250883 0.668444933144 -4.563899 0.326841 -0.316085 
6.69009304 0.669403139344 -4.543601 0.316299 -0.306423 
6.700042963 0.670411782951 -4.543601 0.316299 -0.306423 
6.710314035 0.671484131121 -4.530661 0.316613 -0.287407 
6.720160961 0.672512196457 -4.502463 0.318014 -0.268448 
6.73001194 0.673540684945 -4.524957 0.313514 -0.269916 
6.740341901 0.674619181404 -4.489696 0.310823 -0.249489 
6.750211 0.675576846848 -4.504771 0.310307 -0.241962 
6.760066986 0.676508628193 -4.505841 0.319531 -0.233902 
6.769983053 0.677446089574 -4.485097 0.307761 -0.223317 
6.780262947 0.678417947028 -4.492947 0.311502 -0.215062 
6.790158987 0.679353515064 -4.480138 0.304593 -0.206199 
6.800018072 0.680316949376 -4.451992 0.306555 -0.17794 
6.810395956 0.681350612628 -4.431356 0.302239 -0.171334 
6.820255041 0.6823326022 -4.440144 0.300091 -0.165101 
6.830108881 0.683314069356 -4.39097 0.306698 -0.117639 
6.840399027 0.684338993684 -4.356547 0.296274 -0.110732 
6.850311994 0.685331924637 -4.336452 0.303092 -0.083279 
6.860166072 0.686322667917 -4.309193 0.303974 -0.065857 
6.870027065 0.687314106441 -4.309849 0.287788 -0.059112 
6.880330085 0.688349987001 -4.303709 0.284305 -0.041493 
6.890202999 0.68934262408 -4.275734 0.293877 -0.032702 
6.900064945 0.690329018214 -4.283975 0.274263 -0.024735 
6.910336017 0.691347869122 -4.234339 0.279641 -0.004929 
6.920217991 0.692328123003 -4.262699 0.286136 0.003704 
6.930109024 0.693309275502 -4.249678 0.287014 0.002526 
6.939944982 0.694284964773 -4.249931 0.278946 0.022664 
6.950344085 0.695316515865 -4.243654 0.283526 0.02106 
6.960206031 0.696319044183 -4.229928 0.284192 0.030353 
6.970067978 0.697356678355 -4.21651 0.27001 0.051708 
6.980360984 0.698439666811 -4.238309 0.281256 0.040502 
6.990237951 0.699478881326 -4.217357 0.286178 0.050523 
7.00009799 0.70045759586 -4.217833 0.286281 0.060493 
7.009957075 0.701409894999 -4.239611 0.280725 0.070292 
7.020317077 0.702410578225 -4.197409 0.2749 0.070035 
7.030244112 0.703369440723 -4.205258 0.278641 0.07829 
7.040092945 0.704320749611 -4.176863 0.271586 0.088935 
7.050390005 0.705336864534 -4.191912 0.272076 0.10784 
7.060281038 0.706333323754 -4.192445 0.279793 0.097425 
7.07012105 0.70732464293 -4.136044 0.274413 0.118763 
7.079988956 0.70831877225 -4.164439 0.281467 0.108118 
7.090307951 0.709411250155 -4.157927 0.277755 0.110375 
7.10022211 0.710403295234 -4.179917 0.265135 0.123111 
7.110058069 0.711314893043 -4.194479 0.279794 0.11343 
7.120374918 0.712344495872 -4.1799 0.273075 0.127076 
7.130214929 0.713326511134 -4.187424 0.268244 0.119794 
7.140089988 0.714312024122 -4.223393 0.287994 0.130917 
7.150001049 0.715365611686 -4.223585 0.288266 0.122651 
7.160265922 0.71642732917 -4.209189 0.289279 0.123136 
7.170128107 0.717404033943 -4.181392 0.274261 0.134393 
7.179980039 0.718379723307 -4.189191 0.27744 0.133347 
7.1903131 0.719403061442 -4.203759 0.268922 0.132806 
7.200177908 0.720468940956 -4.182863 0.266344 0.141855 
7.210025072 0.721482161149 -4.197446 0.272944 0.15048 
7.219911098 0.722444114632 -4.176231 0.269977 0.160572 
7.23021388 0.723446620293 -4.183457 0.26572 0.159844 
7.240180969 0.72441646156 -4.197923 0.273046 0.16045 
7.249965906 0.725353511725 -4.184109 0.273314 0.172616 
7.260315895 0.726351769507 -4.205127 0.267826 0.15421 
7.270191908 0.727337920772 -4.212169 0.255838 0.166643 
7.280041933 0.728321477054 -4.212517 0.255824 0.16939 
7.289910078 0.729306842674 -4.234122 0.258496 0.172141 
7.300215959 0.730461622598 -4.233568 0.258838 0.164249 
7.310101032 0.731479370199 -4.262556 0.26599 0.16449 
7.319947004 0.732418266189 -4.23492 0.274706 0.176824 
7.330307006 0.73340617925 -4.277579 0.256611 0.168407 
7.340127945 0.734342688134 -4.256119 0.253532 0.17036 
7.350032091 0.735385150324 -4.263359 0.265115 0.171695 
7.35996294 0.736415196429 -4.278003 0.256874 0.161972 
7.370224952 0.737406410172 -4.263541 0.249429 0.183638 
7.3801229 0.73836245876 -4.25702 0.253898 0.173895 
7.389961004 0.739312726981 -4.285293 0.243029 0.165654 
7.400316953 0.740366980274 -4.27154 0.245422 0.179221 
7.410180092 0.741386977691 -4.299412 0.251694 0.171578 
7.420116901 0.74238193966 -4.328921 0.251327 0.174509 
7.430419922 0.743413570042 -4.328443 0.257316 0.157921 
7.440320015 0.744404855678 -4.349946 0.253496 0.141585 
7.450206041 0.745380884513 -4.370658 0.248343 0.145697 
7.46002388 0.746340247392 -4.371219 0.255657 0.139072 
7.470293998 0.747347231589 -4.392636 0.250717 0.132713 
7.480257034 0.7483260455 -4.420746 0.248917 0.116628 
7.490092039 0.749292281064 -4.435033 0.255566 0.10071 
7.500446081 0.75031797509 -4.477462 0.253199 0.086218 
7.510241031 0.751293622049 -4.519465 0.25129 0.071057 
7.5201509 0.752271511286 -4.547989 0.265156 0.076185 
7.52999711 0.75324311876 -4.569501 0.253155 0.071848 
7.540327072 0.754262462069 -4.575508 0.264584 0.057279 
7.550271988 0.755198167352 -4.55424 0.261777 0.050966 
7.560056924 0.756064908232 -4.51906 0.251302 0.05194 
7.570331096 0.756800017181 -4.462604 0.262446 0.061454 
7.580216884 0.757507337559 -4.463305 0.254882 0.087772 
7.590080022 0.758213037348 -4.385842 0.255391 0.095147 
7.59998703 0.758803146761 -4.314921 0.258486 0.111158 
