0.0 0.000647076525979 -0.024401 -0.013884 -0.033294 
0.009920121 0.00168628812637 -0.046312 -0.026663 -0.033648 
0.019662142 0.00264723643992 -0.003581 -0.016185 -0.033426 
0.030066967 0.00367269644213 -0.010604 -0.026205 -0.032682 
0.039935112 0.00464526330351 -0.017663 -0.031018 -0.043627 
0.049764157 0.00561397661751 0.010819 -0.029447 -0.042904 
0.059669018 0.00659016206829 -0.018393 -0.029239 -0.033418 
0.069972992 0.00759954948551 -0.011836 -0.015584 -0.043781 
0.07983017 0.00856438333124 -0.01174 -0.022917 -0.033493 
0.089696169 0.00953008058832 -0.01892 -0.01883 -0.034046 
0.100007058 0.0105393242772 0.00263 -0.037304 -0.032078 
0.109887123 0.0115063983333 -0.005153 -0.032276 -0.022541 
0.119776011 0.0125155818821 -0.011689 -0.028848 -0.04328 
0.129662991 0.0135348811378 0.008721 -0.029759 -0.032161 
0.139958144 0.0145962610325 -0.012728 -0.027523 -0.033318 
0.149825096 0.0156134954995 -0.026511 -0.035689 -0.043582 
0.159682036 0.0166296977782 0.001804 -0.033562 -0.032642 
0.170026064 0.0176306640269 -0.026592 -0.026508 -0.043287 
0.179918051 0.0185827903252 -0.005356 -0.036531 -0.032089 
0.18980217 0.0195341593106 0.001551 -0.031885 -0.032403 
0.199686051 0.0204855053879 0.030296 -0.038203 -0.031609 
0.209969998 0.0214753587297 0.001444 -0.038103 -0.031177 
0.219851971 0.0224647173974 -0.005528 -0.03429 -0.052043 
0.229710102 0.0234634708946 0.015398 -0.044767 -0.041092 
0.240031004 0.0245091089539 0.001165 -0.037432 -0.042317 
0.249889136 0.0255078625525 0.001307 -0.036421 -0.031854 
0.259776116 0.0265095388187 -0.013443 -0.036486 -0.05266 
0.269682169 0.0275014733375 0.022386 -0.022592 -0.041851 
0.279970169 0.0285280398031 0.015576 -0.034571 -0.031249 
0.289839983 0.0295128784574 -0.01361 -0.035929 -0.042443 
0.299690008 0.0304957425078 0.029434 -0.033902 -0.051452 
0.310034991 0.0315279949024 -0.006081 -0.039281 -0.051741 
0.31991005 0.0325160365856 -0.00635 -0.039453 -0.062084 
0.329771042 0.0335034717894 0.008142 -0.045773 -0.051312 
0.339679003 0.0344956102567 0.001043 -0.050868 -0.05216 
0.349923134 0.0355214112696 0.015048 -0.041128 -0.051626 
0.359848976 0.0365153402596 -0.005923 -0.022028 -0.043004 
0.369665146 0.0374976640376 0.02916 -0.02517 -0.052319 
0.379964114 0.0385281357237 0.02235 -0.037148 -0.041717 
0.389847994 0.0395170754396 -0.006137 -0.046781 -0.052712 
0.399719 0.0405047270369 0.022081 -0.037321 -0.05206 
0.409582138 0.0414915913951 0.022304 -0.045492 -0.041892 
0.419890166 0.0425351436469 0.008258 -0.045769 -0.052228 
0.429790974 0.043540985801 0.01556 -0.041789 -0.042318 
0.439636946 0.0445412570602 0.029819 -0.033726 -0.042024 
0.449947119 0.0455886873931 0.022902 -0.037528 -0.042505 
0.459861994 0.0465959586409 0.015317 -0.026562 -0.053592 
0.469735146 0.0475609755281 0.022725 -0.030759 -0.032599 
0.479628086 0.0485237531798 0.023039 -0.039209 -0.041829 
0.489945174 0.0495278087747 0.023013 -0.040215 -0.053207 
0.499819041 0.0504887302483 0.030503 -0.043848 -0.052408 
0.50967598 0.0514480042945 0.002026 -0.037358 -0.042859 
0.520040989 0.0525127029146 -0.012363 -0.030308 -0.033071 
0.529903174 0.053546931705 0.016675 -0.038022 -0.042613 
0.539786101 0.0545833356701 0.017152 -0.038124 -0.052583 
0.549635172 0.05561618922 0.003501 -0.039067 -0.052694 
0.559942007 0.0566970476197 -0.010894 -0.04008 -0.053179 
0.56981802 0.0576629460015 0.017451 -0.031457 -0.052646 
0.579684973 0.0586263782418 0.018277 -0.04057 -0.052568 
0.590074063 0.0596407931533 0.004094 -0.033795 -0.063093 
0.599941969 0.0606043184467 0.00492 -0.042907 -0.063015 
0.609817982 0.0615686353265 -0.016609 -0.031489 -0.063877 
0.620102167 0.0626256158689 0.011563 -0.030372 -0.0634 
0.630001068 0.0636553540048 0.005047 -0.043746 -0.063134 
0.639872074 0.0646821903494 -0.016087 -0.032994 -0.053772 
0.649698973 0.0657044384411 0.005503 -0.036792 -0.07421 
0.660048008 0.0667781632496 -0.022274 -0.038576 -0.064463 
0.669958115 0.0677146708902 0.006501 -0.038399 -0.074076 
0.679805041 0.0686452079102 -0.000411 -0.051106 -0.084034 
0.689720154 0.0695821886191 -0.02152 -0.041922 -0.095351 
0.699999094 0.0705535510724 -0.006729 -0.041575 -0.084642 
0.709875107 0.0714868368214 -0.034653 -0.035465 -0.075881 
0.719737053 0.0724635174546 -0.034795 -0.036475 -0.086345 
0.730072975 0.073496356964 -0.027179 -0.040946 -0.085665 
0.739959002 0.074484239736 -0.048475 -0.038543 -0.075563 
0.749812126 0.075468834604 -0.047786 -0.030858 -0.095574 
0.759637118 0.0764506183208 -0.068825 -0.044406 -0.095673 
0.769966126 0.0774882632031 -0.054439 -0.03718 -0.095498 
0.779859066 0.078484302715 -0.054186 -0.038857 -0.095737 
0.789775133 0.0794826706961 -0.082971 -0.03282 -0.086435 
0.800055027 0.080517669453 -0.068013 -0.03303 -0.085942 
0.809937954 0.0815127008375 -0.089006 -0.038235 -0.085866 
0.819786072 0.0824960131688 -0.082378 -0.027548 -0.096834 
0.829651118 0.0834778209891 -0.082413 -0.019768 -0.076465 
0.839977026 0.0845054955915 -0.104004 -0.018543 -0.088085 
0.849822998 0.085485405093 -0.089437 -0.026991 -0.107293 
0.859694958 0.0864679010215 -0.117529 -0.03729 -0.108065 
0.870027066 0.0875231338638 -0.096694 -0.017979 -0.109438 
0.879925967 0.088545370713 -0.10364 -0.022906 -0.099027 
0.889780999 0.0895630773109 -0.110567 -0.020496 -0.099818 
0.899644137 0.090581620997 -0.096171 -0.019484 -0.099333 
0.909979105 0.0916488894872 -0.103052 -0.00873 -0.099949 
0.919861079 0.0926094043097 -0.117711 -0.001853 -0.100505 
0.929713011 0.0935589475256 -0.103235 -0.010022 -0.100316 
0.940041066 0.0945543801534 -0.117281 -0.020044 -0.090752 
0.949921131 0.0955066348679 -0.102718 -0.019588 -0.100484 
0.959789038 0.096457717777 -0.131073 -0.021998 -0.101327 
0.969637156 0.0974393926839 -0.124177 -0.011139 -0.101951 
0.979987145 0.0984886539685 -0.131256 -0.02329 -0.101693 
0.98982811 0.0994863114131 -0.131393 -0.016239 -0.101883 
0.999683142 0.100485394942 -0.116298 -0.0235 -0.1012 
1.01000309 0.101632114725 -0.14482 -0.025353 -0.091827 
1.019862175 0.102543063958 -0.130876 -0.025805 -0.102051 
1.029720068 0.103479934106 -0.115776 -0.025004 -0.091096 
1.039644003 0.104468492105 -0.144177 -0.035757 -0.092114 
1.049965144 0.105496617187 -0.122642 -0.039114 -0.08098 
1.059777022 0.106474012795 -0.122957 -0.047629 -0.091499 
1.069617033 0.107523490544 -0.115052 -0.044591 -0.091679 
1.079935074 0.108588986179 -0.157701 -0.037539 -0.092345 
1.089833975 0.109566914847 -0.135983 -0.025209 -0.093153 
1.099688053 0.110540415377 -0.142834 -0.037469 -0.072455 
1.109966994 0.11155588882 -0.156941 -0.030972 -0.073799 
1.119845152 0.112639990062 -0.143027 -0.037919 -0.073617 
1.12984109 0.113654898162 -0.142282 -0.037849 -0.073243 
1.139667034 0.114607661241 -0.15651 -0.039418 -0.083944 
1.150004149 0.115609989517 -0.155765 -0.039348 -0.083571 
1.159883023 0.116567884902 -0.183882 -0.04808 -0.063663 
1.169739962 0.117522500673 -0.154791 -0.039389 -0.062756 
1.179655075 0.118492964407 -0.161621 -0.034566 -0.073159 
1.189923048 0.119508395358 -0.175809 -0.028632 -0.05431 
1.199845076 0.120489614759 -0.183035 -0.032889 -0.055038 
1.209696055 0.12146380791 -0.203911 -0.038088 -0.055877 
1.220009089 0.122652190726 -0.175698 -0.036689 -0.065498 
1.229887963 0.123658744361 -0.217775 -0.046818 -0.045948 
1.239793063 0.124601040883 -0.232439 -0.048003 -0.056776 
1.249691964 0.125542747678 -0.196295 -0.042559 -0.055198 
1.259989977 0.126522422979 -0.238843 -0.051745 -0.055053 
1.26986599 0.127577695003 -0.196285 -0.033657 -0.0743 
1.279715062 0.128592559206 -0.210305 -0.042673 -0.053358 
1.290029049 0.129589815506 -0.21791 -0.039045 -0.053242 
1.299873114 0.130541635189 -0.225105 -0.0512 -0.052068 
1.309733153 0.131494999393 -0.225348 -0.050366 -0.051033 
1.319669009 0.132497181304 -0.211526 -0.058885 -0.070615 
1.329940081 0.133544023044 -0.246934 -0.072439 -0.059821 
1.339811087 0.134535839335 -0.247937 -0.056557 -0.049993 
1.349673987 0.135526841154 -0.226751 -0.050904 -0.048907 
1.359980107 0.136562376712 -0.241263 -0.051921 -0.048476 
1.369857073 0.137535923479 -0.220559 -0.054227 -0.047693 
1.379738093 0.138502538405 -0.241821 -0.059603 -0.05796 
1.390028954 0.139515139361 -0.220508 -0.054788 -0.056994 
1.399928093 0.140490667094 -0.220554 -0.063131 -0.05717 
1.409803152 0.141463821822 -0.263559 -0.064877 -0.058258 
1.41969204 0.142440231223 -0.228642 -0.067462 -0.057356 
1.42999506 0.143461629066 -0.263559 -0.064877 -0.058258 
1.439830065 0.14444738497 -0.235507 -0.05486 -0.04739 
1.449713946 0.145438039682 -0.249954 -0.072277 -0.058323 
1.460014105 0.146470417658 -0.264385 -0.06551 -0.038438 
1.469969988 0.147467124237 -0.257042 -0.061249 -0.038625 
1.479830981 0.148454510091 -0.26408 -0.056151 -0.028715 
1.489673138 0.149441266118 -0.292517 -0.066345 -0.049011 
1.500026942 0.150479318904 -0.235406 -0.071097 -0.046579 
1.50989008 0.151468178446 -0.27841 -0.072842 -0.047667 
1.519771099 0.152496699615 -0.250232 -0.063664 -0.036918 
1.529680014 0.153514581727 -0.250217 -0.078781 -0.046084 
1.539973975 0.154536622607 -0.292901 -0.080915 -0.04613 
1.549846173 0.155516788545 -0.250226 -0.086962 -0.034085 
1.559697152 0.156494847744 -0.307271 -0.080922 -0.035237 
1.570038081 0.157640760598 -0.257953 -0.074433 -0.023577 
1.57989502 0.158649678519 -0.279194 -0.086865 -0.032738 
1.589779139 0.159614056881 -0.293974 -0.071088 -0.022902 
1.59969306 0.160581342978 -0.237203 -0.099755 -0.030058 
1.609955073 0.161582591879 -0.287072 -0.088898 -0.02118 
1.619845152 0.162542038024 -0.259325 -0.088239 -0.020035 
1.629711151 0.163516408563 -0.252511 -0.114674 -0.008391 
1.640014172 0.16455935779 -0.274171 -0.088144 0.000829 
1.649919033 0.165562002269 -0.245461 -0.093903 -0.017655 
1.659767151 0.166558902796 -0.302668 -0.096211 -0.018067 
1.669726134 0.167529132035 -0.274759 -0.087205 -0.017661 
1.68000412 0.168542785592 -0.281736 -0.098627 0.003157 
1.689878941 0.169544659331 -0.289737 -0.094332 -0.006951 
1.699747086 0.170545855739 -0.239822 -0.096846 -0.015653 
1.7100451 0.171590665542 -0.303797 -0.093885 0.00419 
1.719967127 0.172559047691 -0.261487 -0.09277 -0.004396 
1.729799033 0.173520612526 -0.240205 -0.09445 0.006977 
1.739683152 0.174491003471 -0.261654 -0.092214 0.00582 
1.749994994 0.17550338688 -0.219791 -0.089872 -0.003689 
1.759866953 0.176472583995 -0.277002 -0.083276 0.005376 
1.769729138 0.17750907082 -0.248562 -0.098953 -0.003553 
1.780075074 0.178593796222 -0.248465 -0.106286 0.006735 
1.789977074 0.179570491315 -0.234642 -0.097838 0.006902 
1.79983306 0.180542647765 -0.248851 -0.106463 -0.002693 
1.809714079 0.181517273374 -0.263991 -0.090579 0.016197 
1.819976092 0.182508979227 -0.242557 -0.094664 0.006771 
1.829883099 0.183484465513 -0.199893 -0.099867 0.01802 
1.839770079 0.184482628711 -0.270517 -0.103109 0.015667 
1.850082159 0.185523708874 -0.213817 -0.092077 0.017042 
1.859980107 0.186522979372 -0.27069 -0.110614 0.015611 
1.869821072 0.187582850772 -0.220876 -0.09689 0.006097 
1.879712105 0.188613300384 -0.249079 -0.104502 0.016028 
1.889953137 0.189651451731 -0.291824 -0.090117 0.005074 
1.899836064 0.190653301346 -0.234308 -0.087355 0.005732 
1.909711123 0.191653257469 -0.276861 -0.087636 0.015354 
1.920021057 0.192575938825 -0.262941 -0.08652 0.025808 
1.929908038 0.193514351558 -0.255315 -0.097205 0.026798 
1.93977499 0.1944900255 -0.320006 -0.087818 0.03586 
1.949660063 0.1954674913 -0.270177 -0.089212 0.01718 
1.959916115 0.196481640622 -0.319514 -0.103039 0.016724 
1.969789029 0.197457904104 -0.277544 -0.108873 0.018298 
1.979657173 0.198455751536 -0.284343 -0.104728 0.049445 
1.990007162 0.199539593192 -0.320364 -0.086989 0.037811 
1.99991107 0.200576721642 -0.284561 -0.105461 0.029801 
2.009777069 0.201609880296 -0.313027 -0.105183 0.03966 
2.01967001 0.202645860291 -0.313011 -0.097965 0.050729 
2.029946089 0.203676101213 -0.277375 -0.11588 0.052935 
2.039819956 0.204646600769 -0.320059 -0.118014 0.052889 
2.049673081 0.2056150616 -0.298392 -0.121368 0.034529 
2.060031176 0.206633155788 -0.347369 -0.118335 0.044767 
2.069905997 0.207603749113 -0.318999 -0.125673 0.036929 
2.079792977 0.208576034613 -0.303568 -0.131475 0.049238 
2.089640141 0.20954500162 -0.35283 -0.130463 0.03855 
2.099945069 0.210559012888 -0.296139 -0.127612 0.051924 
2.109821081 0.211530818556 -0.317085 -0.124472 0.052176 
2.119719029 0.21250478274 -0.324468 -0.129015 0.06246 
2.130064965 0.213542515224 -0.316669 -0.132194 0.063506 
2.139901162 0.214555465813 -0.352153 -0.131078 0.05281 
2.149799109 0.215574775536 -0.295762 -0.1205 0.053938 
2.159687996 0.216593152243 -0.33068 -0.134881 0.033287 
2.169983149 0.217653367009 -0.330553 -0.135719 0.033168 
2.179852963 0.218626605262 -0.323332 -0.122558 0.043373 
2.189733029 0.21958129885 -0.366088 -0.117075 0.051522 
2.200041056 0.220577345566 -0.315513 -0.128145 0.053114 
2.209929943 0.221532891512 -0.365525 -0.118298 0.051529 
2.219798088 0.222486433195 -0.34362 -0.113581 0.04161 
2.2296381 0.223444603861 -0.307897 -0.132616 0.053794 
2.239997149 0.224490907781 -0.364896 -0.127978 0.072717 
2.249915123 0.225492661424 -0.300956 -0.13038 0.033596 
2.259734154 0.226484421442 -0.357939 -0.123894 0.063102 
2.270101071 0.227531520061 -0.32215 -0.127248 0.064258 
2.279937983 0.228519513172 -0.328914 -0.130883 0.075035 
2.289847136 0.229504885776 -0.37178 -0.117343 0.094372 
2.30016017 0.230530420569 -0.329193 -0.139236 0.076691 
2.310027123 0.231511596778 -0.399928 -0.134421 0.085525 
2.319839955 0.232487391159 -0.328532 -0.11571 0.087322 
2.329758168 0.233478058046 -0.335074 -0.144482 0.088519 
2.34010911 0.234519797228 -0.34229 -0.149582 0.088586 
2.349871159 0.235502269059 -0.314031 -0.13984 0.079141 
2.359809161 0.236502449147 -0.363403 -0.145886 0.099055 
2.369699955 0.237497878128 -0.342294 -0.125562 0.07865 
2.380033017 0.238537817832 -0.369924 -0.135239 0.089384 
2.389912129 0.239525962286 -0.37039 -0.13598 0.10015 
2.399747134 0.240508842938 -0.32013 -0.128853 0.091074 
2.410046101 0.241538090549 -0.334063 -0.129244 0.102095 
2.419901133 0.242522972639 -0.326459 -0.149839 0.082229 
2.429814101 0.243520966822 -0.340828 -0.149846 0.093123 
2.439690113 0.244524805244 -0.347972 -0.131202 0.092436 
2.449993134 0.245572046614 -0.333698 -0.138256 0.083564 
2.459876061 0.246576587904 -0.361308 -0.140596 0.083095 
2.469764948 0.247581734994 -0.354103 -0.129283 0.082717 
2.480093956 0.248609941352 -0.3607 -0.133475 0.083278 
2.490007162 0.249576475187 -0.353869 -0.138298 0.093681 
2.499828101 0.250534013024 -0.325317 -0.12995 0.0739 
2.509705067 0.251497013473 -0.381434 -0.14926 0.073638 
2.520066023 0.252507202763 -0.353363 -0.131906 0.073304 
2.529939175 0.253494614779 -0.388046 -0.138334 0.083366 
2.539803028 0.254527521114 -0.35286 -0.140748 0.094611 
2.550133944 0.255609336566 -0.373336 -0.155518 0.09452 
2.560009957 0.256643516252 -0.373817 -0.131395 0.094553 
2.569844008 0.257673301832 -0.345907 -0.122389 0.094959 
2.579728127 0.258670838424 -0.352438 -0.135038 0.1167 
2.59007001 0.259677672374 -0.380895 -0.138176 0.095297 
2.599946976 0.260639244332 -0.35936 -0.141532 0.106432 
2.609802962 0.261598773783 -0.359669 -0.141986 0.106185 
2.620134116 0.262604563211 -0.352525 -0.155259 0.107358 
2.629992009 0.263593762638 -0.373396 -0.152397 0.116791 
2.63982606 0.264617688667 -0.344929 -0.135709 0.126681 
2.649719 0.265647746247 -0.337582 -0.140352 0.117017 
2.660036087 0.266721966212 -0.366058 -0.133861 0.126566 
2.669929982 0.267752123227 -0.351536 -0.133687 0.126931 
2.679768086 0.268715004313 -0.372092 -0.139276 0.127135 
2.690112114 0.269693437769 -0.357408 -0.130753 0.12676 
2.699973107 0.270626181324 -0.343007 -0.138645 0.117769 
2.709841967 0.271559669013 -0.370905 -0.131529 0.137908 
2.719722987 0.272494306906 -0.335345 -0.134773 0.118624 
2.730035067 0.273494495082 -0.363371 -0.143784 0.119134 
2.739922047 0.274484253273 -0.391203 -0.120987 0.128246 
2.749760151 0.275469118623 -0.363146 -0.119874 0.129638 
2.760075093 0.276501718905 -0.38385 -0.117569 0.128855 
2.769983054 0.277493577447 -0.376447 -0.129827 0.139576 
2.779865027 0.278482667951 -0.354664 -0.133176 0.1203 
2.78968215 0.279465026875 -0.361884 -0.129371 0.129844 
2.800040007 0.280501494816 -0.347408 -0.13754 0.130034 
2.809895039 0.281487647138 -0.376153 -0.131222 0.129239 
2.819733143 0.282472105544 -0.38346 -0.120926 0.129292 
2.830079079 0.283505517233 -0.347716 -0.115658 0.150022 
2.839948178 0.284488869893 -0.368862 -0.121029 0.138839 
2.849804163 0.28547091588 -0.347549 -0.116214 0.139805 
2.859650135 0.286451964176 -0.368851 -0.121872 0.139635 
2.870021105 0.28748532304 -0.361382 -0.118449 0.139328 
2.879894019 0.288478553601 -0.375362 -0.127184 0.150173 
2.889798165 0.289504606035 -0.368592 -0.115487 0.149668 
2.900081158 0.290569906364 -0.361265 -0.127468 0.151207 
2.909940005 0.291591265899 -0.33218 -0.126838 0.141841 
2.919826985 0.292615539964 -0.368105 -0.116433 0.140494 
2.929654122 0.293602014492 -0.395963 -0.109034 0.150537 
2.940003157 0.294601079565 -0.382135 -0.109491 0.141228 
2.949892044 0.295555723318 -0.374646 -0.113124 0.142027 
2.959746123 0.296507006811 -0.381283 -0.117597 0.152685 
2.970080138 0.297504621898 -0.388143 -0.113899 0.153175 
2.979958058 0.298469260902 -0.374179 -0.121407 0.144056 
2.989829064 0.299464616955 -0.388575 -0.122419 0.143571 
3.000121117 0.300502429843 -0.39505 -0.118544 0.153489 
3.00996399 0.301494949067 -0.387971 -0.106394 0.153231 
3.01985097 0.302539767908 -0.366496 -0.093231 0.153458 
3.029695034 0.303553955862 -0.394527 -0.110304 0.143695 
3.040141106 0.304507936752 -0.394715 -0.102691 0.152806 
3.049909115 0.305482669785 -0.359053 -0.105207 0.154081 
3.059813977 0.306471059147 -0.387003 -0.114496 0.163773 
3.069697142 0.307457283402 -0.387003 -0.114496 0.163773 
3.079962969 0.308505197941 -0.40764 -0.110902 0.164271 
3.089835167 0.309562689059 -0.379883 -0.102063 0.153418 
3.099715948 0.310547525745 -0.372171 -0.113867 0.164385 
3.110042096 0.311576753027 -0.400424 -0.105803 0.164204 
3.119920969 0.312561399539 -0.386171 -0.105801 0.154225 
3.129781008 0.31358064399 -0.379112 -0.100988 0.16517 
3.139668942 0.314630354203 -0.385902 -0.105628 0.164569 
3.149968148 0.315631411375 -0.371426 -0.113798 0.164759 
3.159852982 0.31659219262 -0.407088 -0.111282 0.163483 
3.169677019 0.317547064548 -0.393184 -0.112016 0.163355 
3.180040121 0.318549824576 -0.393022 -0.103668 0.162615 
3.189910174 0.319499618443 -0.378976 -0.103391 0.17295 
3.199766159 0.320481939106 -0.392982 -0.113131 0.172417 
3.209664107 0.321468442113 -0.421428 -0.105516 0.171073 
3.219964981 0.322495103718 -0.407529 -0.097345 0.180422 
3.229856968 0.323570706192 -0.385918 -0.091233 0.180839 
3.239731074 0.324659813187 -0.37924 -0.096223 0.179983 
3.250061035 0.325638304825 -0.378977 -0.104113 0.180054 
3.259936095 0.326573706579 -0.42155 -0.097338 0.188569 
3.269823075 0.327510237439 -0.385909 -0.092798 0.188739 
3.2796731 0.328503965022 -0.393484 -0.088045 0.177962 
3.289984942 0.329606013126 -0.414664 -0.085636 0.187149 
3.29984808 0.330566925324 -0.371833 -0.091396 0.188181 
3.309704066 0.331521621208 -0.407322 -0.081375 0.186961 
3.320024968 0.332521350982 -0.40792 -0.089339 0.187574 
3.329926968 0.333499342398 -0.38604 -0.083055 0.198335 
3.339825154 0.334529307226 -0.371833 -0.091396 0.188181 
3.349672079 0.335517407309 -0.400664 -0.093703 0.197308 
3.359986067 0.336552375322 -0.401105 -0.084414 0.206657 
3.369882107 0.337545403901 -0.38673 -0.076346 0.206036 
3.379733086 0.338525257808 -0.415131 -0.077353 0.185119 
3.390066147 0.339531613053 -0.407992 -0.081722 0.195769 
3.39994216 0.340499203874 -0.378901 -0.07303 0.196675 
3.409801007 0.341472256528 -0.414289 -0.079247 0.196266 
3.419676066 0.34244690928 -0.414122 -0.079803 0.18605 
3.429984093 0.343465292656 -0.413493 -0.079738 0.187339 
3.439907074 0.344447091293 -0.413635 -0.080749 0.176876 
3.449756146 0.345433466209 -0.39858 -0.073177 0.168243 
3.460087061 0.346470508782 -0.441092 -0.067806 0.168253 
3.469977141 0.347463299258 -0.455198 -0.060586 0.159805 
3.479840994 0.348457617807 -0.482772 -0.07973 0.151762 
3.489675045 0.349457289108 -0.481797 -0.064654 0.153163 
3.499973059 0.350485082257 -0.459359 -0.076678 0.166454 
3.509830952 0.351467282199 -0.487653 -0.070746 0.137208 
3.519732952 0.352453876782 -0.465707 -0.07477 0.129987 
3.530030966 0.353494992748 -0.479006 -0.084001 0.132821 
3.539927006 0.354528609457 -0.527917 -0.091277 0.125078 
3.549793959 0.355513898409 -0.555531 -0.08399 0.126982 
3.559662104 0.356499306393 -0.57566 -0.083028 0.119898 
3.569973946 0.357529020835 -0.574883 -0.075742 0.102761 
3.579843045 0.35856422124 -0.59519 -0.073381 0.105098 
3.589765072 0.359649454128 -0.615133 -0.080753 0.096008 
3.600090981 0.360658219144 -0.577954 -0.076754 0.109896 
3.60996604 0.361622939447 -0.619797 -0.088002 0.081349 
3.619851113 0.362588638043 -0.611805 -0.085362 0.084043 
3.629693032 0.363540463415 -0.610329 -0.086349 0.067104 
3.6400311 0.364530714756 -0.65931 -0.085287 0.060452 
3.64992404 0.365536902734 -0.680027 -0.083386 0.034879 
3.659759045 0.366537198277 -0.751125 -0.079712 0.028774 
3.670103073 0.367589265368 -0.786723 -0.086901 0.024684 
3.679877997 0.368560509484 -0.836463 -0.101428 0.012282 
3.689846039 0.369518444453 -0.893777 -0.088866 0.009337 
3.699709177 0.370522435629 -0.929436 -0.110896 -0.0131 
3.710003138 0.371570281254 -0.972376 -0.121625 -0.024106 
3.719865084 0.372574151093 -1.021573 -0.113353 -0.017859 
3.729735136 0.373543316963 -1.063892 -0.124499 -0.036436 
3.740062952 0.374528235997 -1.034559 -0.126386 -0.016666 
3.749940157 0.375503940591 -1.026674 -0.116291 -0.017952 
3.759821177 0.376480022044 -1.011753 -0.09505 -0.002295 
3.769668103 0.377452735574 -0.954194 -0.096984 -0.006518 
3.780012131 0.378500283517 -0.92502 -0.098077 -0.021074 
3.789948941 0.379586560885 -0.875401 -0.087376 -0.063808 
3.799752951 0.3805458725 -0.888722 -0.080527 -0.074876 
3.810100079 0.381558327615 -0.937624 -0.096589 -0.114367 
3.820006132 0.382527624025 -0.943591 -0.0856 -0.131929 
3.829843998 0.383488699297 -0.948873 -0.082161 -0.127818 
3.839694023 0.384449900604 -0.940551 -0.086122 -0.123771 
3.850047112 0.385491963762 -0.989496 -0.085618 -0.111145 
3.859944105 0.386488119767 -1.003074 -0.071842 -0.099216 
3.869769097 0.387477028699 -0.953214 -0.075765 -0.115508 
3.880089045 0.388561976553 -0.981233 -0.071344 -0.10424 
3.889997006 0.38964013982 -1.017447 -0.080045 -0.12399 
3.899852991 0.390635524445 -1.003102 -0.089346 -0.140572 
3.909693003 0.391629295909 -1.067077 -0.082866 -0.159405 
3.920020104 0.392672259911 -1.024437 -0.073237 -0.186051 
3.929890156 0.393602205566 -1.080415 -0.076541 -0.172991 
3.939723969 0.39451110855 -1.08726 -0.067475 -0.200594 
3.950088024 0.395529190497 -1.072922 -0.058245 -0.205326 
3.959969998 0.396499916659 -1.143991 -0.063191 -0.202425 
3.969848156 0.397470267967 -1.158035 -0.057376 -0.219378 
3.979681969 0.398436263177 -1.172601 -0.074195 -0.214228 
3.989966154 0.399447314406 -1.214944 -0.078404 -0.211639 
3.999886036 0.400490833356 -1.193834 -0.081497 -0.20694 
4.009750128 0.401528483493 -1.22244 -0.076138 -0.214161 
4.020028115 0.402609673188 -1.258309 -0.084222 -0.221491 
4.029962063 0.403654671805 -1.251299 -0.072756 -0.207863 
4.039819956 0.404669349084 -1.301614 -0.071546 -0.226275 
4.049666167 0.405637453054 -1.288226 -0.071737 -0.21344 
4.059985161 0.406652042225 -1.352388 -0.072038 -0.210854 
4.069853068 0.4076222794 -1.331815 -0.075475 -0.226841 
4.079702139 0.408590664573 -1.381227 -0.098048 -0.223684 
4.089997053 0.409602895785 -1.402922 -0.079981 -0.220947 
4.099909067 0.410577995258 -1.403077 -0.079546 -0.217038 
4.109739066 0.411545026464 -1.416929 -0.088397 -0.213416 
4.119641066 0.412519140805 -1.431586 -0.075428 -0.22059 
4.129973173 0.413535567143 -1.452232 -0.079293 -0.215197 
4.139847041 0.414506913984 -1.50928 -0.075223 -0.233238 
4.149708987 0.41551867634 -1.516032 -0.078979 -0.228768 
4.159996987 0.416576164971 -1.558877 -0.073624 -0.254591 
4.169854164 0.417589369929 -1.551848 -0.08618 -0.259606 
4.179754019 0.418606961697 -1.600463 -0.092278 -0.245627 
4.189639092 0.419597449203 -1.594118 -0.080318 -0.252567 
4.199938059 0.42059278856 -1.593943 -0.081115 -0.246819 
4.209812165 0.421547067403 -1.650895 -0.084378 -0.254573 
4.219670058 0.422499779348 -1.630058 -0.078738 -0.250741 
4.230026007 0.423500625706 -1.68708 -0.073663 -0.257403 
4.239904166 0.42445529625 -1.694812 -0.095186 -0.264122 
4.24977994 0.425443181895 -1.716608 -0.092242 -0.269636 
4.259624005 0.426436439502 -1.766649 -0.099764 -0.287181 
4.269902945 0.427473575619 -1.732278 -0.093186 -0.282322 
4.279811144 0.428473304292 -1.803098 -0.096275 -0.270669 
4.289723158 0.429473417894 -1.768164 -0.090919 -0.265803 
4.300073147 0.430509039811 -1.782452 -0.099386 -0.262308 
4.309960127 0.43149753563 -1.839875 -0.094485 -0.249819 
4.319798947 0.432481216433 -1.832836 -0.09886 -0.266834 
4.329749108 0.43347602906 -1.875154 -0.107434 -0.253352 
4.339970112 0.434497920448 -1.86787 -0.1047 -0.238857 
4.349847079 0.435494520307 -1.895716 -0.097422 -0.235122 
4.359730006 0.436491787326 -1.944849 -0.11092 -0.240724 
4.370042086 0.437532359342 -1.95949 -0.096103 -0.237315 
4.379909993 0.438528110722 -1.98011 -0.084569 -0.232852 
4.389765978 0.439522659076 -2.008936 -0.095058 -0.240305 
4.399680138 0.440515990629 -1.987612 -0.090364 -0.245646 
4.409938097 0.441533124527 -2.059036 -0.109478 -0.243654 
4.419816971 0.442512670031 -2.031521 -0.108829 -0.240677 
4.429698944 0.443492522819 -2.039023 -0.086784 -0.207356 
4.440052986 0.444521664975 -2.096726 -0.107923 -0.205857 
4.44987917 0.445524701448 -2.075098 -0.110837 -0.221225 
4.45984006 0.446541488431 -2.167159 -0.109391 -0.198984 
4.470129013 0.447591763404 -2.125314 -0.108295 -0.203909 
4.480000973 0.448599472596 -2.167154 -0.101856 -0.21981 
4.489869118 0.449603757828 -2.20215 -0.108135 -0.194827 
4.499735117 0.450561401271 -2.223486 -0.112512 -0.221379 
4.510085106 0.451566023216 -2.301055 -0.128983 -0.20763 
4.519942999 0.45252287985 -2.280739 -0.11647 -0.213416 
4.529832125 0.453482768116 -2.26556 -0.114503 -0.207486 
4.540114165 0.45448079459 -2.343901 -0.132049 -0.20549 
4.550003052 0.455515750919 -2.322846 -0.127527 -0.221174 
4.559877158 0.456551513238 -2.386623 -0.133021 -0.209646 
4.56975317 0.45758747549 -2.393735 -0.116185 -0.215049 
4.580095053 0.458672306129 -2.415567 -0.127797 -0.220428 
4.589919091 0.459689913893 -2.443991 -0.130891 -0.207385 
4.599743128 0.460645649052 -2.465225 -0.13454 -0.213377 
4.610119105 0.461655079902 -2.522822 -0.15411 -0.220694 
4.620013953 0.462617703935 -2.530962 -0.127768 -0.228134 
4.629868031 0.463576361644 -2.509497 -0.137179 -0.203599 
4.639781952 0.464540841201 -2.60205 -0.154445 -0.201721 
4.650077105 0.46561235738 -2.574196 -0.146847 -0.208905 
4.659947157 0.46664093698 -2.645421 -0.143057 -0.207787 
4.669811011 0.467668870673 -2.638205 -0.146981 -0.19506 
4.680114031 0.468742570811 -2.680487 -0.140998 -0.181713 
4.689980984 0.469747326366 -2.660071 -0.145443 -0.179584 
4.699816943 0.470674360561 -2.660632 -0.138129 -0.18621 
4.709681988 0.471604136098 -2.717144 -0.165796 -0.1839 
4.720040083 0.47258038135 -2.70339 -0.158033 -0.169847 
4.729892969 0.473509010907 -2.781437 -0.165378 -0.158923 
4.739772082 0.474440119651 -2.753435 -0.165674 -0.165121 
4.75007701 0.475474512348 -2.816663 -0.156551 -0.151522 
4.759958983 0.476466449477 -2.830798 -0.16485 -0.136768 
4.769870997 0.477461402076 -2.838047 -0.146332 -0.142847 
4.779755116 0.478453554618 -2.894512 -0.164935 -0.147466 
4.790081978 0.479490175512 -2.936789 -0.167856 -0.143595 
4.799919129 0.480479340607 -2.915743 -0.171515 -0.147281 
4.809822083 0.481475122458 -2.994194 -0.171259 -0.153995 
4.819658995 0.48246426352 -2.972636 -0.175579 -0.148372 
4.830023051 0.483506411032 -3.015116 -0.177385 -0.153564 
4.839883089 0.484497877507 -3.0719 -0.164238 -0.151785 
4.849725962 0.485476402502 -3.057842 -0.164082 -0.147758 
4.86005807 0.486501172806 -3.142855 -0.168577 -0.134632 
4.869896174 0.487476946271 -3.122276 -0.163953 -0.140347 
4.879804135 0.488459648368 -3.151268 -0.156919 -0.117835 
4.889668942 0.489438070319 -3.187147 -0.181126 -0.145709 
4.900022984 0.490465016104 -3.181465 -0.175845 -0.12126 
4.909876109 0.491487136736 -3.2234 -0.186814 -0.130408 
4.919751168 0.492526573125 -3.210821 -0.170674 -0.106583 
4.930027008 0.493608195222 -3.238958 -0.188595 -0.114634 
4.939977169 0.494642232406 -3.247201 -0.16113 -0.103472 
4.949821949 0.495592603382 -3.240461 -0.181918 -0.100524 
4.959716082 0.496547738676 -3.312275 -0.160945 -0.091043 
4.970015049 0.497541954831 -3.306179 -0.182924 -0.107071 
4.97992301 0.498498425018 -3.363582 -0.176055 -0.106272 
4.98972416 0.499444584149 -3.328588 -0.18722 -0.090497 
5.000060082 0.500483449718 -3.371839 -0.173857 -0.080588 
5.009964943 0.50148065123 -3.393804 -0.188044 -0.088531 
5.019886017 0.502479485035 -3.372947 -0.175067 -0.095902 
5.030194998 0.503517372537 -3.423805 -0.173191 -0.066464 
5.040020943 0.504618913533 -3.431618 -0.171139 -0.085196 
5.049908161 0.505496648433 -3.411374 -0.166123 -0.063374 
5.0597291 0.506449219956 -3.461792 -0.180757 -0.082934 
5.070093155 0.507489363972 -3.469162 -0.1782 -0.039309 
5.079946995 0.508478302443 -3.504899 -0.191652 -0.076619 
5.089796067 0.509466762394 -3.562763 -0.189058 -0.074045 
5.099679947 0.510562782537 -3.535258 -0.186844 -0.078968 
5.10998106 0.511580420503 -3.563697 -0.18019 -0.057244 
5.119915963 0.512561880903 -3.556825 -0.184009 -0.064042 
5.129765988 0.513534956279 -3.628096 -0.171596 -0.04335 
5.140014172 0.514565048592 -3.621321 -0.168082 -0.060436 
5.149953127 0.515678381502 -3.636313 -0.169115 -0.027764 
5.159830094 0.51663286403 -3.665103 -0.170418 -0.035837 
5.169691086 0.517585802779 -3.658413 -0.17553 -0.043001 
5.180001021 0.518582126127 -3.701446 -0.177678 -0.0403 
5.189906121 0.519539012874 -3.72335 -0.191418 -0.017587 
5.19977808 0.52048897512 -3.737951 -0.176319 -0.024275 
5.210097075 0.521513913127 -3.752868 -0.184851 -0.022069 
5.219927073 0.522498251514 -3.760102 -0.165206 -0.010462 
5.229798079 0.523486696285 -3.774187 -0.174788 0.002095 
5.239691019 0.52452019782 -3.803935 -0.168832 -0.015725 
5.25 0.525691924976 -3.811108 -0.165707 0.00679 
5.259909153 0.526629928346 -3.85402 -0.176755 -0.000901 
5.269745112 0.527557954976 -3.839476 -0.19266 0.013365 
5.280092001 0.528534188054 -3.88978 -0.175327 0.015498 
5.289963961 0.529505579206 -3.918594 -0.169693 0.02859 
5.299900055 0.530571984561 -3.939002 -0.182454 0.022676 
5.309692145 0.5315565304 -3.947417 -0.162495 0.033783 
5.320014 0.532560426008 -3.954459 -0.159367 0.026803 
5.329926014 0.533524460798 -3.934028 -0.161964 0.039514 
5.33980608 0.534488992984 -3.962731 -0.147421 0.061167 
5.350128174 0.535564729222 -3.992283 -0.165757 0.06155 
5.359920025 0.536548555859 -4.013305 -0.172086 0.072519 
5.369825125 0.537533556015 -4.006844 -0.160122 0.064663 
5.379654169 0.538510992877 -4.035244 -0.170153 0.056541 
5.389960051 0.539535848292 -4.050615 -0.153556 0.070159 
5.399857045 0.540505297435 -4.057737 -0.150992 0.083373 
5.40972209 0.541472681703 -4.086041 -0.168356 0.085539 
5.420037985 0.542494430603 -4.086967 -0.152029 0.097444 
5.429909945 0.543472209484 -4.115524 -0.162347 0.100334 
5.439790964 0.544451553856 -4.130288 -0.156317 0.10149 
5.449656964 0.54543634542 -4.137721 -0.176544 0.094222 
5.459988118 0.546468532869 -4.202076 -0.160328 0.115395 
5.46984911 0.547454697361 -4.166889 -0.162019 0.119537 
5.479727984 0.548442650171 -4.188093 -0.159173 0.103138 
5.490031958 0.549472441453 -4.252427 -0.166979 0.105668 
5.49991107 0.550453627768 -4.288858 -0.156874 0.11808 
5.50976801 0.551439741939 -4.288669 -0.17351 0.121765 
5.519648075 0.55243303175 -4.274922 -0.164784 0.112751 
5.52996707 0.553470449277 -4.304471 -0.165433 0.125779 
5.539855004 0.554464640104 -4.318708 -0.158216 0.146826 
5.549688101 0.555477191815 -4.312248 -0.178333 0.138634 
5.560026169 0.556516171294 -4.390721 -0.171743 0.137918 
5.569936037 0.557504873757 -4.370507 -0.158107 0.150733 
5.57979703 0.558488699986 -4.377843 -0.170551 0.13434 
5.589676142 0.559474333939 -4.414263 -0.161289 0.147549 
5.600002051 0.560672696357 -4.450075 -0.167242 0.140705 
5.609888077 0.561633827985 -4.465088 -0.168441 0.132623 
5.619748116 0.562592433126 -4.49331 -0.162905 0.13483 
5.630030156 0.563592065723 -4.502136 -0.158522 0.137438 
5.639935017 0.564555043096 -4.516968 -0.15915 0.136826 
5.649788142 0.56551313121 -4.524532 -0.164263 0.13964 
5.659672022 0.566504880176 -4.574984 -0.171117 0.140451 
5.669974089 0.567550250744 -4.575667 -0.155625 0.151321 
5.679883004 0.568555727421 -4.576148 -0.162862 0.143915 
5.689739943 0.569548568784 -4.590953 -0.157114 0.155167 
5.700050116 0.570550987387 -4.606012 -0.166656 0.146909 
5.70992899 0.571540124388 -4.649243 -0.160349 0.157925 
5.719788075 0.572540522132 -4.642564 -0.164617 0.149965 
5.729685068 0.573544766387 -4.664462 -0.160551 0.163052 
5.739974976 0.574570496542 -4.70747 -0.164266 0.145073 
5.749904156 0.57551389323 -4.721649 -0.148827 0.159988 
5.759720087 0.576471205075 -4.793549 -0.152723 0.152537 
5.770041943 0.577490535 -4.793617 -0.152686 0.15932 
5.779955149 0.578469508892 -4.828998 -0.166363 0.135227 
5.789836169 0.57944530427 -4.893564 -0.159063 0.120176 
5.799714089 0.580533177124 -4.922159 -0.151974 0.145808 
5.809986115 0.581568841064 -4.957414 -0.16649 0.121596 
5.819898129 0.582545433723 -4.98611 -0.160129 0.126669 
5.829745055 0.583515613511 -5.029153 -0.170458 0.141369 
5.840049029 0.584528316179 -5.057815 -0.171878 0.126072 
5.849929095 0.585478688053 -5.101257 -0.15752 0.120611 
5.859795094 0.586465124839 -5.151459 -0.156424 0.123555 
5.869662047 0.587461732381 -5.158648 -0.161647 0.088736 
5.879995108 0.588505418971 -5.209382 -0.167227 0.093575 
5.889894009 0.589517843311 -5.252489 -0.146762 0.107329 
5.899741173 0.590615726291 -5.245202 -0.175269 0.092112 
5.909660101 0.591610161174 -5.281476 -0.164878 0.093512 
5.919917107 0.592638490502 -5.303516 -0.161822 0.096136 
5.929795027 0.593628814075 -5.353506 -0.168054 0.108452 
5.939670086 0.594591202374 -5.389612 -0.158219 0.099636 
5.950016022 0.595549628895 -5.418904 -0.159704 0.08305 
5.959887982 0.596518456181 -5.448189 -0.153127 0.076736 
5.969748974 0.597489703338 -5.477348 -0.147388 0.070303 
5.980044127 0.598503712687 -5.534812 -0.149989 0.053241 
5.9899261 0.599477026344 -5.571319 -0.156573 0.036722 
5.999803067 0.60044984694 -5.599941 -0.167456 0.031227 
6.009664059 0.60146393857 -5.622169 -0.156788 0.042962 
6.019989968 0.602544954383 -5.673072 -0.155361 0.013164 
6.0298841 0.603580767613 -5.709402 -0.15247 0.013592 
6.039728165 0.604611339346 -5.724424 -0.13049 0.024949 
6.049653054 0.605650372515 -5.739073 -0.155815 0.017749 
6.059923172 0.606661500905 -5.754208 -0.133721 0.00775 
6.069761038 0.607628334108 -5.805005 -0.14047 -0.010965 
6.079653025 0.608600486145 -5.848672 -0.150744 -0.019826 
6.090000153 0.609617367947 -5.885524 -0.140979 -0.029016 
6.099876166 0.610587950112 -5.950122 -0.140896 -0.026557 
6.109738112 0.611558717583 -5.958493 -0.146525 -0.054774 
6.119639159 0.612534135622 -6.009461 -0.128698 -0.073208 
6.130002976 0.613555144215 -6.074617 -0.136297 -0.080233 
6.139898062 0.614529974997 -6.125798 -0.126256 -0.088627 
6.149764061 0.615501940226 -6.175782 -0.126278 -0.1052 
6.160084963 0.616551884023 -6.269394 -0.120048 -0.113879 
6.169947148 0.61757025714 -6.299218 -0.113815 -0.14088 
6.179814101 0.618589122602 -6.356641 -0.125881 -0.148141 
6.189703942 0.619610351488 -6.41525 -0.113611 -0.165839 
6.19998312 0.620658913752 -6.465398 -0.129202 -0.22132 
6.209844113 0.621608833664 -6.537784 -0.117037 -0.239009 
6.219685078 0.622556824257 -6.602274 -0.110015 -0.24488 
6.230021 0.623552494583 -6.681891 -0.109446 -0.280674 
6.239879132 0.624502138892 -6.768611 -0.099698 -0.307353 
6.249783993 0.625456284655 -6.833446 -0.09257 -0.332748 
6.259633065 0.62642964348 -6.934416 -0.097098 -0.359412 
6.270005942 0.627478501115 -7.020928 -0.087625 -0.406405 
6.279862166 0.628475117174 -7.064681 -0.090688 -0.431861 
6.289694071 0.629469274207 -7.150702 -0.104329 -0.43893 
6.300039053 0.630515311227 -7.19487 -0.082703 -0.455967 
6.309896946 0.631501934658 -7.252886 -0.070532 -0.48455 
6.319780112 0.632486495832 -7.360955 -0.065762 -0.524371 
6.329648018 0.633469536805 -7.455039 -0.058589 -0.552455 
6.339967966 0.63449761021 -7.527993 -0.047893 -0.579939 
6.349835158 0.635480580053 -7.607198 -0.057738 -0.61419 
6.359688044 0.636469550071 -7.750518 -0.065514 -0.661332 
6.370041132 0.637512234922 -7.873345 -0.045931 -0.696828 
6.379899979 0.63850514355 -7.974491 -0.059934 -0.740438 
6.389780045 0.639500189197 -8.068821 -0.053897 -0.784378 
6.399686098 0.640497852057 -8.204948 -0.034521 -0.829835 
6.409991026 0.641534927116 -8.320622 -0.025401 -0.876643 
6.419854164 0.642520383592 -8.393114 -0.03105 -0.912371 
6.429728031 0.643506912035 -8.494803 -0.020249 -0.940338 
6.440051079 0.644538319535 -8.603359 0.000582 -0.990398 
6.449910164 0.645523371063 -8.690344 -0.013862 -1.017485 
6.459797144 0.646523318578 -8.813417 -0.017225 -1.057974 
6.469686985 0.647526013139 -8.89307 -0.011449 -1.105456 
6.480000973 0.648571710402 -9.009703 -0.001162 -1.155392 
6.489871025 0.649572398629 -9.132334 0.018268 -1.204894 
6.499747992 0.650573787942 -9.233471 0.028689 -1.23365 
6.51008606 0.651594002027 -9.335404 0.037751 -1.292642 
6.519994974 0.652561071344 -9.443746 0.04223 -1.320534 
6.529808998 0.653518879788 -9.559289 0.035516 -1.370321 
6.539657116 0.654480015665 -9.667905 0.048728 -1.39908 
6.549973965 0.655486897764 -9.784011 0.048606 -1.448388 
6.559837103 0.656492678704 -9.906948 0.052585 -1.500996 
6.569686175 0.657522004659 -9.987909 0.075758 -1.522007 
6.580039978 0.657522004659 -10.117342 0.059308 -1.573242 
