0.0 0.000121808423453 -0.028399 -0.026431 -0.027451 
0.009825944 0.00108123644961 0.006853 -0.013163 -0.027232 
0.020133018 0.00208764312802 0.021036 -0.019938 -0.016707 
0.030081987 0.00305908360132 -0.008435 -0.006351 -0.029078 
0.039901971 0.00401792967922 0.005605 -0.014136 -0.029015 
0.049726963 0.00499114114065 0.012202 -0.009945 -0.029576 
0.0601089 0.00607112733844 0.004814 -0.022549 -0.029564 
0.069977045 0.00709766606602 0.0045 -0.014099 -0.020335 
0.079831838 0.00812281584511 0.004256 0.001128 -0.031609 
0.09015584 0.00919677532549 0.01817 -0.005818 -0.031426 
0.100028991 0.010180447434 0.010062 -0.003093 -0.032719 
0.109890937 0.0111124038478 0.009707 -0.011891 -0.033141 
0.119765997 0.012045599538 -0.004917 0.004173 -0.034318 
0.130079031 0.013020183883 0.022997 -0.01084 -0.023976 
0.139974832 0.013955339603 0.001588 -0.008323 -0.03523 
0.14982891 0.0149007114043 0.022271 -0.003572 -0.035553 
0.160158872 0.0159329553477 0.007835 -0.004867 -0.025941 
0.170009851 0.016917335872 0.021481 0.004981 -0.016353 
0.179877042 0.0179033364157 0.013844 -0.000458 -0.037888 
0.189751863 0.0188900994037 -0.000116 -0.001855 -0.038246 
0.200079917 0.019923415063 0.006441 0.002054 -0.02871 
0.209956884 0.0209178463837 0.005695 0.001985 -0.029084 
0.219822883 0.0219111734259 0.012769 0.006074 -0.039615 
0.230167865 0.0229527253631 -0.001546 -0.00412 -0.040395 
0.24003601 0.0239462684685 0.01944 -0.006978 -0.050744 
0.249918937 0.024939559735 0.026519 0.005173 -0.051002 
0.259762048 0.0259191844986 0.00464 0.015855 -0.042014 
0.270081043 0.0269461710923 0.004305 1e-06 -0.04133 
0.279949903 0.0279283584967 -0.017144 0.002238 -0.042487 
0.289829015 0.0289115662201 -0.002576 0.010755 -0.041946 
0.300143003 0.0299440000717 -0.009325 0.006396 -0.052644 
0.310009956 0.030962937724 0.026154 0.002588 -0.051734 
0.319865942 0.0319807428394 -0.00179 0.001361 -0.03177 
0.329749822 0.0330014285043 -0.016276 0.015743 -0.03227 
0.340059995 0.0340661364716 -0.008929 0.0111 -0.041934 
0.349964857 0.03506771749 -0.00862 0.011554 -0.041687 
0.359817028 0.0360172837411 -0.0154 0.00607 -0.041493 
0.37012887 0.0370111537368 -0.021916 -0.007303 -0.041227 
0.380064964 0.037968808606 -0.021697 0.008545 -0.040995 
0.389878034 0.0389146062471 -0.028603 0.0039 -0.040681 
0.399742841 0.0398698171656 -0.028208 0.003234 -0.030457 
0.410063028 0.0409160571827 -0.020379 0.006549 -0.039818 
0.419946909 0.041918065366 0.001592 0.002809 -0.028556 
0.429847955 0.0429218137028 -0.019233 -0.002952 -0.038697 
0.44016385 0.0440059431418 -0.018482 0.00518 -0.02805 
0.450057029 0.0450417724193 -0.00431 0.014363 -0.037733 
0.459902048 0.0459343528953 -0.032254 -0.00383 -0.037518 
0.46985197 0.0469190188035 -0.009933 -0.006834 -0.036107 
0.480113029 0.0479411589072 -0.009284 0.000568 -0.046021 
0.489962816 0.0489223307634 -0.00826 -3.3e-05 -0.034507 
0.499809026 0.0499131634408 -0.01508 0.003947 -0.044114 
0.510155916 0.0510453182952 -0.02155 -0.001083 -0.043673 
0.520040989 0.0520218808725 -0.020323 0.006946 -0.042996 
0.529909849 0.052996841741 -0.034398 0.005544 -0.042439 
0.539772987 0.0539712373237 -0.004902 0.007357 -0.030998 
0.55012393 0.0550224887477 -0.054027 0.001318 -0.041495 
0.560015916 0.0561168260732 -0.039581 0.001769 -0.050311 
0.569797992 0.0570653355344 -0.024293 -0.005043 -0.048466 
0.580127954 0.0580669702274 -0.030555 0.006619 -0.048589 
0.590046882 0.0590287494093 -0.022939 0.002148 -0.047909 
0.599923849 0.0599861748621 -0.036878 -0.006305 -0.047161 
0.609779834 0.0609403072093 -0.021879 -0.006233 -0.056765 
0.620098829 0.0619597132967 -0.063651 -0.008855 -0.066654 
0.630009889 0.0629398480397 -0.04921 0.000501 -0.065993 
0.639865875 0.063914536348 -0.026666 -0.010675 -0.054414 
0.650141954 0.0649961704512 -0.075785 -0.008652 -0.054639 
0.660020828 0.0661268441316 -0.039773 -0.010433 -0.063213 
0.669894933 0.0670661920224 -0.06755 -0.012216 -0.053465 
0.679775953 0.0680061977541 -0.08151 -0.013613 -0.053823 
0.690066814 0.068985192668 -0.059934 -0.016687 -0.052786 
0.699950933 0.0699521462632 -0.088163 -0.010189 -0.073647 
0.709790945 0.0710437093323 -0.045412 -0.016513 -0.05242 
0.720088005 0.0720420622692 -0.087458 -0.010402 -0.063176 
0.729981899 0.072998699903 -0.073098 -0.018575 -0.062071 
0.739845991 0.0739524559904 -0.06575 -0.006253 -0.051985 
0.749725818 0.0749128876494 -0.094131 -0.024061 -0.051898 
0.760082006 0.0759806184973 -0.065476 -0.014985 -0.051118 
0.769968032 0.0769764723685 -0.093213 -0.016487 -0.051468 
0.779827833 0.0779671628063 -0.086175 -0.021584 -0.061378 
0.790114879 0.0790007818525 -0.072083 -0.012964 -0.050868 
0.800034999 0.0799933746055 -0.122263 -0.019527 -0.061985 
0.809938907 0.0809622285593 -0.071952 -0.022707 -0.060464 
0.819835901 0.0819320312911 -0.093071 -0.027072 -0.060268 
0.82999897 0.0829335684616 -0.100074 -0.024385 -0.070241 
0.839879036 0.0839072166131 -0.078934 -0.027075 -0.069331 
0.849764823 0.0848817785762 -0.121066 -0.029589 -0.070165 
0.860112905 0.0859043714708 -0.078787 -0.034969 -0.068344 
0.870023012 0.0868930093617 -0.121471 -0.037103 -0.06839 
0.879878044 0.0878807725584 -0.092816 -0.028027 -0.067611 
0.88973999 0.0888692287407 -0.085925 -0.039624 -0.066199 
0.900094032 0.0899068510377 -0.128401 -0.025066 -0.066809 
0.909878015 0.0908857310249 -0.077954 -0.035298 -0.065097 
0.919811964 0.0918813052423 -0.09886 -0.031876 -0.074942 
0.930130004 0.0929157723976 -0.127595 -0.026401 -0.07494 
0.940027952 0.0939081219244 -0.070844 -0.031046 -0.063453 
0.949896812 0.09490135248 -0.120064 -0.012786 -0.064489 
0.959758997 0.0959501382356 -0.098651 -0.024208 -0.062711 
0.970105886 0.0969814074688 -0.097992 -0.023019 -0.072315 
0.979972839 0.097961052654 -0.119172 -0.02061 -0.063128 
0.989847898 0.0989415026473 -0.090502 -0.026652 -0.071515 
1.000154018 0.099995049968 -0.119105 -0.019323 -0.061846 
1.010031938 0.101104553627 -0.097656 -0.021559 -0.060689 
1.019935846 0.102070862771 -0.083134 -0.021385 -0.060324 
1.029762983 0.103029681486 -0.126133 -0.015068 -0.05114 
1.040083885 0.104036676096 -0.062035 -0.024356 -0.049317 
1.049986839 0.105000985542 -0.126152 -0.022406 -0.039937 
1.059828043 0.105954817713 -0.112329 -0.013958 -0.03977 
1.070183038 0.106997023449 -0.090932 -0.032599 -0.049061 
1.080045938 0.10799542032 -0.119443 -0.018329 -0.019142 
1.089960813 0.108999078492 -0.091352 -0.024996 -0.038119 
1.09976983 0.109980795927 -0.126557 -0.02992 -0.038162 
1.110121011 0.110980021904 -0.120077 -0.025733 -0.037807 
1.119946003 0.111970719139 -0.098156 -0.028913 -0.017245 
1.12984991 0.112975543867 -0.141202 -0.047906 -0.027986 
1.139747858 0.113979764011 -0.105898 -0.018233 -0.017319 
1.150068998 0.115010867743 -0.127226 -0.03929 -0.016559 
1.159953832 0.115974675134 -0.148315 -0.037162 -0.026771 
1.169770956 0.116937658049 -0.126597 -0.039225 -0.01527 
1.180135965 0.117955261223 -0.162659 -0.038735 -0.036557 
1.189998865 0.118923568955 -0.098749 -0.040411 -0.025623 
1.199877977 0.119895695974 -0.148006 -0.046453 -0.006625 
1.209725856 0.120979148215 -0.141378 -0.035767 -0.017594 
1.220050811 0.122013169289 -0.119929 -0.038003 -0.016436 
1.229961872 0.122990758124 -0.162518 -0.033077 -0.018504 
1.239796876 0.123960844991 -0.133372 -0.048966 -0.016962 
1.250149011 0.124975657481 -0.147413 -0.041181 -0.017025 
1.259980917 0.125920257519 -0.183191 -0.03867 -0.017385 
1.269865036 0.126914333587 -0.139878 -0.053437 -0.035799 
1.279736995 0.127910980305 -0.176011 -0.042757 -0.016833 
1.290071964 0.12895437128 -0.140343 -0.037211 -0.005284 
1.299954891 0.129967632706 -0.169114 -0.046292 -0.005148 
1.309828043 0.131044799393 -0.197975 -0.039978 -0.005027 
1.320106029 0.132086696831 -0.176303 -0.050385 0.006298 
1.330024004 0.133092099324 -0.211681 -0.057445 0.006686 
1.339887857 0.134092015375 -0.148236 -0.050116 0.008486 
1.349753856 0.135039758187 -0.169183 -0.046976 0.008738 
1.360050916 0.135962471521 -0.19809 -0.049006 0.008684 
1.36994481 0.136940809569 -0.16968 -0.071177 0.010162 
1.379776001 0.137912947354 -0.20521 -0.061438 0.019039 
1.390100956 0.138933910012 -0.184019 -0.064689 0.010648 
1.399979829 0.139910762738 -0.24115 -0.067275 0.019419 
1.409848928 0.140886648981 -0.213276 -0.067455 0.020444 
1.419715881 0.141909676318 -0.205959 -0.078593 0.021188 
1.430016994 0.142988399723 -0.234167 -0.07193 0.041081 
1.439895868 0.144022906635 -0.191128 -0.077965 0.0218 
1.44976592 0.145056489715 -0.240992 -0.076012 0.021201 
1.460063934 0.146125071978 -0.227655 -0.051503 0.011129 
1.469969987 0.147098735087 -0.212982 -0.083243 0.022418 
1.479869842 0.148071788996 -0.262852 -0.089352 0.011546 
1.489730835 0.149041023171 -0.20571 -0.070643 0.023321 
1.500053882 0.150055672501 -0.234607 -0.078886 0.023577 
1.509964943 0.151029827844 -0.234374 -0.0879 0.034541 
1.519788026 0.151996306598 -0.241929 -0.090203 0.024871 
1.530148029 0.153015737279 -0.306279 -0.073868 0.023772 
1.539993047 0.153984493119 -0.242202 -0.090494 0.036799 
1.549846887 0.154954117048 -0.249067 -0.094857 0.027016 
1.559761047 0.155929676503 -0.284892 -0.10069 0.02648 
1.570039033 0.156980193489 -0.235077 -0.101359 0.029276 
1.579968929 0.158002793382 -0.285129 -0.091794 0.037788 
1.589754819 0.159010563259 -0.235071 -0.093298 0.039549 
1.60008192 0.160074068091 -0.299357 -0.107757 0.039396 
1.609956979 0.161083554149 -0.257006 -0.089394 0.040462 
1.619851827 0.162039676097 -0.236033 -0.091528 0.051589 
1.629706859 0.162991950694 -0.30691 -0.087723 0.04996 
1.640066862 0.163993019759 -0.264099 -0.100821 0.062196 
1.64994502 0.164947528981 -0.307199 -0.095233 0.050819 
1.659750938 0.165895057777 -0.293756 -0.094015 0.071244 
1.670106887 0.166923843737 -0.279386 -0.108402 0.072659 
1.679977893 0.167920853431 -0.32275 -0.094925 0.061212 
1.689815998 0.168914539997 -0.280739 -0.083511 0.072439 
1.699728965 0.169915787914 -0.302026 -0.104286 0.063102 
1.71002388 0.170955614052 -0.302492 -0.105027 0.073868 
1.71991086 0.171942022369 -0.281357 -0.098812 0.084255 
1.729755878 0.172921017347 -0.331495 -0.088127 0.082789 
1.740069866 0.173946647006 -0.288516 -0.101781 0.084808 
1.749915838 0.17492573685 -0.331951 -0.09508 0.093865 
1.759838819 0.17591248452 -0.311556 -0.09784 0.094402 
1.769706964 0.176903247921 -0.297723 -0.095605 0.094879 
1.779999017 0.177939060398 -0.319233 -0.117955 0.095273 
1.789896965 0.178935209372 -0.284281 -0.111354 0.095554 
1.799736023 0.179925431541 -0.334714 -0.11624 0.084676 
1.810071945 0.180965659081 -0.314461 -0.103044 0.094498 
1.819967031 0.18195940788 -0.293372 -0.105173 0.10471 
1.829881906 0.182950270499 -0.301024 -0.109888 0.10465 
1.840135812 0.18397501485 -0.29429 -0.112748 0.10428 
1.850052833 0.184966091933 -0.323771 -0.112712 0.103422 
1.859902858 0.185950473638 -0.309988 -0.104545 0.113686 
1.869838953 0.186958121152 -0.331929 -0.123819 0.12374 
1.880100011 0.188001097231 -0.325428 -0.112294 0.112891 
1.890022039 0.189009612907 -0.290106 -0.121759 0.124327 
1.899878025 0.190011415804 -0.33307 -0.123222 0.113142 
1.909781932 0.191018089588 -0.305333 -0.121721 0.113491 
1.920044899 0.192022064843 -0.298325 -0.116347 0.133737 
1.929952859 0.192988087195 -0.284776 -0.116132 0.113288 
1.939806938 0.193948856169 -0.285258 -0.124092 0.112985 
1.950165987 0.194958859528 -0.306995 -0.112399 0.132437 
1.96001482 0.19591911702 -0.286171 -0.123605 0.122828 
1.969902038 0.196938490901 -0.329032 -0.12434 0.132202 
1.979768037 0.197971621958 -0.29409 -0.111526 0.132174 
1.990031004 0.199046322041 -0.301443 -0.114944 0.131565 
1.999934911 0.200083422684 -0.309014 -0.119095 0.111312 
2.009793996 0.201115829732 -0.28866 -0.122137 0.121946 
2.020128965 0.202126150106 -0.2818 -0.125835 0.121456 
2.029978036 0.203085006347 -0.282378 -0.126461 0.110865 
2.039858818 0.204046949812 -0.27535 -0.113749 0.119908 
2.049751997 0.205010100187 -0.283012 -0.117621 0.119053 
2.060039043 0.206011595481 -0.261772 -0.122156 0.108465 
2.06993699 0.207033251193 -0.283514 -0.118525 0.117644 
2.079782962 0.208058418442 -0.269615 -0.110354 0.126992 
2.090118885 0.209134599621 -0.269615 -0.110354 0.126992 
2.099969863 0.210160288097 -0.298377 -0.111254 0.115129 
2.109835863 0.211179984841 -0.291384 -0.107729 0.124792 
2.119760036 0.212118704543 -0.256062 -0.117193 0.136229 
2.130043983 0.213091454983 -0.263425 -0.114399 0.13531 
2.139935016 0.214027039999 -0.256569 -0.109192 0.144296 
2.149770975 0.214957415608 -0.271355 -0.101477 0.14386 
2.160116911 0.215936029539 -0.285756 -0.110551 0.133102 
2.169975996 0.216916638266 -0.257441 -0.108423 0.144042 
2.179846048 0.217904701842 -0.250357 -0.105177 0.134307 
2.189764022 0.218897562756 -0.257091 -0.102318 0.134678 
2.20005393 0.219927656954 -0.285957 -0.087099 0.144276 
2.209930896 0.220916412671 -0.278747 -0.084691 0.134421 
2.219779968 0.221902036194 -0.300083 -0.08257 0.15462 
2.230089902 0.222933708679 -0.27833 -0.087043 0.146237 
2.240008831 0.223926254909 -0.313242 -0.093363 0.135858 
2.249853849 0.224911405171 -0.278228 -0.071199 0.147384 
2.259753942 0.22590206656 -0.306842 -0.074624 0.136994 
2.270057916 0.226929465417 -0.28522 -0.069355 0.138207 
2.279925823 0.227912699307 -0.299914 -0.071664 0.138271 
2.289741993 0.228890778144 -0.292688 -0.067408 0.139 
2.300092935 0.229922141428 -0.299675 -0.062871 0.139609 
2.309979915 0.230907275742 -0.306328 -0.069194 0.139685 
2.319839 0.23191583798 -0.312919 -0.065323 0.150518 
2.329744815 0.232942063319 -0.327264 -0.066897 0.140732 
2.340062856 0.23401099456 -0.305556 -0.062748 0.151923 
2.349956035 0.235035910831 -0.334038 -0.064319 0.1512 
2.359782934 0.236053960609 -0.312558 -0.043094 0.161699 
2.37014985 0.237062661093 -0.319413 -0.048301 0.152712 
2.380009889 0.238014519946 -0.3335 -0.04886 0.152474 
2.389860868 0.238965504174 -0.304571 -0.048516 0.15412 
2.399745941 0.239919779735 -0.353599 -0.039552 0.174145 
2.410058975 0.240915369379 -0.325415 -0.039278 0.175418 
2.419891834 0.241893757363 -0.353228 -0.040502 0.165887 
2.429780006 0.242890844372 -0.324173 -0.040996 0.167414 
2.440115928 0.243933080849 -0.330759 -0.046031 0.168771 
2.449991941 0.24492894179 -0.345088 -0.045756 0.169568 
2.459844827 0.246028867734 -0.372986 -0.033269 0.190193 
2.470218896 0.246988786754 -0.372626 -0.033376 0.181139 
2.480058908 0.247926427237 -0.386535 -0.035334 0.17148 
2.48992896 0.248911342968 -0.378593 -0.032133 0.183475 
2.499796867 0.249896044653 -0.428118 -0.023232 0.172716 
2.51010704 0.250924879312 -0.406572 -0.027431 0.184646 
2.519982814 0.251974715448 -0.39855 -0.023666 0.176447 
2.529821872 0.252987559274 -0.42658 -0.018402 0.18692 
2.54015994 0.254017974646 -0.404558 -0.022704 0.188881 
2.550026893 0.255001433069 -0.418724 -0.008711 0.189423 
2.559919834 0.255987481766 -0.425138 -0.00624 0.190836 
2.569780826 0.257051987648 -0.417598 -0.010434 0.182335 
2.580112934 0.258089123823 -0.445495 0.002052 0.20296 
2.589988946 0.259049047592 -0.445125 0.001102 0.194702 
2.599820852 0.260004684367 -0.451848 0.003119 0.195868 
2.610144853 0.26100815155 -0.472657 0.004577 0.196796 
2.620041847 0.261960083805 -0.464569 -0.000115 0.209778 
2.629884958 0.262923281252 -0.485875 0.018246 0.199671 
2.639760971 0.263907598054 -0.493064 0.019523 0.211603 
2.650089979 0.264937063702 -0.493169 0.018675 0.213315 
2.659991026 0.265929725942 -0.500019 0.02153 0.214601 
2.669821977 0.267057004903 -0.492037 0.025014 0.216499 
2.680167913 0.268106228712 -0.534336 0.038171 0.206468 
2.690014839 0.26903896551 -0.505443 0.029329 0.208735 
2.699914932 0.269976738482 -0.519513 0.035989 0.219565 
2.709777832 0.270910988396 -0.540282 0.037729 0.210396 
2.720110893 0.2720077359 -0.52582 0.045399 0.212649 
2.729979038 0.273025155853 -0.546543 0.055483 0.203655 
2.73983097 0.273979459048 -0.552647 0.058407 0.205315 
2.750166893 0.274980643826 -0.567189 0.056265 0.216639 
2.760025978 0.275935639893 -0.574475 0.059505 0.217798 
2.769940853 0.276946127589 -0.566189 0.05538 0.20967 
2.779810905 0.277956955222 -0.608213 0.076772 0.220255 
2.790128946 0.278992329937 -0.57242 0.064513 0.211935 
2.79994893 0.279977726597 -0.593579 0.074981 0.202815 
2.809800863 0.280966329213 -0.607912 0.089531 0.213574 
2.819723844 0.281940803131 -0.59271 0.089209 0.205927 
2.829974889 0.282939170692 -0.613311 0.107358 0.206291 
2.839859008 0.283913029485 -0.620323 0.101865 0.208317 
2.849766969 0.284890929613 -0.619638 0.109431 0.210578 
2.860118866 0.285912645524 -0.654964 0.10181 0.201664 
2.869976043 0.286887569877 -0.63285 0.114196 0.203976 
2.87983489 0.287866779666 -0.660434 0.127977 0.195473 
2.890159845 0.28890322396 -0.652563 0.122551 0.18881 
2.900020837 0.28989309451 -0.708319 0.135215 0.179831 
2.909948825 0.290889690283 -0.714717 0.137684 0.152664 
2.919806957 0.291888828676 -0.706538 0.132712 0.146248 
2.930043935 0.292921826323 -0.748364 0.145648 0.148519 
2.940016031 0.293915404983 -0.725616 0.149194 0.142644 
2.949870824 0.294897296054 -0.781432 0.137272 0.135215 
2.960140943 0.2959205685 -0.766634 0.161518 0.12968 
2.970012903 0.296942910269 -0.808111 0.158224 0.102352 
2.979916811 0.29795458005 -0.82176 0.163373 0.095623 
2.989778995 0.298939392782 -0.841747 0.165345 0.099002 
3.000121831 0.299972202207 -0.848611 0.167073 0.082602 
3.010004043 0.300959014885 -0.883739 0.167964 0.085123 
3.019889831 0.302059065263 -0.90403 0.177544 0.098528 
3.029789924 0.303069613735 -0.91851 0.183743 0.081448 
3.040047884 0.304071740636 -0.910903 0.186207 0.074714 
3.049911022 0.305035296345 -0.932223 0.179303 0.079129 
3.059777975 0.305999224751 -0.99559 0.187534 0.059993 
3.070143938 0.306991371453 -0.995542 0.201969 0.053551 
3.080020904 0.307964577853 -1.002568 0.212316 0.057639 
3.08988285 0.308967613502 -1.015477 0.209473 0.041012 
3.099792003 0.309975450466 -1.071678 0.214341 0.043904 
3.110064029 0.311020194401 -1.092593 0.224697 0.026645 
3.119922876 0.311975291469 -1.063876 0.233091 0.011815 
3.129827976 0.312951867579 -1.112872 0.232305 -0.005419 
3.140142917 0.314001848806 -1.126667 0.230955 -0.000826 
3.149981975 0.315003388823 -1.189825 0.246854 -0.007731 
3.159860849 0.316008981801 -1.224689 0.25497 -0.024552 
3.169692039 0.316946798598 -1.181561 0.266225 -0.028313 
3.180030822 0.31794745833 -1.216805 0.267111 -0.024877 
3.189910888 0.318923445543 -1.23053 0.272537 -0.040787 
3.19974184 0.319894581106 -1.287 0.277233 -0.048239 
3.210110902 0.320918873041 -1.293884 0.271624 -0.053436 
3.219950914 0.321970313211 -1.357208 0.288079 -0.050125 
3.229842901 0.322994585034 -1.335231 0.291271 -0.074856 
3.239719867 0.323961035313 -1.362682 0.280916 -0.080646 
3.250021934 0.324969081258 -1.376526 0.312209 -0.066415 
3.259937048 0.325939264278 -1.433174 0.306708 -0.08371 
3.269748926 0.326896288643 -1.425364 0.303408 -0.088971 
3.280086994 0.327919841785 -1.483081 0.322246 -0.117618 
3.289959907 0.32891357408 -1.482983 0.321005 -0.113948 
3.299818039 0.329905818632 -1.490525 0.340917 -0.109692 
3.30973196 0.330903678481 -1.533574 0.33692 -0.117574 
3.319993019 0.332041491479 -1.547187 0.310151 -0.112464 
3.329900026 0.3330621893 -1.576148 0.348539 -0.139671 
3.339740038 0.334055960764 -1.575857 0.347748 -0.134839 
3.35008192 0.335100417542 -1.62504 0.340181 -0.130654 
3.359961986 0.336086362969 -1.632198 0.358419 -0.156131 
3.369830846 0.336987036738 -1.66769 0.352077 -0.161932 
3.379724979 0.33793124597 -1.695405 0.349611 -0.167793 
3.390002966 0.338940873284 -1.708895 0.372735 -0.172889 
3.399895906 0.339912676658 -1.772823 0.373165 -0.179238 
3.409723043 0.340878016071 -1.779997 0.374439 -0.195885 
3.420070886 0.341894505481 -1.800617 0.385973 -0.191421 
3.429951906 0.342895626104 -1.836641 0.387348 -0.207637 
3.439810991 0.343932749532 -1.836346 0.377652 -0.212282 
3.450122833 0.345017500593 -1.914887 0.393303 -0.219011 
3.459993839 0.346055878046 -1.914854 0.401241 -0.243625 
3.469884872 0.347096362234 -1.956984 0.390426 -0.238768 
3.479725837 0.348080520163 -1.970926 0.412085 -0.254574 
3.490069866 0.349097570838 -1.99903 0.418347 -0.260386 
3.499943018 0.350068323715 -2.084707 0.414346 -0.267828 
3.509805917 0.35103806849 -2.034981 0.435163 -0.271666 
3.520117998 0.352051977959 -2.07777 0.432903 -0.277104 
3.529996872 0.353023529808 -2.106818 0.430585 -0.294725 
3.539909839 0.353998723034 -2.106952 0.446301 -0.269475 
3.549769878 0.35496870944 -2.177746 0.442368 -0.285606 
3.560122013 0.355987106043 -2.16451 0.442731 -0.291134 
3.56999588 0.356958452785 -2.221304 0.447697 -0.277356 
3.579856872 0.357945513596 -2.22876 0.459268 -0.30277 
3.590178966 0.3590065067 -2.235994 0.452923 -0.298117 
3.600046873 0.360020814579 -2.300337 0.463648 -0.283737 
3.609922885 0.36103595556 -2.358175 0.476993 -0.289683 
3.619765997 0.362047714797 -2.358532 0.452554 -0.30179 
3.630085945 0.363053885519 -2.4309 0.489626 -0.295765 
3.639950037 0.364007196563 -2.460342 0.464557 -0.298507 
3.649821996 0.364961267911 -2.503506 0.446162 -0.293164 
3.660078048 0.365952459765 -2.539743 0.488076 -0.27215 
3.670044899 0.36691570191 -2.539342 0.464112 -0.259093 
3.679898977 0.36787764408 -2.553793 0.477935 -0.240315 
3.690281868 0.368925268763 -2.496302 0.470668 -0.23824 
3.700115919 0.369917515966 -2.532754 0.496853 -0.239729 
3.709970951 0.370911880134 -2.540309 0.490175 -0.229015 
3.719854831 0.371909155041 -2.547832 0.502309 -0.216549 
3.730149984 0.372944437092 -2.576946 0.51567 -0.215703 
3.740034818 0.373932718355 -2.555927 0.49589 -0.211354 
3.749895811 0.374918616005 -2.620281 0.521851 -0.21008 
3.759765863 0.375905419369 -2.592269 0.520712 -0.215481 
3.770129919 0.376941613032 -2.621585 0.520794 -0.211388 
3.779980897 0.377930423953 -2.678841 0.525139 -0.209116 
3.789858818 0.378927185826 -2.649901 0.525362 -0.213777 
3.800143957 0.379965039279 -2.72863 0.533509 -0.191983 
3.810017824 0.38096139207 -2.707306 0.538203 -0.197324 
3.819902896 0.381958875537 -2.764379 0.54384 -0.194686 
3.82979393 0.382956960617 -2.786065 0.544097 -0.210903 
3.840050935 0.383976744607 -2.771673 0.528747 -0.214999 
3.849907875 0.384954115233 -2.850888 0.552955 -0.203444 
3.859818935 0.385936852159 -2.836643 0.545498 -0.208526 
3.870133876 0.38695963614 -2.865128 0.54453 -0.194082 
3.880028963 0.387955696025 -2.886513 0.563051 -0.191098 
3.889885902 0.388961871905 -2.879884 0.55032 -0.176962 
3.899757862 0.389969581097 -2.958304 0.558921 -0.154921 
3.910089016 0.391024163861 -2.944334 0.543231 -0.18062 
3.919989824 0.392034817797 -2.973578 0.557311 -0.157383 
3.929828882 0.393014900524 -3.037968 0.574086 -0.155488 
3.940124034 0.394014199714 -3.023851 0.550501 -0.180201 
3.9499619 0.394969112427 -3.088179 0.567723 -0.147649 
3.959913969 0.395935110257 -3.074222 0.584116 -0.144432 
3.969730854 0.396887986448 -3.088667 0.558397 -0.149674 
3.980093002 0.397924754998 -3.153218 0.58379 -0.12729 
3.989951849 0.398958916696 -3.10389 0.573192 -0.141688 
3.999806881 0.399992678213 -3.203399 0.568807 -0.110445 
4.010087967 0.40107113144 -3.182145 0.58184 -0.114695 
4.020015001 0.402112445737 -3.253629 0.570222 -0.110816 
4.029848814 0.403099067399 -3.290059 0.595442 -0.117816 
4.039783954 0.404065611255 -3.275971 0.570733 -0.131636 
4.050092935 0.405068524374 -3.340517 0.587222 -0.118729 
4.059964895 0.406028921739 -3.341159 0.603718 -0.125059 
4.069844007 0.40699001489 -3.384253 0.576984 -0.120807 
4.080121994 0.408020522882 -3.39857 0.608498 -0.118878 
4.089995861 0.409049500052 -3.363242 0.581105 -0.104124 
4.099886894 0.410080266128 -3.442052 0.598435 -0.082034 
4.109761953 0.411109367519 -3.442684 0.597122 -0.107317 
4.120091915 0.412185875341 -3.485148 0.587419 -0.082027 
4.129968881 0.413149194726 -3.514022 0.610294 -0.086947 
4.139829874 0.414078588363 -3.521473 0.588822 -0.08963 
4.150171041 0.415053238159 -3.606758 0.608176 -0.096784 
4.160009861 0.415980542003 -3.600794 0.595939 -0.103216 
4.169867038 0.416909575985 -3.623143 0.615507 -0.081089 
4.179702997 0.41786240135 -3.652334 0.597063 -0.08976 
4.190058946 0.418901915455 -3.617701 0.59503 -0.077726 
4.19993782 0.419893541512 -3.660967 0.59215 -0.066091 
4.209795951 0.420883085418 -3.697728 0.601636 -0.094679 
4.220098018 0.421917190932 -3.705357 0.597808 -0.061088 
4.229990959 0.422910990272 -3.741685 0.606791 -0.067278 
4.23989892 0.423907275597 -3.73566 0.61914 -0.07526 
4.249728918 0.424895721429 -3.822802 0.615284 -0.064968 
4.26010704 0.425939283333 -3.800551 0.610873 -0.042567 
4.269959926 0.426930030645 -3.786916 0.595574 -0.040729 
4.279804945 0.42791651044 -3.866823 0.609525 -0.041221 
4.290154934 0.428943054236 -3.797403 0.629764 -0.038102 
4.299983024 0.429917834482 -3.867894 0.610328 -0.005198 
4.309887886 0.430900229211 -3.875782 0.61338 -0.040216 
4.319713831 0.431874796709 -3.897664 0.624665 -0.01606 
4.330067873 0.432901742494 -3.95548 0.636324 -0.020413 
4.339953899 0.433892821716 -3.976024 0.631336 -0.033621 
4.349797964 0.434928995716 -4.026018 0.624985 0.000966 
4.360108852 0.436014306922 -4.041069 0.639342 -0.023535 
4.370002031 0.437055650599 -4.062263 0.62623 -0.019726 
4.37986803 0.438044480674 -4.105766 0.647361 -0.016196 
4.389760017 0.438999408802 -4.084553 0.644997 0.009064 
4.400076866 0.439995351205 -4.191064 0.659137 0.003817 
4.409972906 0.440950670592 -4.177015 0.634868 -0.00701 
4.419831037 0.441902330414 -4.241089 0.66088 -0.001699 
4.429739952 0.442874936936 -4.312156 0.656656 -0.005902 
4.440011024 0.443909007836 -4.292463 0.660922 -0.029558 
4.449934959 0.44490812968 -4.362963 0.648421 -0.004068 
4.459812879 0.445902618827 -4.385291 0.659082 -0.019997 
4.470105886 0.446986634586 -4.392676 0.655143 0.005455 
4.479996919 0.447996379778 -4.449968 0.660046 -0.011551 
4.489826917 0.448884570276 -4.478767 0.650562 -0.007626 
4.500118017 0.449917392476 -4.493326 0.673886 0.008133 
4.510025024 0.450911666825 -4.500975 0.66087 0.013765 
4.519888877 0.451901610208 -4.572159 0.665664 -0.002317 
4.529718875 0.452930556838 -4.593504 0.675443 0.003364 
4.540078878 0.454024613015 -4.615086 0.67178 0.000118 
4.54995203 0.454999973087 -4.686148 0.660502 0.025601 
4.55981493 0.455974320373 -4.700702 0.674921 0.031883 
4.570106029 0.456990969065 -4.693323 0.663101 0.017018 
4.579983949 0.458047678502 -4.76473 0.683288 0.030415 
4.589898824 0.459086352683 -4.750504 0.668493 0.036535 
4.599720001 0.460035443821 -4.828984 0.684591 0.060463 
4.610054016 0.461034094193 -4.821995 0.655509 0.038692 
4.619931936 0.461988668817 -4.878823 0.678 0.052941 
4.629809856 0.462941220015 -4.929573 0.670571 0.047197 
4.640108823 0.463941908167 -4.936776 0.682317 0.060706 
4.649983882 0.464930758789 -4.979368 0.655764 0.07347 
4.659904003 0.465924121748 -4.952293 0.697784 0.086132 
4.669720888 0.466907147049 -4.973275 0.660378 0.079564 
4.680066824 0.468048923596 -5.031372 0.688952 0.090924 
4.689944982 0.469093245366 -5.024946 0.66037 0.076249 
4.699808836 0.4700239039 -5.0824 0.67317 0.086835 
4.710141897 0.4709988323 -5.076806 0.661883 0.088662 
4.720000028 0.471928950866 -5.091703 0.676934 0.106517 
4.729888916 0.472956450609 -5.092785 0.660289 0.113931 
4.739783048 0.474008657909 -5.036639 0.670257 0.130302 
4.750072956 0.475009446377 -5.044227 0.65027 0.165144 
4.759950876 0.475970165211 -5.038325 0.670075 0.181761 
4.769827842 0.47693079126 -5.032818 0.659187 0.180714 
4.780133009 0.477968693817 -4.997399 0.647759 0.202924 
4.789993047 0.478986599602 -5.019759 0.651204 0.204506 
4.799870967 0.479968896877 -5.06298 0.656669 0.216317 
4.809736013 0.480949913913 -5.056128 0.659905 0.208413 
4.820078849 0.481978444172 -5.071593 0.659093 0.228783 
4.829972028 0.482955948928 -5.079761 0.654199 0.24879 
4.839836835 0.483922107283 -5.023097 0.665068 0.237991 
4.850145816 0.484938169231 -5.067024 0.654907 0.265848 
4.860065937 0.48592071827 -5.060533 0.658251 0.266998 
4.869863033 0.486891082166 -5.075323 0.648881 0.269084 
4.879706859 0.487869973086 -5.076128 0.656307 0.270597 
4.890069007 0.488904288507 -5.084153 0.667539 0.281655 
4.900015831 0.489898930765 -5.12021 0.661697 0.28295 
4.909837007 0.490881113393 -5.121228 0.661337 0.294504 
4.92017889 0.491915370169 -5.13589 0.668095 0.31622 
4.930058002 0.492899715489 -5.143728 0.671714 0.318167 
4.939903974 0.493877948257 -5.165161 0.664924 0.301226 
4.949787855 0.494871621709 -5.187793 0.668078 0.314736 
4.960114002 0.49590975826 -5.187969 0.67557 0.317538 
4.969974041 0.496901034762 -5.245454 0.664908 0.318782 
4.979842901 0.497903707975 -5.260603 0.687727 0.330259 
4.990126848 0.498955133538 -5.239139 0.675744 0.322736 
5.000007867 0.499940957751 -5.268867 0.673922 0.313126 
5.009863853 0.500924284434 -5.290877 0.685323 0.344505 
5.019721031 0.501907730043 -5.284237 0.681495 0.339539 
5.030057907 0.503018719632 -5.349079 0.665446 0.323284 
5.039964914 0.504084801993 -5.356656 0.693138 0.34791 
5.049804926 0.505041460084 -5.427617 0.689761 0.341995 
5.060149908 0.50604721198 -5.449642 0.683069 0.335939 
5.070008039 0.507005631623 -5.471427 0.702137 0.35097 
5.079915046 0.507968884653 -5.507315 0.696461 0.334945 
5.089767932 0.508933785123 -5.494114 0.704604 0.349787 
5.100105047 0.509982712079 -5.551389 0.701611 0.363262 
5.109983921 0.510985140438 -5.573769 0.712834 0.356634 
5.119827032 0.511983939857 -5.595393 0.722561 0.35828 
5.13014698 0.513003880675 -5.603322 0.710215 0.352772 
5.139992952 0.513965800477 -5.610764 0.713168 0.364943 
5.149916887 0.514972778527 -5.66866 0.703175 0.384543 
5.159749031 0.515970442577 -5.648168 0.725164 0.395703 
5.170084953 0.517019224797 -5.655778 0.711707 0.398342 
5.179972887 0.51797656991 -5.678012 0.714314 0.399804 
5.189808845 0.518914697585 -5.67161 0.718659 0.413249 
5.200155973 0.519936523235 -5.707621 0.721161 0.414719 
5.210027933 0.520911423897 -5.686961 0.73357 0.428458 
5.219933033 0.521889597284 -5.722849 0.727894 0.412433 
5.229751825 0.522898739945 -5.780627 0.723998 0.424499 
5.240058899 0.524012046591 -5.767664 0.733093 0.418105 
5.249928951 0.524984504895 -5.816929 0.733986 0.429688 
5.25977087 0.525954191363 -5.789745 0.735868 0.430826 
5.270112037 0.526973066818 -5.804586 0.727059 0.442213 
5.279968023 0.527931834359 -5.82651 0.730119 0.443922 
5.289839029 0.528891410283 -5.848277 0.724443 0.447414 
5.299769878 0.529894471615 -5.884489 0.73343 0.440308 
5.310096025 0.530937459859 -5.920742 0.736766 0.442814 
5.319980859 0.531935873465 -5.928736 0.740099 0.455774 
5.329834938 0.532990297468 -5.957689 0.730448 0.44844 
5.340137958 0.534084200455 -5.958417 0.738319 0.452031 
5.350034952 0.535076436317 -5.980137 0.740986 0.455699 
5.359913826 0.536066855535 -5.994865 0.747178 0.469029 
5.369776964 0.53705569712 -6.052765 0.744961 0.451839 
5.380093813 0.538026573788 -6.103473 0.75478 0.455747 
5.389976024 0.538963347056 -6.117963 0.752799 0.450666 
5.399819851 0.539932903566 -6.175511 0.75926 0.45617 
5.410090923 0.540944541085 -6.183641 0.770366 0.461836 
5.419992923 0.541919827278 -6.248507 0.770999 0.446847 
5.429848909 0.542890581375 -6.263275 0.760665 0.443422 
5.439741849 0.543872836825 -6.292261 0.783654 0.417146 
5.450058937 0.544952929171 -6.343056 0.784848 0.430975 
5.459933996 0.545986745654 -6.357601 0.792333 0.444672 
5.469769001 0.547016368899 -6.358066 0.792314 0.448334 
5.480212926 0.548109739766 -6.423074 0.791937 0.422883 
5.490068912 0.549113285941 -6.452785 0.798055 0.417238 
5.499851942 0.550074730042 -6.531392 0.798025 0.421537 
5.509732008 0.551045710522 -6.567538 0.8083 0.415713 
5.52009201 0.552063857539 -6.610969 0.821814 0.411048 
5.529938936 0.553031581129 -6.661545 0.822613 0.398257 
5.539819002 0.554002775385 -6.726395 0.830464 0.394337 
5.55013895 0.55501946215 -6.770191 0.836746 0.38135 
5.560034036 0.555994292933 -6.841365 0.840698 0.366064 
5.569905996 0.556966845419 -6.870932 0.848549 0.363779 
5.580380916 0.557998799507 -6.928917 0.843798 0.349893 
5.590126037 0.558965060879 -6.957907 0.866668 0.345888 
5.600010871 0.55998577274 -7.044196 0.853577 0.321373 
5.609850883 0.561001856264 -7.088494 0.875922 0.326726 
5.619984865 0.562048295246 -7.153131 0.886191 0.31228 
5.62993288 0.563075531202 -7.232281 0.868731 0.298414 
5.639850854 0.564058082212 -7.268973 0.887447 0.303651 
5.649782896 0.565014846349 -7.318754 0.887032 0.289036 
5.660084962 0.566007255291 -7.348332 0.910119 0.273646 
5.669935941 0.566956210544 -7.441755 0.926425 0.268502 
5.679807901 0.567907186918 -7.506559 0.925654 0.245009 
5.690114021 0.568899986386 -7.600038 0.923584 0.212527 
5.699985981 0.569897696264 -7.700305 0.93384 0.199193 
5.709807872 0.570890840728 -7.715898 0.947734 0.176276 
5.719790935 0.571900282163 -7.794546 0.957167 0.170773 
5.730099916 0.572942678928 -7.881124 0.967925 0.154556 
5.739976883 0.573939671108 -7.917877 0.977172 0.141932 
5.749860048 0.574924232183 -7.990358 0.982276 0.126264 
5.760196924 0.575953991955 -8.041436 0.999137 0.131812 
5.7699759 0.576928173719 -8.128641 1.010553 0.107203 
5.779837846 0.577910620957 -8.26481 1.014532 0.091255 
5.789671897 0.578891443894 -8.30176 1.015989 0.060092 
5.80003786 0.579935425417 -8.438612 1.045205 0.035116 
5.809916019 0.580930279005 -8.503587 1.044872 0.044111 
5.819766044 0.581922299148 -8.59065 1.072414 0.010552 
5.83012104 0.582965176158 -8.699171 1.09401 -0.012165 
5.839953899 0.583955467471 -8.757859 1.10716 -0.023876 
5.849889993 0.584952059021 -8.886968 1.131067 -0.048292 
5.859690904 0.585931298206 -9.016538 1.13996 -0.071905 
5.870090961 0.586970399912 -9.103793 1.158028 -0.093831 
5.879983902 0.587958834097 -9.247449 1.181477 -0.137095 
5.889842987 0.588947629223 -9.362826 1.197868 -0.168798 
5.900133848 0.589990981725 -9.478648 1.232452 -0.181676 
5.909986019 0.590989857063 -9.580086 1.251925 -0.214614 
5.919880867 0.591993059265 -9.673626 1.256629 -0.238105 
5.92979002 0.592997711798 -9.796654 1.294294 -0.262914 
5.940063953 0.594033203724 -9.890374 1.315394 -0.274126 
5.950012922 0.594033203724 -10.034167 1.340525 -0.318066 
