0.0 0.000484900874956 -0.014015 -0.025892 0.004351 
0.009893894 0.00147502560791 -0.056248 -0.012168 0.002706 
0.019735813 0.00245976688161 -0.028345 -0.011223 -0.007161 
0.030047893 0.0034915504996 -0.028446 0.005015 -0.007972 
0.039953947 0.00448270885331 -0.043277 0.004386 -0.008584 
0.049825906 0.00547045580384 -0.028785 -0.001934 0.002188 
0.059669971 0.00646654867684 -0.036275 0.001699 0.001389 
0.07000494 0.00751649808314 -0.03663 -0.007099 0.000967 
0.079853773 0.00851705999688 -0.015156 0.006065 0.001193 
0.08969593 0.00951694368292 -0.015465 0.005611 0.000947 
0.100016832 0.0105654639956 -0.043719 -0.013036 0.000915 
0.109906911 0.0115334106076 -0.043247 0.001136 0.000907 
0.119776964 0.012493960904 -0.021378 -0.003334 -0.008391 
0.129680871 0.0134578058605 -0.035185 -0.004563 0.00251 
0.140035867 0.0144655506494 -0.041848 0.005073 -0.017623 
0.149860858 0.0154217155268 -0.069574 0.002729 -0.017177 
0.159734964 0.0164328950251 -0.069867 0.009494 -0.006355 
0.170001983 0.0175095779956 -0.054864 0.000661 -0.025436 
0.179906845 0.0185482822429 -0.054148 -0.000394 -0.014169 
0.18977499 0.0195831360473 -0.082017 -0.003749 -0.024186 
0.199699878 0.0206239403835 -0.059954 -0.007769 -0.032322 
0.210010767 0.0216373384228 -0.066824 0.002142 -0.032142 
0.219857931 0.0225988384191 -0.073771 -0.002786 -0.021731 
0.229713916 0.0235611997184 -0.080251 0.008143 -0.041498 
0.240019798 0.0245674900071 -0.072315 0.003283 -0.039776 
0.249894857 0.0255317137361 -0.100214 -0.006567 -0.039386 
0.259784936 0.0265452835281 -0.114265 0.007431 -0.039758 
0.269693851 0.0275760633754 -0.113697 -0.002696 -0.049227 
0.279977798 0.0286458561143 -0.099118 0.004978 -0.04789 
0.289878845 0.0296758174889 -0.10604 -0.001516 -0.058159 
0.29970479 0.0306979663404 -0.112672 0.002072 -0.037228 
0.310045003 0.0316798836453 -0.12724 -0.001075 -0.037284 
0.319911956 0.0326123132219 -0.126758 0.006884 -0.036981 
0.329772949 0.033544179577 -0.140625 0.022174 -0.036987 
0.339622974 0.0344750094533 -0.126575 0.013546 -0.036129 
0.34996581 0.0354524100949 -0.154783 0.003243 -0.035985 
0.359833002 0.0364276379021 -0.169 0.017797 -0.026141 
0.369680881 0.0374117086522 -0.133434 0.022614 -0.035153 
0.380004882 0.0384433569297 -0.17617 0.021041 -0.025898 
0.389919996 0.0394341462834 -0.14104 0.026242 -0.035037 
0.399806976 0.040422124286 -0.140771 0.026415 -0.024693 
0.409670829 0.0414127213082 -0.155293 0.02624 -0.025059 
0.419990777 0.0424517527759 -0.133991 0.031898 -0.024888 
0.429832935 0.0434426794621 -0.148311 0.040354 -0.03609 
0.439706802 0.0444367986691 -0.148311 0.040354 -0.03609 
0.450052976 0.0454784706191 -0.148387 0.025516 -0.025859 
0.459914922 0.0464635528527 -0.16332 0.041125 -0.027282 
0.469807863 0.0474481368921 -0.127618 0.038891 -0.036103 
0.47971487 0.0484341208346 -0.141613 0.022938 -0.036326 
0.490006923 0.0494584260555 -0.120925 0.03575 -0.026376 
0.49986577 0.0504396169271 -0.156754 0.021856 -0.037185 
0.509700775 0.0514424511109 -0.157291 0.038478 -0.038123 
0.520018816 0.0525079715885 -0.142987 0.03977 -0.01824 
0.529917955 0.0535302330154 -0.156993 0.039775 -0.038672 
0.539795875 0.0545503032048 -0.163904 0.044034 -0.028881 
0.550082922 0.055612623003 -0.15646 0.032057 -0.028257 
0.560000896 0.0565790259457 -0.163164 0.036042 -0.03878 
0.569875955 0.0575307981748 -0.148069 0.02878 -0.038097 
0.579726934 0.0584802495392 -0.168849 0.031363 -0.048061 
0.590041875 0.059474418221 -0.161233 0.026892 -0.047382 
0.599925994 0.0604270636657 -0.167729 0.006463 -0.04601 
0.609807968 0.0614105816619 -0.181636 0.021471 -0.035919 
0.619664907 0.0624098585188 -0.18837 0.024331 -0.035549 
0.630023956 0.0634600382882 -0.19519 0.028311 -0.045156 
0.639862775 0.0644574781755 -0.194171 0.019648 -0.043915 
0.649746894 0.0655520655159 -0.21528 0.014439 -0.042923 
0.660075902 0.0665211888433 -0.207491 0.017473 -0.042188 
0.669924974 0.0674550207672 -0.178233 0.011215 -0.039189 
0.679864883 0.0684451699922 -0.226871 0.00423 -0.05886 
0.689709901 0.0694258667915 -0.219365 0.007816 -0.046992 
0.70006299 0.0704571743266 -0.247755 0.022932 -0.047364 
0.709925889 0.0715073663778 -0.254255 0.016777 -0.036029 
0.719747781 0.0725255324067 -0.225043 0.002176 -0.033206 
0.730069875 0.0735452690055 -0.252541 -0.007499 -0.051967 
0.739940881 0.0745204418808 -0.258813 -0.004018 -0.04009 
0.749795913 0.0754940366585 -0.279445 -0.009329 -0.049068 
0.759715795 0.0765737221188 -0.299636 -0.006963 -0.047647 
0.770017862 0.0776279194731 -0.283755 -0.022897 -0.043892 
0.779884815 0.0785846589499 -0.332513 -0.020982 -0.053171 
0.789731979 0.0795394796055 -0.317625 -0.012853 -0.051587 
0.800050973 0.0805400507971 -0.344373 -0.014397 -0.059702 
0.809932947 0.0814971350997 -0.343378 -0.006377 -0.057194 
0.819830894 0.0824653547589 -0.356338 -0.023774 -0.045108 
0.829711914 0.0834425187553 -0.370054 -0.025283 -0.053605 
0.840021848 0.0844620993563 -0.347803 -0.019949 -0.051102 
0.849889993 0.085437990105 -0.389778 -0.0312 -0.050154 
0.85973978 0.086567205529 -0.395406 -0.028378 -0.058464 
0.870043993 0.0876303020391 -0.387444 -0.032232 -0.045363 
0.879906892 0.0885685838755 -0.41552 -0.025567 -0.054965 
0.88981986 0.0895116288991 -0.400358 -0.026171 -0.052514 
0.899736881 0.0904550594945 -0.427881 -0.034279 -0.050595 
0.910014867 0.0915437357851 -0.455986 -0.028738 -0.049304 
0.919898986 0.0925663483694 -0.433782 -0.031748 -0.046977 
0.929672002 0.0935112983458 -0.47571 -0.034655 -0.045853 
0.940042972 0.0945140643145 -0.439764 -0.037001 -0.062813 
0.949924945 0.0954695493104 -0.474523 -0.043153 -0.061933 
0.9598248 0.0964663320107 -0.502466 -0.029264 -0.061381 
0.969747781 0.097478983206 -0.480733 -0.041075 -0.058561 
0.979976892 0.0985067810748 -0.501893 -0.045723 -0.048269 
0.989892959 0.0995031249927 -0.501456 -0.030992 -0.067554 
0.9997859 0.100497145263 -0.522423 -0.03519 -0.0561 
1.010076999 0.10151292668 -0.543592 -0.033625 -0.046117 
1.019930839 0.10247688271 -0.500704 -0.031884 -0.044113 
1.029792785 0.103447026328 -0.571698 -0.028084 -0.044826 
1.039748907 0.104428169549 -0.514723 -0.025785 -0.042584 
1.049984931 0.105436896196 -0.557317 -0.043314 -0.042615 
1.059902906 0.106416105416 -0.558949 -0.027498 -0.034076 
1.069750785 0.107391540604 -0.539702 -0.031223 -0.007659 
1.08007884 0.108426714576 -0.521611 -0.03435 0.03674 
1.089930772 0.109414167062 -0.46154 -0.035131 0.070715 
1.099790811 0.110402432107 -0.471933 -0.038027 0.061948 
1.11015892 0.111440503737 -0.426354 -0.022742 0.065251 
1.119973897 0.112423220539 -0.386673 -0.010177 0.049415 
1.129867792 0.113415163719 -0.402966 -0.010541 0.044266 
1.139752864 0.114406222323 -0.369024 0.003158 0.051207 
1.150051832 0.115438777356 -0.363371 -0.006601 0.038351 
1.159944772 0.116466781495 -0.378731 0.017573 0.024802 
1.169824838 0.117483785158 -0.336184 0.004422 0.004423 
1.179738998 0.118468117313 -0.379473 -0.004714 -0.018078 
1.189983844 0.119485281786 -0.345388 0.025111 -0.020087 
1.199891805 0.120468998471 -0.339365 0.004656 -0.021302 
1.20975089 0.121555304556 -0.376 0.014433 -0.003745 
1.220063924 0.122621763985 -0.354349 0.011081 0.006474 
1.229980945 0.123589352545 -0.360971 0.02285 0.015406 
1.239810943 0.124548450403 -0.346276 0.03053 0.015827 
1.249729871 0.125516225026 -0.338717 0.018558 0.015535 
1.259982824 0.126511281281 -0.403444 0.018036 0.032321 
1.269884824 0.127487929922 -0.340294 0.024187 0.0124 
1.279769897 0.128488571311 -0.361687 0.018808 0.031627 
1.290064811 0.129530699887 -0.39705 0.027991 0.030288 
1.299935817 0.130529917309 -0.376012 0.024572 0.010638 
1.309823989 0.131494655336 -0.425831 0.025123 0.030114 
1.319711923 0.132466976313 -0.38269 0.019817 0.031393 
1.329973936 0.133508133548 -0.403636 0.022956 0.031645 
1.339890956 0.134514288687 -0.403048 0.022739 0.043031 
1.349738836 0.135513429062 -0.381163 0.020119 0.044315 
1.36005783 0.136523526819 -0.444987 0.020675 0.043359 
1.369924783 0.137488287234 -0.380803 0.020012 0.035261 
1.379845857 0.138462306301 -0.423041 0.01128 0.035652 
1.389747858 0.139434452842 -0.422938 0.027124 0.0368 
1.39999485 0.140440469488 -0.436259 0.01958 0.038041 
1.40991497 0.141479456609 -0.479207 0.025335 0.037924 
1.419770002 0.142518825059 -0.435746 0.01964 0.040246 
1.430077791 0.143535545614 -0.471605 0.014367 0.020432 
1.439944982 0.144508807282 -0.478064 0.02546 0.041419 
1.449812889 0.145482139574 -0.456205 0.00744 0.043633 
1.459659814 0.146434878142 -0.51293 0.013091 0.043525 
1.469997882 0.147450117504 -0.476912 0.019373 0.045223 
1.479946851 0.148454538947 -0.490639 0.018707 0.03593 
1.489770889 0.149446347688 -0.47606 0.026382 0.037267 
1.500077962 0.150486922357 -0.482413 0.006963 0.049103 
1.509980917 0.15155036743 -0.525204 0.013005 0.037973 
1.519827842 0.152578908091 -0.518551 0.024697 0.038384 
1.530170917 0.153627403715 -0.539624 0.018929 0.058654 
1.540001869 0.154623984534 -0.504277 0.007898 0.04941 
1.549862861 0.155623610561 -0.511452 0.020046 0.05913 
1.559747934 0.156510775357 -0.548042 0.0212 0.057114 
1.56970191 0.157448976636 -0.491185 0.022773 0.067376 
1.579984903 0.158465789965 -0.534498 0.020574 0.066041 
1.589855909 0.159441864778 -0.534701 0.026337 0.064568 
1.599713802 0.160416642939 -0.51408 0.015525 0.053001 
1.610041856 0.161437912035 -0.54322 0.029731 0.081631 
1.619880914 0.16243153367 -0.522422 0.017519 0.060643 
1.629783868 0.163468562218 -0.537172 0.024675 0.079485 
1.640145778 0.164553652231 -0.544418 0.027475 0.077651 
1.650006771 0.165586286661 -0.509386 0.024894 0.077637 
1.659852981 0.166617373028 -0.559798 0.0176 0.075454 
1.669735908 0.167610720173 -0.516941 0.027239 0.075556 
1.680043935 0.168623893192 -0.531778 0.035516 0.084421 
1.689866781 0.169589377908 -0.567455 0.036183 0.072562 
1.699749946 0.170560791362 -0.531972 0.0181 0.063509 
1.710082769 0.171576401572 -0.567253 0.035067 0.081624 
1.719973802 0.172549055034 -0.52508 0.037863 0.072361 
1.729822874 0.173518209789 -0.567431 0.0195 0.071295 
1.739662885 0.174486472937 -0.53939 0.03573 0.081854 
1.749988794 0.175502548748 -0.539308 0.05326 0.081409 
1.759847879 0.176472688789 -0.58175 0.050292 0.080328 
1.769714832 0.177459600452 -0.545704 0.030987 0.071283 
1.780039787 0.178522884285 -0.595177 0.041178 0.090385 
1.789923906 0.179540769975 -0.566741 0.034406 0.090932 
1.799754858 0.180553180424 -0.559708 0.038213 0.090499 
1.809665918 0.181573840549 -0.602144 0.043306 0.09969 
1.819979906 0.182594905105 -0.559582 0.037374 0.090379 
1.829841852 0.183547847789 -0.595157 0.03877 0.099081 
1.839712858 0.184501665926 -0.574211 0.035631 0.098829 
1.850049972 0.185500523267 -0.567299 0.048338 0.108787 
1.85995984 0.186458096571 -0.588606 0.034618 0.098344 
1.869804859 0.187415489802 -0.538215 0.032002 0.079672 
1.879660844 0.188410982317 -0.580995 0.039052 0.1085 
1.890001773 0.189455456047 -0.595583 0.052705 0.08744 
1.899901866 0.19045540364 -0.574277 0.034343 0.097547 
1.909761905 0.191451305624 -0.616942 0.039546 0.086298 
1.920065879 0.192486985142 -0.574237 0.034625 0.08745 
1.929941892 0.193469062283 -0.610015 0.037136 0.08709 
1.939856767 0.194455003886 -0.574014 0.041569 0.078205 
1.949690818 0.195432908298 -0.595274 0.053159 0.087687 
1.960056781 0.196463706385 -0.602323 0.047503 0.077538 
1.96993184 0.197449744038 -0.580007 0.036437 0.068677 
1.979781866 0.198441070048 -0.636945 0.0343 0.078609 
1.99011588 0.199481105563 -0.615258 0.05525 0.068795 
1.999985933 0.200474447129 -0.635987 0.042157 0.068942 
2.009860992 0.201468292509 -0.67102 0.034992 0.088854 
2.019718885 0.202460410269 -0.592273 0.034785 0.071025 
2.030041933 0.203493462582 -0.648607 0.048674 0.090617 
2.039900779 0.204478725831 -0.64171 0.069278 0.070094 
2.049797773 0.205467801477 -0.633998 0.057474 0.081061 
2.060100793 0.206497454132 -0.668965 0.051597 0.102255 
2.069977998 0.207491377308 -0.639758 0.028934 0.094806 
2.079865932 0.20849642753 -0.682108 0.042653 0.094076 
2.089742898 0.20950036292 -0.6676 0.043551 0.115917 
2.100058794 0.210548912958 -0.68125 0.042608 0.115806 
2.109932899 0.211552557545 -0.688465 0.037509 0.115874 
2.119767904 0.212533788492 -0.673892 0.054088 0.126687 
2.130082845 0.213539491338 -0.70928 0.047871 0.126278 
2.139956951 0.214502212937 -0.673395 0.037184 0.137722 
2.149873971 0.215469118636 -0.679698 0.031598 0.127947 
2.159752845 0.216432305114 -0.70822 0.029745 0.137321 
2.170082807 0.217462008841 -0.700483 0.03334 0.147358 
2.179932832 0.218493467159 -0.692867 0.028869 0.148037 
2.18977189 0.219523777054 -0.671291 0.025794 0.149075 
2.200138807 0.220609362398 -0.678065 0.028372 0.159542 
2.210008859 0.22164291787 -0.699301 0.038395 0.148344 
2.219875812 0.22264091919 -0.663892 0.027811 0.169758 
2.229779958 0.223605137257 -0.677923 0.019637 0.189904 
2.240057945 0.224605750613 -0.613272 0.025085 0.171526 
2.249916791 0.225565558499 -0.634585 0.02027 0.17056 
2.259808778 0.226528592826 -0.655912 0.030572 0.178759 
2.270145893 0.227562409674 -0.598908 0.024251 0.190008 
2.280021905 0.228590704702 -0.613354 0.023799 0.198824 
2.289895772 0.229618776392 -0.585106 0.024639 0.208481 
2.29974699 0.230644489857 -0.591993 0.012216 0.217006 
2.310058832 0.23171816371 -0.578085 0.028568 0.214355 
2.319966793 0.232690761193 -0.564745 0.028335 0.221323 
2.329811811 0.233621993686 -0.551289 0.037852 0.207477 
2.340131998 0.234598172039 -0.530567 0.042162 0.204161 
2.34996581 0.235528344565 -0.530917 0.050449 0.201216 
2.359882831 0.236466387765 -0.567265 0.0454 0.19768 
2.369714975 0.237416902167 -0.553691 0.045898 0.195713 
2.380052804 0.238451793604 -0.554554 0.054847 0.18346 
2.389933824 0.239440955156 -0.554752 0.063302 0.191774 
2.399785995 0.240427228714 -0.547553 0.051438 0.200537 
2.410157918 0.241465533207 -0.540586 0.063702 0.178922 
2.419992923 0.242449935405 -0.526119 0.073342 0.198065 
2.429877996 0.243439093805 -0.554774 0.064266 0.197286 
2.439694881 0.244421428914 -0.491138 0.071323 0.207353 
2.450052976 0.245457920671 -0.526576 0.082633 0.235994 
2.459950923 0.246448367319 -0.491295 0.08006 0.20557 
2.469792842 0.247431660109 -0.498618 0.068021 0.213967 
2.480096817 0.248458343621 -0.506118 0.072497 0.212372 
2.489949941 0.249440104539 -0.506539 0.089123 0.210518 
2.499864816 0.250428018299 -0.485952 0.086091 0.219321 
2.509724855 0.251410468224 -0.514242 0.084247 0.226864 
2.52004981 0.252447555444 -0.486709 0.086142 0.225255 
2.529949903 0.253473187993 -0.508402 0.098236 0.212338 
2.539819955 0.254495708347 -0.480353 0.090565 0.210561 
2.550199985 0.255571061542 -0.494723 0.099581 0.20866 
2.560003995 0.256586740058 -0.530224 0.103224 0.166996 
2.569925785 0.257584315103 -0.552154 0.107247 0.145638 
2.579684972 0.258526438004 -0.58122 0.096988 0.124052 
2.590065002 0.259528495243 -0.617804 0.115949 0.11241 
2.599938869 0.26048168901 -0.646549 0.122267 0.111616 
2.609811782 0.261434790681 -0.696241 0.131725 0.111073 
2.61971879 0.262399252857 -0.716718 0.109734 0.071334 
2.629990816 0.263435046297 -0.787047 0.122785 0.07129 
2.639900922 0.26443434505 -0.76543 0.135108 0.042817 
2.649729967 0.265425469909 -0.821409 0.140828 0.043083 
2.660051822 0.26651065517 -0.849683 0.129959 0.034841 
2.669950962 0.267535920842 -0.862947 0.129915 0.037054 
2.679805994 0.268429092218 -0.898177 0.124706 0.01853 
2.690155983 0.269461900048 -0.90493 0.135344 0.01069 
2.699989795 0.270443199451 -0.925369 0.130482 0.002874 
2.709867 0.271428828968 -0.967247 0.127013 -0.005303 
2.719719886 0.272428899458 -0.960137 0.131265 -0.003659 
2.730043888 0.273538141353 -1.002066 0.128357 -0.002535 
2.739953994 0.274525900919 -1.051296 0.12147 -0.011321 
2.749825 0.275509763312 -1.058009 0.117274 -0.009844 
2.760135889 0.2765374697 -1.093128 0.126345 -0.019322 
2.770020961 0.277556937575 -1.078098 0.118518 -0.027025 
2.779903888 0.278608964919 -1.135005 0.122876 -0.027499 
2.789724826 0.279563535632 -1.141815 0.126013 -0.03631 
2.800062894 0.280568370093 -1.162909 0.120081 -0.056794 
2.809931993 0.281527621935 -1.184377 0.130094 -0.066161 
2.819793939 0.2824825762 -1.212413 0.127296 -0.065961 
2.829664945 0.283429827822 -1.233817 0.120909 -0.086692 
2.84000492 0.284460386523 -1.241159 0.116648 -0.086505 
2.849884986 0.285445107277 -1.261858 0.110049 -0.096765 
2.859692811 0.286422627957 -1.304745 0.123424 -0.118181 
2.870023965 0.28753768126 -1.318841 0.129078 -0.11873 
2.879921913 0.288634790324 -1.333293 0.13568 -0.139599 
2.889757871 0.289566488193 -1.375734 0.132712 -0.14068 
2.900091886 0.290545363841 -1.368433 0.119726 -0.15052 
2.909983873 0.291482368982 -1.425372 0.131983 -0.152896 
2.919818878 0.292470917179 -1.425508 0.139034 -0.153087 
2.929705858 0.293527559393 -1.461312 0.140539 -0.164826 
2.940015792 0.294539096713 -1.454301 0.134436 -0.186115 
2.949886798 0.295495247503 -1.475608 0.137683 -0.176809 
2.959758996 0.296451513756 -1.51125 0.13057 -0.209037 
2.969671964 0.297425395577 -1.525787 0.145513 -0.200236 
2.979969978 0.298497923285 -1.561176 0.15369 -0.212954 
2.989854812 0.299490085788 -1.568539 0.156484 -0.213873 
2.999744892 0.300482516305 -1.568834 0.155306 -0.235595 
3.010048866 0.301516479452 -1.618765 0.155971 -0.237476 
3.019899845 0.302497184919 -1.625621 0.150043 -0.239358 
3.029778003 0.303459236349 -1.682909 0.17131 -0.251784 
3.039695978 0.304429997724 -1.661973 0.174383 -0.252346 
3.049995899 0.305446583686 -1.689593 0.172886 -0.253611 
3.059876918 0.306421824681 -1.739793 0.173379 -0.265834 
3.069710969 0.307393250087 -1.746892 0.168284 -0.266682 
3.080002784 0.308411541863 -1.775314 0.164587 -0.268807 
3.089892864 0.309401515679 -1.775497 0.163295 -0.269173 
3.09976983 0.310392989739 -1.782388 0.174892 -0.270585 
3.109705925 0.311390399313 -1.796328 0.180832 -0.282146 
3.119986772 0.312426183523 -1.803138 0.183247 -0.283853 
3.12974286 0.313417929567 -1.838304 0.183253 -0.286403 
3.139657974 0.314408353555 -1.844988 0.184829 -0.28823 
3.14999485 0.315438277395 -1.866473 0.172509 -0.289253 
3.159892797 0.316424468153 -1.880017 0.177784 -0.290589 
3.169767856 0.317419449551 -1.886462 0.188153 -0.291078 
3.180114984 0.318501944716 -1.914214 0.184803 -0.302011 
3.189998865 0.319488924056 -1.878157 0.181621 -0.290511 
3.199875831 0.320475212882 -1.9132 0.175299 -0.271395 
3.209730863 0.321459311434 -1.919853 0.168977 -0.271319 
3.220037937 0.322534444974 -1.89735 0.181658 -0.281851 
3.229912996 0.323619454485 -1.961098 0.181937 -0.273626 
3.23978281 0.32458366239 -1.909921 0.186893 -0.262373 
3.249698877 0.325552388871 -1.916706 0.173347 -0.272451 
3.260002851 0.326559011 -1.944265 0.170446 -0.282221 
3.269810915 0.327508304519 -1.949645 0.165381 -0.261881 
3.279668808 0.328448670386 -1.976901 0.154872 -0.281677 
3.289965868 0.329494879358 -1.955365 0.166632 -0.289955 
3.299851894 0.330500364128 -1.961263 0.154166 -0.289196 
3.30972886 0.331504927427 -1.967681 0.165541 -0.278306 
3.320052862 0.332533617282 -1.966956 0.172667 -0.279038 
3.329905986 0.333479470266 -2.008491 0.16115 -0.300235 
3.339822769 0.334487682324 -2.021305 0.150252 -0.299471 
3.349654912 0.335488518448 -2.006261 0.158667 -0.3089 
3.359976768 0.336539203568 -2.063604 0.16341 -0.309502 
3.36984992 0.33751088675 -2.069248 0.149268 -0.308982 
3.3797369 0.338453320999 -2.068812 0.148884 -0.308855 
3.390057802 0.339470614901 -2.039722 0.157576 -0.307948 
3.399882793 0.340441161615 -2.08197 0.155057 -0.307867 
3.409830808 0.341423861067 -2.045441 0.166047 -0.296375 
3.41968894 0.342413499133 -2.059258 0.165661 -0.286269 
3.43007493 0.343554366933 -2.101304 0.162027 -0.277126 
3.439871788 0.344512978732 -2.058534 0.163041 -0.267103 
3.449757814 0.345480315523 -2.079835 0.174349 -0.247524 
3.459621906 0.346445506095 -2.086321 0.16747 -0.257666 
3.469964981 0.347456135992 -2.042901 0.175887 -0.257556 
3.479811906 0.34841609511 -2.099591 0.164013 -0.258136 
3.489666938 0.349407900898 -2.07081 0.172251 -0.257476 
3.499993801 0.350447324346 -2.098734 0.178361 -0.248715 
3.509865999 0.351440984675 -2.105661 0.180772 -0.249507 
3.519753932 0.352471335899 -2.105092 0.187611 -0.239227 
3.530093908 0.353603973854 -2.125828 0.180849 -0.261661 
3.539943933 0.354598756561 -2.139995 0.179727 -0.241706 
3.549828767 0.35559705473 -2.153878 0.193168 -0.252295 
3.559672832 0.356591235519 -2.196153 0.189644 -0.263592 
3.570011854 0.357571786472 -2.174273 0.178961 -0.272581 
3.579884767 0.358482207907 -2.166905 0.189598 -0.260903 
3.589757919 0.359452067466 -2.158497 0.19354 -0.259674 
3.600104808 0.360468463163 -2.172426 0.184245 -0.25813 
3.609965801 0.361437128318 -2.171269 0.190867 -0.236464 
3.619803905 0.362403545042 -2.14987 0.204307 -0.245418 
3.629679918 0.363373685643 -2.205835 0.185165 -0.234421 
3.639989852 0.364453890031 -2.176786 0.176608 -0.243167 
3.649871826 0.36549342126 -2.162065 0.185294 -0.231367 
3.659726858 0.366530118333 -2.189791 0.182949 -0.23092 
3.670079946 0.367619208255 -2.1962 0.1614 -0.219571 
3.679977893 0.36864014052 -2.160006 0.166282 -0.227293 
3.689811944 0.369607048889 -2.173843 0.188067 -0.237707 
3.699675798 0.370576887563 -2.187362 0.172011 -0.2479 
3.710013866 0.371593352138 -2.215372 0.184612 -0.24863 
3.719877958 0.372563214212 -2.200713 0.19285 -0.267487 
3.729770898 0.373535912694 -2.235528 0.169453 -0.24768 
3.740083932 0.374550436243 -2.221279 0.179082 -0.255285 
3.749971866 0.375523166834 -2.235435 0.186862 -0.254432 
3.75980997 0.376490995374 -2.234745 0.170407 -0.242235 
3.769695997 0.377463538362 -2.233933 0.177135 -0.240094 
3.78002882 0.378480035138 -2.240525 0.164039 -0.249009 
3.789900779 0.379491620954 -2.239906 0.170316 -0.24803 
3.799744844 0.380503478149 -2.246371 0.173348 -0.237316 
3.810028791 0.381560550177 -2.267272 0.167865 -0.256638 
3.819978952 0.382583312826 -2.295677 0.181132 -0.267592 
3.829859972 0.383574822194 -2.295383 0.165344 -0.265619 
3.839676857 0.384523570937 -2.28118 0.181022 -0.285709 
3.850021839 0.385523357395 -2.294146 0.155563 -0.283896 
3.859885931 0.386476668439 -2.336845 0.168546 -0.274775 
3.869767904 0.387431707585 -2.32319 0.160585 -0.284141 
3.88010478 0.388430710642 -2.336561 0.158971 -0.273112 
3.889985799 0.389418043179 -2.344223 0.170214 -0.293381 
3.899853944 0.390413730437 -2.357664 0.161824 -0.261848 
3.909673929 0.391404558394 -2.3721 0.175645 -0.271649 
3.920027971 0.392449272238 -2.364788 0.147422 -0.268383 
3.929934978 0.393448880638 -2.364731 0.154922 -0.267412 
3.939817905 0.394438029535 -2.349908 0.164336 -0.235052 
3.95015192 0.395471219712 -2.335471 0.156607 -0.231869 
3.959991931 0.396455019592 -2.349394 0.155373 -0.220052 
3.969913959 0.397447019493 -2.299093 0.153758 -0.22643 
3.979719877 0.39842741077 -2.348648 0.146419 -0.206883 
3.990047931 0.399468874119 -2.340883 0.166136 -0.20488 
3.999942779 0.400467344063 -2.354828 0.149621 -0.214405 
4.009849786 0.401467040948 -2.390966 0.15761 -0.205225 
4.020176887 0.402509128704 -2.368772 0.155443 -0.203694 
4.030055999 0.403506010759 -2.425872 0.159352 -0.205331 
4.039904832 0.404493153908 -2.397426 0.151737 -0.203987 
4.049730777 0.405467451207 -2.396979 0.160255 -0.222963 
4.060094833 0.406495105215 -2.446751 0.169149 -0.203312 
4.069978952 0.40747517079 -2.418341 0.152347 -0.201348 
4.079826831 0.408452133473 -2.439723 0.155871 -0.201223 
4.090177774 0.409508736257 -2.4259 0.164319 -0.201056 
4.100009918 0.410512381115 -2.418856 0.15826 -0.187899 
4.109885931 0.411520504029 -2.454487 0.152877 -0.187273 
4.119771957 0.41252964905 -2.404282 0.14348 -0.184525 
4.130083799 0.413580430676 -2.461507 0.15617 -0.153499 
4.139936924 0.414536824504 -2.397176 0.147613 -0.16061 
4.149796962 0.415493889342 -2.432695 0.142116 -0.138628 
4.160132885 0.416497145971 -2.411964 0.146186 -0.12598 
4.169998884 0.417454789414 -2.383265 0.146639 -0.144774 
4.179867982 0.418412733662 -2.446677 0.148378 -0.124924 
4.189691782 0.419435371004 -2.425314 0.152632 -0.133258 
4.200030803 0.420519901427 -2.410376 0.145084 -0.121563 
4.209898948 0.421555038456 -2.460326 0.153527 -0.131653 
4.219777822 0.422591300923 -2.410385 0.152019 -0.128977 
4.230077981 0.423661106136 -2.459012 0.146042 -0.10869 
4.239989995 0.42462540017 -2.423993 0.142334 -0.12639 
4.249859809 0.425585588761 -2.466759 0.163775 -0.13845 
4.259717941 0.426544640865 -2.501868 0.156888 -0.127719 
4.270045995 0.427549409508 -2.465628 0.147777 -0.1555 
4.279913902 0.428509412576 -2.508468 0.162323 -0.124785 
4.289738893 0.429529694406 -2.479788 0.160809 -0.13189 
4.300101995 0.43060965582 -2.494264 0.154584 -0.119771 
4.309973955 0.431638434257 -2.486565 0.158619 -0.106741 
4.319853782 0.432668032531 -2.450968 0.155538 -0.11385 
4.32968378 0.433676430951 -2.485585 0.150397 -0.102507 
4.340030908 0.434651642568 -2.457285 0.151398 -0.109253 
4.349866867 0.435578676764 -2.463648 0.147937 -0.117627 
4.359758853 0.436510991476 -2.505581 0.153934 -0.107027 
4.370079994 0.437483753832 -2.4553 0.159375 -0.114511 
4.379981994 0.438417012359 -2.497067 0.164815 -0.114127 
4.389877796 0.439408842758 -2.503633 0.167118 -0.123973 
4.399770975 0.440401904729 -2.545365 0.164779 -0.143958 
4.410038948 0.44143258794 -2.566429 0.150948 -0.16254 
4.419920921 0.44242452507 -2.565789 0.174308 -0.192663 
4.4297719 0.443413351069 -2.636058 0.17084 -0.181799 
4.440099954 0.444451770605 -2.578562 0.164414 -0.2091 
4.449966907 0.445443932411 -2.663185 0.160215 -0.208818 
4.459838867 0.44643659769 -2.676809 0.175393 -0.216963 
4.469764947 0.447434704954 -2.619616 0.162182 -0.221929 
4.480031967 0.448467095105 -2.64692 0.175292 -0.219293 
4.489879846 0.449446536295 -2.618174 0.169696 -0.225602 
4.499756813 0.450426164312 -2.667535 0.172552 -0.224792 
4.510067939 0.451448853556 -2.680931 0.170654 -0.232246 
4.519964933 0.452430467912 -2.673608 0.182693 -0.240643 
4.529839992 0.453409906688 -2.679551 0.162606 -0.247163 
4.53964591 0.454382487846 -2.700081 0.173139 -0.254994 
4.550052881 0.455457850172 -2.721432 0.168764 -0.252967 
4.559905767 0.456494952659 -2.756672 0.186735 -0.252053 
4.569765806 0.457532808062 -2.677802 0.185571 -0.24773 
4.580076932 0.458607938838 -2.734345 0.175547 -0.267222 
4.589961767 0.459562176544 -2.769459 0.175714 -0.286176 
4.599826812 0.460514503812 -2.775766 0.164638 -0.274166 
4.609724998 0.461470030364 -2.817963 0.176674 -0.302798 
4.620010852 0.462462980649 -2.817283 0.176178 -0.31081 
4.629912853 0.463418875484 -2.83838 0.187092 -0.289273 
4.639766931 0.464408126774 -2.84474 0.157761 -0.326872 
4.650082826 0.465446710364 -2.873281 0.180652 -0.305959 
4.659938812 0.466438991239 -2.880425 0.167936 -0.314086 
4.669854879 0.467437320949 -2.851571 0.185523 -0.301872 
4.680149793 0.468589959129 -2.914584 0.17047 -0.320922 
4.690012931 0.469465556334 -2.886821 0.178347 -0.308708 
4.699923992 0.470423114728 -2.920618 0.156032 -0.307559 
4.709758996 0.471410162805 -2.914829 0.177277 -0.304234 
4.72009778 0.472447770605 -2.921421 0.173926 -0.333048 
4.729958772 0.473437426856 -2.943218 0.193114 -0.311709 
4.739820003 0.474529938286 -2.920725 0.166255 -0.317682 
4.750144004 0.475551567953 -2.970213 0.175319 -0.316266 
4.760007858 0.476526009484 -2.906165 0.167314 -0.312245 
4.769881963 0.477501463702 -2.877514 0.186017 -0.309093 
4.779735803 0.478481683334 -2.933387 0.166595 -0.317493 
4.790089845 0.479647623038 -2.912226 0.171964 -0.33489 
4.79994893 0.4806003775 -2.981709 0.183241 -0.346058 
4.809823989 0.481554675644 -3.003076 0.186763 -0.374513 
4.819700002 0.482509065981 -3.009237 0.197302 -0.393237 
4.830016851 0.483505883766 -3.093546 0.184652 -0.402185 
4.839893817 0.484456327827 -3.071823 0.188799 -0.419574 
4.849796772 0.485438279374 -3.106515 0.183935 -0.417412 
4.86005783 0.48646578246 -3.119871 0.18232 -0.434963 
4.869919776 0.487453319997 -3.126694 0.18618 -0.422298 
4.879842996 0.488485755298 -3.125538 0.185582 -0.440279 
4.889737844 0.48961041176 -3.097252 0.187307 -0.42555 
4.900005817 0.490596118637 -3.125231 0.201754 -0.444278 
4.909870862 0.491526889542 -3.153098 0.184006 -0.441985 
4.919710874 0.492455298574 -3.153472 0.199952 -0.430868 
4.930008888 0.493461566896 -3.146241 0.180911 -0.427307 
4.939911842 0.494524415454 -3.132315 0.205203 -0.425993 
4.949806928 0.495523440575 -3.117129 0.173524 -0.4125 
4.959725856 0.496488147816 -3.153818 0.208603 -0.402681 
4.969991922 0.497486617429 -3.125102 0.184916 -0.417847 
4.979843854 0.498445510375 -3.13211 0.179542 -0.438092 
4.989678859 0.499470483726 -3.124974 0.184799 -0.42507 
4.999998807 0.500511142739 -3.175674 0.202077 -0.426057 
5.009872913 0.501493060735 -3.188747 0.184794 -0.435327 
5.019757986 0.502476069331 -3.189847 0.208009 -0.435787 
5.0296669 0.503461448765 -3.239254 0.202521 -0.435152 
5.03996396 0.504471205432 -3.204094 0.199824 -0.442389 
5.049819946 0.505437307398 -3.218179 0.190242 -0.429832 
5.059677839 0.506413692998 -3.2033 0.199935 -0.436148 
5.070000886 0.507436150276 -3.224951 0.194263 -0.433572 
5.079872846 0.508414309849 -3.245982 0.189499 -0.430503 
5.089762926 0.509401505 -3.209904 0.194377 -0.43731 
5.100085973 0.510432815404 -3.238785 0.193353 -0.425985 
5.109917879 0.511416071103 -3.239504 0.194289 -0.41498 
5.119810819 0.512405430607 -3.225894 0.194951 -0.404772 
5.129673957 0.513391694181 -3.21982 0.190901 -0.395539 
5.140017986 0.514419055719 -3.199034 0.19638 -0.375302 
5.149878978 0.515405154167 -3.221568 0.191598 -0.366673 
5.159791946 0.516401751873 -3.208248 0.199143 -0.367914 
5.17011094 0.517439169299 -3.215032 0.202563 -0.358243 
5.179930925 0.518426418982 -3.250912 0.204346 -0.379163 
5.189916849 0.519453893161 -3.265956 0.211046 -0.389147 
5.199728965 0.520441123687 -3.265799 0.202309 -0.387365 
5.210008859 0.521466743455 -3.26711 0.203343 -0.365475 
5.219937801 0.522457348921 -3.28114 0.210285 -0.364741 
5.229798793 0.52344117505 -3.288771 0.198514 -0.363694 
5.240116834 0.524639619458 -3.281331 0.201534 -0.360212 
5.249991893 0.525599684861 -3.295857 0.201241 -0.338306 
5.259872913 0.5265603298 -3.296474 0.201055 -0.345903 
5.269718885 0.527517567329 -3.267981 0.202505 -0.351487 
5.280025959 0.528519642612 -3.289378 0.206753 -0.329887 
5.289911985 0.52948092992 -3.29615 0.210053 -0.326523 
5.299790859 0.530470768461 -3.289978 0.199392 -0.314107 
5.310130834 0.531519985626 -3.297117 0.194738 -0.311961 
5.319955825 0.532516946374 -3.282634 0.195352 -0.308603 
5.329877853 0.533517738755 -3.311531 0.202225 -0.327759 
5.339726924 0.534475326178 -3.31839 0.196899 -0.314475 
5.350029945 0.535504198962 -3.325122 0.200481 -0.321208 
5.359933853 0.53650914488 -3.339638 0.192124 -0.338153 
5.369774818 0.537507703994 -3.346396 0.211666 -0.336516 
5.380103826 0.53853950763 -3.353641 0.200794 -0.333145 
5.389955997 0.539475587496 -3.367204 0.199453 -0.330382 
5.399849891 0.540439089908 -3.374778 0.210298 -0.347777 
5.409727811 0.541414579147 -3.424291 0.203963 -0.345431 
5.420042991 0.542433249788 -3.402988 0.200597 -0.332465 
5.429922819 0.543408927451 -3.438436 0.211622 -0.350885 
5.439769983 0.544488646893 -3.431569 0.206962 -0.328308 
5.450070858 0.545532360473 -3.424171 0.187364 -0.334964 
5.459950923 0.54650580532 -3.445526 0.207009 -0.342873 
5.469839811 0.547480119463 -3.466695 0.209296 -0.339994 
5.479721784 0.548453070796 -3.459513 0.205931 -0.346545 
5.490033865 0.549444998557 -3.438368 0.195058 -0.362215 
5.499893903 0.550429147307 -3.459541 0.20625 -0.34986 
5.509748935 0.551424550774 -3.488062 0.205119 -0.34759 
5.520093917 0.552469441439 -3.473772 0.205284 -0.345393 
5.529959917 0.55347424955 -3.509941 0.199557 -0.365454 
5.53981781 0.55457779242 -3.517099 0.218924 -0.344666 
5.550170898 0.555615754572 -3.510087 0.198428 -0.353646 
5.56001091 0.55660227763 -3.51069 0.199369 -0.343556 
5.56989789 0.557593509526 -3.524983 0.2142 -0.342894 
5.579760789 0.558557454083 -3.560923 0.208363 -0.342515 
5.590093851 0.559514687983 -3.503645 0.203055 -0.350298 
5.599967956 0.560481517832 -3.525742 0.19861 -0.348645 
5.609771966 0.561447152612 -3.5401 0.214727 -0.317206 
5.619703769 0.562425374217 -3.547822 0.218351 -0.316175 
5.629962921 0.563435837689 -3.554743 0.197463 -0.314134 
5.63982582 0.564407272674 -3.547704 0.210054 -0.311399 
5.649749994 0.565425300656 -3.569364 0.205225 -0.309619 
5.660010814 0.566499502324 -3.562376 0.20141 -0.317332 
5.669932842 0.567538235976 -3.569778 0.204645 -0.315258 
5.679802894 0.568571528279 -3.584193 0.21141 -0.323952 
5.690145969 0.569654341195 -3.612548 0.194608 -0.312486 
5.699979782 0.570622347853 -3.612917 0.201649 -0.310845 
5.709837913 0.571591172634 -3.634684 0.204996 -0.320149 
5.719713926 0.572561754798 -3.613401 0.194293 -0.29598 
5.730025768 0.573575168808 -3.634875 0.196246 -0.31562 
5.739930868 0.574548609548 -3.656556 0.198472 -0.314946 
5.749758005 0.575515851705 -3.642231 0.207824 -0.31337 
5.760075807 0.576532327054 -3.685174 0.204674 -0.322963 
5.769949913 0.577505090956 -3.664307 0.201693 -0.310125 
5.779848814 0.57848029758 -3.686231 0.204754 -0.308416 
5.789720773 0.579452849967 -3.686155 0.188232 -0.326087 
5.800017833 0.580497968054 -3.665074 0.210005 -0.303541 
5.809900999 0.581518507677 -3.700735 0.203497 -0.292021 
5.819778919 0.582538505595 -3.686653 0.196716 -0.309159 
5.830049991 0.583599100545 -3.715311 0.202636 -0.30708 
5.839959859 0.584612841785 -3.71571 0.203183 -0.295032 
5.849845886 0.585565173248 -3.715902 0.203456 -0.303298 
5.859738826 0.586518170649 -3.737552 0.197784 -0.300722 
5.870024919 0.587509040894 -3.737779 0.205836 -0.288619 
5.879920959 0.588462336921 -3.74516 0.202015 -0.285438 
5.889791965 0.589413221396 -3.745033 0.201899 -0.292661 
5.900088787 0.590429715879 -3.781306 0.21229 -0.291262 
5.910008907 0.591432792807 -3.809224 0.210219 -0.299081 
5.919858932 0.592428782051 -3.816495 0.19834 -0.307088 
5.929742813 0.593428194659 -3.837806 0.199617 -0.314673 
5.940051794 0.594470591424 -3.830619 0.204314 -0.310951 
5.949932813 0.595460180024 -3.852067 0.207272 -0.319212 
5.959836959 0.596446831226 -3.873515 0.21023 -0.327473 
5.970188856 0.59747808739 -3.866541 0.20714 -0.31371 
5.98002386 0.598457850665 -3.887811 0.208698 -0.331392 
5.989908933 0.599442601814 -3.916286 0.215911 -0.328946 
5.999703884 0.600425320588 -3.923597 0.203751 -0.326857 
6.010034799 0.601465772341 -3.923423 0.211978 -0.333904 
6.019904851 0.602459809453 -3.937584 0.202673 -0.330529 
6.029805898 0.603456968147 -3.944626 0.205801 -0.337509 
6.04012084 0.60449581122 -3.944619 0.214584 -0.33434 
6.04995799 0.605486165337 -3.994549 0.215971 -0.343324 
6.059870958 0.606476600482 -3.987626 0.211591 -0.359422 
6.069727897 0.607461437597 -3.98735 0.220547 -0.34591 
6.080030918 0.608490844137 -4.044115 0.209671 -0.362774 
6.089905977 0.609477491677 -4.058093 0.216774 -0.378446 
6.099765777 0.610474007011 -4.093718 0.203208 -0.3944 
6.110133886 0.611525191403 -4.100607 0.206503 -0.39012 
6.120015859 0.612527088256 -4.12145 0.209242 -0.415574 
6.129855871 0.613524730838 -4.163646 0.206885 -0.431898 
6.139752864 0.614528150513 -4.170777 0.22798 -0.406834 
6.150035858 0.615544695801 -4.227811 0.216932 -0.434042 
6.159936904 0.616510997234 -4.206021 0.222366 -0.450149 
6.169810771 0.617474646108 -4.227432 0.225487 -0.446235 
6.180116891 0.6184804811 -4.284704 0.222613 -0.455032 
6.189986944 0.619443757744 -4.256058 0.224231 -0.449357 
6.199819803 0.620443318031 -4.29187 0.218278 -0.456201 
6.209683895 0.621474213726 -4.298735 0.214636 -0.473087 
6.220001935 0.6225525515 -4.277669 0.220166 -0.448814 
6.22991085 0.623588131644 -4.327462 0.214501 -0.457607 
6.239763975 0.624617881178 -4.285075 0.216061 -0.464116 
6.250044822 0.625628181409 -4.313677 0.224111 -0.46155 
6.259965896 0.626594070758 -4.342147 0.222419 -0.468581 
6.269836902 0.62755508562 -4.363422 0.218489 -0.464477 
6.279734849 0.628518723386 -4.370534 0.229956 -0.470365 
6.29002881 0.62952091602 -4.399252 0.221035 -0.486634 
6.299874782 0.6305272321 -4.41357 0.22119 -0.492145 
6.309764862 0.631559802916 -4.435007 0.223305 -0.499609 
6.320062875 0.632634963853 -4.442089 0.220781 -0.496978 
6.329933881 0.633665543254 -4.471062 0.218185 -0.505418 
6.339830875 0.634698835924 -4.449826 0.223277 -0.513633 
6.349736928 0.635652468537 -4.464698 0.222367 -0.504148 
6.359994888 0.636622252358 -4.46525 0.222747 -0.50336 
6.369863986 0.637555273307 -4.465974 0.215622 -0.502627 
6.379698991 0.638485071116 -4.47401 0.227696 -0.492366 
6.389996767 0.639458619128 -4.445979 0.213409 -0.490043 
6.399966955 0.6404387482 -4.467762 0.216758 -0.470767 
6.409779787 0.641416130857 -4.433089 0.215007 -0.46883 
6.419725894 0.642406788038 -4.426994 0.203902 -0.458491 
6.430022001 0.643432306097 -4.441769 0.210774 -0.458131 
6.439891815 0.644415364304 -4.448912 0.215024 -0.446509 
6.449745893 0.645403094409 -4.46354 0.214002 -0.445163 
6.460057973 0.646439885874 -4.478127 0.213262 -0.453914 
6.46993184 0.647432618769 -4.485393 0.209446 -0.451649 
6.479809999 0.648425783188 -4.506714 0.211565 -0.460029 
6.490160942 0.649466481996 -4.506869 0.212001 -0.456121 
6.499966859 0.650445660995 -4.54249 0.205775 -0.454698 
6.509902954 0.651431283471 -4.570895 0.204649 -0.453344 
6.519739866 0.652407067375 -4.542645 0.20621 -0.45079 
6.530088901 0.653433651914 -4.585582 0.211123 -0.450111 
6.539962768 0.654413101612 -4.535641 0.209615 -0.447434 
6.549806833 0.655389595065 -4.579075 0.216316 -0.438377 
6.559716939 0.65640162545 -4.543763 0.213064 -0.427251 
6.570017814 0.657485441851 -4.551338 0.208794 -0.425233 
6.579904794 0.658525709894 -4.573019 0.21102 -0.424559 
6.589747905 0.659561362218 -4.566461 0.215652 -0.422127 
6.600018978 0.660573017694 -4.559782 0.213235 -0.390925 
6.609973907 0.661534574502 -4.567145 0.216029 -0.391844 
6.619822979 0.662485906475 -4.54671 0.213551 -0.401404 
6.630154848 0.663483872305 -4.540199 0.226084 -0.372295 
6.64001894 0.664436655075 -4.519339 0.214319 -0.362625 
6.649886846 0.66541451848 -4.534024 0.205075 -0.355147 
6.659722805 0.666405429342 -4.514264 0.211155 -0.346423 
6.670020818 0.667442889231 -4.493455 0.199952 -0.327453 
6.679919004 0.668440069071 -4.479982 0.216687 -0.33023 
6.689810991 0.669499547483 -4.508962 0.207159 -0.302677 
6.700087785 0.670505262436 -4.474679 0.213413 -0.293588 
6.709975957 0.671433837912 -4.475978 0.213002 -0.286069 
6.719859838 0.672420231319 -4.433487 0.199571 -0.267773 
6.729715824 0.673403840857 -4.434207 0.199786 -0.249664 
6.740019798 0.674432158784 -4.442097 0.203244 -0.231312 
6.749894857 0.675497611833 -4.434871 0.2075 -0.230584 
6.75977087 0.676504469177 -4.435925 0.207699 -0.238308 
6.770125865 0.677529979553 -4.449964 0.20646 -0.225576 
6.779976844 0.678505574536 -4.464551 0.20572 -0.234327 
6.789900779 0.679488394741 -4.500329 0.208232 -0.234687 
6.79972577 0.680560312388 -4.451661 0.207318 -0.213114 
6.81000781 0.681604443933 -4.473759 0.202151 -0.204357 
6.819880962 0.68256514472 -4.431535 0.206237 -0.183759 
6.829761981 0.683526611 -4.446509 0.204598 -0.194834 
6.840089798 0.684531552676 -4.439439 0.208568 -0.183093 
6.84996891 0.685474384601 -4.425814 0.209227 -0.201464 
6.859860897 0.686433546063 -4.468624 0.198908 -0.188596 
6.869691848 0.687415197745 -4.467968 0.215094 -0.195341 
6.880020856 0.688446582 -4.482042 0.214414 -0.201887 
6.889896869 0.689438412178 -4.524594 0.203259 -0.218632 
6.899759769 0.690554131769 -4.52487 0.212595 -0.204331 
6.910109996 0.691601708332 -4.552854 0.209957 -0.220536 
6.919981956 0.692543082496 -4.545896 0.214763 -0.237255 
6.929854869 0.693484547536 -4.573834 0.205354 -0.233871 
6.939679861 0.694421442907 -4.581478 0.209422 -0.230762 
6.95003581 0.695521339898 -4.567462 0.21832 -0.229432 
6.95993781 0.696535822229 -4.603691 0.204973 -0.228193 
6.969777822 0.697486274745 -4.610673 0.200605 -0.23706 
6.980126857 0.69848589409 -4.589477 0.205415 -0.235178 
6.98999691 0.699439248283 -4.625345 0.208928 -0.223244 
6.999842882 0.700451157111 -4.582523 0.210103 -0.229626 
7.0096879 0.701465255879 -4.625053 0.208858 -0.225516 
7.020023822 0.702500180602 -4.638854 0.199446 -0.231195 
7.029895782 0.703488649311 -4.660398 0.209737 -0.249743 
7.039764881 0.704476831551 -4.696362 0.220582 -0.248097 
7.050078868 0.70549294488 -4.71738 0.215094 -0.266503 
7.059977769 0.706460228837 -4.731739 0.214245 -0.254814 
7.069831848 0.70742698808 -4.745885 0.204216 -0.272914 
7.079739809 0.708400391173 -4.760158 0.211991 -0.271145 
7.090030908 0.709411435483 -4.795961 0.214219 -0.289988 
7.099899768 0.710390464186 -4.788962 0.209561 -0.296905 
7.109760999 0.711371966123 -4.802986 0.210172 -0.27359 
7.12005186 0.712387451011 -4.825048 0.197947 -0.292307 
7.12992978 0.713362187575 -4.839503 0.204431 -0.290904 
7.13980484 0.714336641918 -4.811081 0.213498 -0.288294 
7.149716854 0.715263091772 -4.761435 0.212663 -0.268178 
7.160007953 0.716152555664 -4.705035 0.20119 -0.240223 
7.16988182 0.716859023104 -4.628608 0.193397 -0.225259 
7.179739952 0.717564364717 -4.558843 0.197091 -0.191266 
7.190051794 0.718302168925 -4.517308 0.192167 -0.158721 
7.199951887 0.718867130558 -4.432737 0.18109 -0.123185 
