0.0 0.000148741006881 0.001497 -0.03609 -0.00842 
0.010324001 0.00121309498918 0.00102 -0.035988 0.001549 
0.020207882 0.00219742260256 0.021927 -0.029664 -0.008504 
0.03006792 0.00314647373678 0.014391 -0.034374 -0.009479 
0.03994894 0.00409754443634 0.006943 -0.013493 -0.000626 
0.050232887 0.00508739777815 0.013737 -0.032872 0.009911 
0.060096025 0.00603674729444 -0.00794 -0.030527 -0.011686 
0.069969892 0.00700222509382 0.027078 -0.032383 0.009776 
0.08031106 0.00804991635554 0.012718 -0.041176 -0.011079 
0.090180873 0.00904985338731 -0.001992 -0.033738 -0.002334 
0.100037098 0.0100484137826 0.040455 -0.022708 0.00902 
0.109878063 0.0110454281467 0.004195 -0.028156 0.008357 
0.120222091 0.0120880728864 0.026317 -0.039672 -0.001667 
0.130120992 0.0130758139258 0.046879 -0.026022 0.008403 
0.140008926 0.0140624606462 0.018128 -0.027765 -0.002664 
0.150279045 0.0150872428938 0.017693 -0.02738 -0.002791 
0.160149097 0.0160721052964 0.024416 -0.024027 -0.003472 
0.170003891 0.01705650684 0.024512 -0.03136 0.006816 
0.180322885 0.0180898042956 0.045652 -0.03405 0.007726 
0.190195083 0.0190783616176 0.01716 -0.034778 0.006207 
0.200073003 0.0200674919149 0.024239 -0.022628 0.005949 
0.209948063 0.0210563358247 0.023929 -0.023082 0.005702 
0.220257043 0.0220883332775 0.03115 -0.026887 -0.003842 
0.230146885 0.0230778695263 0.023762 -0.022525 0.015919 
0.240000963 0.0240638273787 0.030836 -0.018436 0.005388 
0.250326871 0.0250969945686 0.023757 -0.030587 0.005646 
0.260194063 0.026084264553 0.01648 -0.019167 -0.005194 
0.270070076 0.0270776740864 0.037614 -0.029919 -0.014556 
0.279906034 0.0280769280041 0.009837 -0.031702 -0.004809 
0.290216922 0.0291244309752 0.030734 -0.019165 -0.015172 
0.300091982 0.0301276573404 0.03087 -0.026216 -0.014982 
0.309968948 0.0311310773398 0.009731 -0.023526 -0.015892 
0.320291042 0.0321593348189 0.030916 -0.017873 -0.014806 
0.330167055 0.0331204651405 0.017053 -0.026603 -0.004876 
0.340044021 0.0340816882078 0.01679 -0.018713 -0.004947 
0.349920034 0.0350428185294 0.01726 -0.026877 -0.02519 
0.360225916 0.0360457835601 0.010374 -0.024185 -0.036078 
0.370115995 0.0370294795358 0.053378 -0.02244 -0.03499 
0.379998922 0.0380658835009 0.039454 -0.038789 -0.00376 
0.390322923 0.0391485420666 0.017616 -0.027825 -0.004869 
0.40019989 0.0401843210176 0.039171 -0.014098 -0.024836 
0.410079956 0.041220424955 0.018568 -0.02803 -0.024808 
0.419904947 0.0422141824576 0.011668 -0.024614 -0.014222 
0.430234909 0.0432228239736 0.026306 -0.024435 -0.014772 
0.440084934 0.0441846033246 0.040296 -0.016544 -0.024821 
0.449960947 0.0451489202044 0.040833 -0.033166 -0.023883 
0.46027708 0.0461562114246 -0.001979 -0.020068 -0.036118 
0.470125913 0.0471409428553 0.01977 -0.015637 -0.035025 
0.480028867 0.0481711026066 0.020571 -0.023183 -0.014267 
0.489852905 0.0491930530814 0.028045 -0.028664 -0.02405 
0.500236988 0.0502732625179 0.02879 -0.028595 -0.023676 
0.510112047 0.0513005204778 0.007118 -0.018187 -0.035001 
0.519968032 0.0522730708196 0.021863 -0.026184 -0.024468 
0.530309915 0.0532503814025 0.000896 -0.015989 -0.025322 
0.540184021 0.0541834869394 -0.006279 -0.020807 -0.035352 
0.550039053 0.0551147899785 0.00839 -0.028527 -0.034 
0.559868097 0.056043637145 0.029778 -0.023989 -0.023852 
0.570246935 0.0570465174469 0.002432 -0.034218 -0.02425 
0.580070018 0.0580281104027 0.002335 -0.026885 -0.034537 
0.589961052 0.05901649351 0.01703 -0.019206 -0.034116 
0.6002779 0.0600474270084 0.010438 -0.032302 -0.043031 
0.610140085 0.0610329273166 0.003081 -0.021446 -0.033678 
0.620020866 0.0620222893728 0.046831 -0.019631 -0.032215 
0.629914045 0.0630183529477 0.004404 -0.037716 -0.042463 
0.640192031 0.0640531596036 0.011822 -0.018617 -0.052881 
0.650100946 0.0650508075081 0.018962 -0.022986 -0.042232 
0.659950971 0.0660425262584 -0.01596 -0.023092 -0.052921 
0.670273065 0.0670784180635 0.01236 -0.029869 -0.051458 
0.680204868 0.0680668698005 -0.001457 -0.030255 -0.041352 
0.690047025 0.0690463996183 0.027162 -0.030365 -0.039953 
0.699905872 0.07002759049 -0.000844 -0.032039 -0.050646 
0.710242033 0.0710562855109 -0.022409 -0.029807 -0.050887 
0.720125913 0.072049747034 -0.014585 -0.017587 -0.050772 
0.729997873 0.0730692017478 -0.028397 -0.026878 -0.050143 
0.740280866 0.0741311028987 -0.03579 -0.025208 -0.040169 
0.750150919 0.075150360681 -0.014088 -0.029121 -0.039251 
0.760011911 0.0761686827545 -0.035537 -0.026885 -0.040408 
0.769841909 0.0771562100926 -0.028144 -0.023185 -0.049896 
0.78016591 0.0781512519901 -0.027824 -0.023574 -0.048854 
0.790040016 0.0791029323676 -0.020345 -0.020994 -0.048365 
0.799912929 0.0800544977622 -0.048943 -0.02257 -0.048172 
0.810246944 0.0810505048232 -0.062937 -0.016187 -0.028161 
0.820123911 0.0820139937268 -0.048587 -0.008402 -0.047264 
0.829981088 0.0830132947117 -0.076962 -0.018149 -0.036904 
0.840291023 0.0840584954014 -0.062749 -0.018429 -0.036785 
0.85017991 0.085061011083 -0.055396 -0.015011 -0.036176 
0.860054969 0.086110868653 -0.090921 -0.014176 -0.036776 
0.869924068 0.0871241069842 -0.069559 -0.025037 -0.025697 
0.880232095 0.0880644567147 -0.090439 -0.006217 -0.036473 
0.890109062 0.0890483360661 -0.097341 -0.019767 -0.045635 
0.899986982 0.0900323103492 -0.097193 -0.010695 -0.0249 
0.909817934 0.091011605985 -0.097329 -0.003644 -0.02509 
0.920185089 0.0920695133509 -0.090149 -0.007731 -0.024538 
0.930057048 0.0931384027426 -0.118591 -0.00902 -0.035358 
0.939908027 0.0941115971177 -0.089982 -0.008287 -0.034754 
0.950218916 0.0951302267562 -0.097056 -0.012376 -0.024223 
0.960094928 0.0961058941825 -0.111329 -0.005322 -0.015351 
0.969976902 0.0971238780893 -0.104302 -0.009577 -0.026058 
0.98031497 0.0982467726051 -0.125522 0.002295 -0.026673 
0.990169048 0.0992022636701 -0.110863 -0.004582 -0.026117 
1.000036955 0.10015909565 -0.110641 -0.012753 -0.015949 
1.009888887 0.101114378631 -0.111051 0.00303 -0.017007 
1.020215988 0.102115242078 -0.096747 -0.012644 -0.016873 
1.030085086 0.103072381255 -0.110666 0.003207 -0.007578 
1.039934873 0.104046456526 -0.089404 0.008583 0.002689 
1.050292015 0.105070705669 -0.110712 -0.005136 -0.007754 
1.060141086 0.106044710132 -0.096646 0.002478 -0.008622 
1.069998026 0.10710143704 -0.10337 -0.000875 -0.007941 
1.079839944 0.108208678405 -0.096509 -0.004573 -0.008431 
1.090163946 0.109190826104 -0.096074 -0.004958 -0.008304 
1.100041866 0.110130536925 -0.132045 -0.002896 -0.009827 
1.109930038 0.111071223044 -0.103563 -0.001325 -0.009104 
1.120285987 0.112104804278 -0.103173 -0.010052 -0.009152 
1.130129099 0.113179802097 -0.124582 -0.007535 -0.020406 
1.139981985 0.11413247468 -0.096718 -0.006871 -0.020176 
1.150305032 0.115130606988 -0.124936 0.000634 -0.001079 
1.160166025 0.116084063434 -0.118218 -0.004074 -0.012032 
1.170062065 0.117054892965 -0.096562 -0.01633 -0.01129 
1.179933071 0.11807260118 -0.110486 -0.008541 -0.012268 
1.190247058 0.119109115433 -0.074799 0.004343 -0.011923 
1.200150966 0.120104237642 -0.12402 -0.009479 -0.013295 
1.210006952 0.121094544758 -0.124329 -0.009933 -0.013542 
1.220314979 0.122122609615 -0.12398 -0.009197 -0.023392 
1.230182886 0.123087941756 -0.117154 -0.005115 -0.003512 
1.240062952 0.124057003222 -0.12402 -0.009479 -0.013295 
1.24992299 0.12502867768 -0.110147 -0.016707 -0.003016 
1.260235071 0.126044899495 -0.138852 -0.010107 -0.013907 
1.270087003 0.127016497106 -0.110147 -0.016707 -0.003016 
1.279959917 0.127992134109 -0.138629 -0.018279 -0.003739 
1.290277004 0.129022815357 -0.124978 -0.017336 -0.003628 
1.300165891 0.130013971818 -0.124669 -0.016882 -0.003381 
1.310045957 0.131004244155 -0.146823 -0.014433 -0.015009 
1.319900989 0.131991698289 -0.097516 -0.007102 -0.004146 
1.330214977 0.13302360487 -0.154692 -0.018031 0.004449 
1.340082883 0.134012845583 -0.119355 0.003862 -0.005254 
1.349967002 0.13500380864 -0.133512 -0.020439 -0.004737 
1.360285043 0.136038275896 -0.155615 -0.001586 -0.005917 
1.370191097 0.13704336266 -0.112783 -0.007346 -0.004885 
1.380050897 0.138086458955 -0.148734 -0.01234 -0.005301 
1.389899969 0.139064328817 -0.141817 -0.008537 -0.004819 
1.400225877 0.140089541571 -0.134414 -0.01105 -0.013997 
1.410089969 0.1410689027 -0.163057 -0.004003 0.005768 
1.419961929 0.142092804269 -0.134651 -0.002154 -0.00269 
1.430284977 0.143230820593 -0.141993 -0.006416 -0.002503 
1.440156936 0.144194012522 -0.142586 -0.006318 0.008383 
1.450008869 0.145155250545 -0.135016 -0.009387 -0.011012 
1.459852934 0.146115720899 -0.163659 -0.00234 0.008754 
1.470198869 0.147122441596 -0.134478 -0.009043 0.009675 
1.480091095 0.148081218936 -0.163477 -0.018014 -0.010629 
1.490000963 0.149083980214 -0.149649 -0.001504 -0.000189 
1.500349044 0.150131490753 -0.134807 -0.007089 0.000733 
1.510195016 0.151128174045 -0.170291 0.010994 0.009786 
1.520011901 0.152104663513 -0.120533 -0.014143 -0.008139 
1.529933929 0.153062462253 -0.141485 -0.002099 0.001589 
1.54017806 0.154099890145 -0.142011 0.01368 0.001447 
1.550056934 0.15510217509 -0.134558 -0.004509 0.002381 
1.559947967 0.156105693656 -0.170128 0.014694 0.001457 
1.570221901 0.157127287198 -0.112799 -0.006291 0.003785 
1.580084085 0.158088886131 -0.148106 0.005022 0.002932 
1.590018034 0.159064127017 -0.17032 -0.000149 0.012604 
1.599868059 0.160031170722 -0.113276 0.003557 -0.006144 
1.610198021 0.161045333095 -0.170304 0.0017 0.023186 
1.620081901 0.162032671853 -0.135044 -0.008212 0.003966 
1.629937887 0.163117016016 -0.155874 -0.005068 0.003302 
1.640297889 0.164140230001 -0.128664 0.012213 0.003509 
1.650081873 0.165105284452 -0.121211 -0.005976 0.004443 
1.660017967 0.166085342446 -0.185395 -0.005313 0.012541 
1.669894933 0.167051270401 -0.129176 -0.002241 0.013613 
1.680176973 0.168041359005 -0.150443 0.001287 0.012823 
1.690051078 0.169038222377 -0.136579 0.010017 0.002893 
1.699893951 0.170031932649 -0.136342 -0.013271 0.003894 
1.710227012 0.171075130998 -0.158535 0.005861 0.022113 
1.720114946 0.172099823151 -0.130631 0.006806 0.012246 
1.729979992 0.173165740656 -0.165923 -0.006743 0.022124 
1.739907026 0.174172061476 -0.166152 -0.006634 0.001684 
1.750218868 0.175217390956 -0.137664 0.002999 0.01268 
1.760078907 0.176216920375 -0.173529 -0.003115 0.022241 
1.769921064 0.177147894807 -0.159489 -0.0109 0.022303 
1.780232906 0.178083414148 -0.166917 -0.014041 0.012513 
1.790131092 0.179062176601 -0.174543 -0.003357 0.011523 
1.799999952 0.180038039211 -0.124618 -0.012083 0.003131 
1.810348034 0.181061288736 -0.188964 -0.019769 0.011969 
1.820219993 0.182037457785 -0.146563 -0.017082 0.023147 
1.830116033 0.183016008035 -0.189086 -0.027835 0.002612 
1.839924097 0.184040503371 -0.153753 -0.006783 0.022284 
1.850190878 0.185115631559 -0.146731 -0.033492 0.013614 
1.860146045 0.186158127806 -0.203608 -0.028009 0.002246 
1.870001077 0.187190138005 -0.139698 -0.029685 0.01318 
1.880340099 0.18825454538 -0.153779 -0.022182 0.023214 
1.890213966 0.189225044937 -0.16826 -0.022074 0.012752 
1.900042057 0.190191045183 -0.1539 -0.030248 0.013857 
1.909909963 0.191160958834 -0.182194 -0.022465 0.023773 
1.920180082 0.192170405886 -0.160477 -0.041495 0.015524 
1.930054903 0.19314100598 -0.188684 -0.034833 0.035417 
1.939994096 0.194119028698 -0.174522 -0.019436 0.025424 
1.950309991 0.195134119124 -0.138576 -0.036897 0.027877 
1.960196972 0.196107004149 -0.174278 -0.034663 0.036698 
1.969984054 0.197070059051 -0.138307 -0.036725 0.038221 
1.980362892 0.198091343107 -0.152474 -0.028102 0.038278 
1.990231037 0.199107180717 -0.159953 -0.025312 0.038274 
2.00003004 0.200116300996 -0.14573 -0.031804 0.038703 
2.009959936 0.20113890089 -0.202425 -0.034774 0.047601 
2.020220995 0.202195604589 -0.13106 -0.039524 0.040055 
2.030097961 0.203197776483 -0.173796 -0.041097 0.04931 
2.040040969 0.204158552048 -0.202495 -0.026436 0.048692 
2.050339937 0.205153723408 -0.152296 -0.043895 0.041166 
2.060230016 0.206109384535 -0.180665 -0.04558 0.061799 
2.070029974 0.207056337427 -0.145059 -0.040481 0.042691 
2.079964876 0.208016329723 -0.166452 -0.036114 0.042019 
2.090285062 0.209046995015 -0.159266 -0.03214 0.052844 
2.100138902 0.210042270876 -0.158983 -0.047085 0.054022 
2.110033035 0.211041616486 -0.180943 -0.044187 0.043556 
2.120346069 0.212083272714 -0.145053 -0.046813 0.065272 
2.130184888 0.213077031396 -0.187844 -0.040771 0.054143 
2.140094041 0.214063765467 -0.173747 -0.041055 0.055177 
2.149885892 0.215037473484 -0.137842 -0.058798 0.067727 
2.16029787 0.216072847332 -0.201499 -0.058799 0.056554 
2.170137882 0.21705134451 -0.151705 -0.052413 0.058244 
2.180056095 0.218037618047 -0.16612 -0.060763 0.068962 
2.190308094 0.21906852498 -0.159203 -0.056961 0.069444 
2.200149059 0.220058939073 -0.151714 -0.060593 0.070243 
2.21005702 0.221056095775 -0.173446 -0.057805 0.080218 
2.219914913 0.222048213535 -0.159005 -0.065416 0.061129 
2.230211973 0.223084529927 -0.21609 -0.059658 0.070075 
2.240146875 0.224081425131 -0.187781 -0.060222 0.071228 
2.250025034 0.225068618463 -0.165896 -0.062842 0.072512 
2.260322094 0.226097675494 -0.215674 -0.06201 0.081891 
2.270221948 0.227087036959 -0.172482 -0.067877 0.073869 
2.280090093 0.228073229523 -0.193945 -0.064917 0.094188 
2.289918899 0.229072068669 -0.186902 -0.061953 0.09455 
2.300237894 0.230120933702 -0.172405 -0.077178 0.095845 
2.310122966 0.231125693019 -0.221976 -0.07662 0.084911 
2.319981098 0.232127714044 -0.193362 -0.05808 0.075888 
2.330308914 0.233174316649 -0.214435 -0.063848 0.096158 
2.340189933 0.234137712264 -0.178768 -0.075268 0.087958 
2.350014925 0.235095645267 -0.213532 -0.072515 0.098315 
2.359914064 0.236060807575 -0.206716 -0.052475 0.097985 
2.370196104 0.237063302586 -0.199395 -0.072518 0.089252 
2.380079031 0.238026884229 -0.234777 -0.070672 0.099116 
2.38995409 0.239052961541 -0.220392 -0.063447 0.099291 
2.400235891 0.240129633851 -0.191454 -0.069316 0.101247 
2.410161972 0.241169056473 -0.205986 -0.063277 0.100571 
2.420000076 0.242199266468 -0.205672 -0.071728 0.091341 
2.429856062 0.243227387793 -0.241317 -0.061994 0.101134 
2.440175056 0.244231993384 -0.212992 -0.060709 0.11287 
2.450042009 0.245192590527 -0.233858 -0.066751 0.112826 
2.459932088 0.246155439102 -0.25516 -0.072409 0.112656 
2.47025299 0.247160230446 -0.247538 -0.068819 0.123608 
2.480153083 0.248124053934 -0.240043 -0.06439 0.13468 
2.49001503 0.249149776369 -0.225785 -0.073293 0.115225 
2.500362873 0.250227198664 -0.232336 -0.069141 0.115962 
2.510224104 0.251253954687 -0.253901 -0.066909 0.11572 
2.52008605 0.252280785157 -0.246589 -0.063773 0.126426 
2.529970884 0.25329123301 -0.267724 -0.069987 0.116039 
2.540309906 0.254269192952 -0.246331 -0.074354 0.11671 
2.550136089 0.255198643857 -0.260138 -0.075583 0.127611 
2.560043096 0.25613573984 -0.296006 -0.057677 0.127236 
2.570343971 0.257110091487 -0.26724 -0.065682 0.129622 
2.580202102 0.258042564328 -0.288101 -0.063662 0.139851 
2.590091943 0.259032466837 -0.280753 -0.068306 0.130188 
2.599935054 0.260017833424 -0.287694 -0.065171 0.150871 
2.61026597 0.261052032819 -0.301867 -0.05924 0.141142 
2.62007308 0.262033795446 -0.294767 -0.06389 0.161888 
2.629946947 0.263022240931 -0.308641 -0.056662 0.151609 
2.639904976 0.264018723602 -0.315993 -0.05471 0.151486 
2.650121927 0.265041091662 -0.315328 -0.055204 0.172054 
2.660043001 0.266033852533 -0.343511 -0.050109 0.171267 
2.669908046 0.267021006814 -0.294032 -0.052238 0.162437 
2.680227995 0.268053681459 -0.329567 -0.05056 0.161042 
2.690124035 0.269039788029 -0.308128 -0.046584 0.161889 
2.699944019 0.270018246892 -0.308168 -0.046865 0.171986 
2.709889888 0.271009248881 -0.350569 -0.049552 0.160808 
2.720138073 0.272030373502 -0.329566 -0.04519 0.161528 
2.730077982 0.273020781639 -0.34344 -0.047707 0.171147 
2.739924907 0.274032593753 -0.350609 -0.044463 0.171391 
2.750263929 0.27510369859 -0.351142 -0.036746 0.160976 
2.760169029 0.276129849856 -0.336923 -0.028964 0.171367 
2.769973993 0.277145627205 -0.343829 -0.03361 0.171682 
2.780294895 0.27821179754 -0.329804 -0.026277 0.180911 
2.790160894 0.279164231754 -0.329793 -0.02712 0.181707 
2.800019025 0.280115906415 -0.3367 -0.031766 0.182021 
2.809897899 0.281069583543 -0.351405 -0.033232 0.181289 
2.820216894 0.282065748644 -0.337019 -0.026007 0.181464 
2.830097913 0.283019632844 -0.351202 -0.019232 0.170938 
2.83998394 0.284008025499 -0.344371 -0.024055 0.181341 
2.850255966 0.285043818938 -0.336922 -0.02797 0.192237 
2.860181093 0.286044632354 -0.358584 -0.018405 0.181708 
2.870071888 0.287041983857 -0.358584 -0.018405 0.181708 
2.879921913 0.288150270843 -0.351094 -0.022038 0.182508 
2.890256881 0.289086543831 -0.358259 -0.027699 0.173274 
2.900053024 0.290029729485 -0.37238 -0.020477 0.193406 
2.909982919 0.291020616847 -0.35839 -0.012586 0.183356 
2.920316934 0.292051830658 -0.35117 -0.016391 0.173812 
2.930159092 0.293033962894 -0.379256 -0.018628 0.183313 
2.940051078 0.294095964512 -0.37205 -0.007316 0.182935 
2.949908018 0.295099913879 -0.365164 -0.010008 0.193824 
2.960252046 0.296130923296 -0.386562 -0.008333 0.183366 
2.970112085 0.297113692587 -0.371457 -0.016437 0.184845 
2.979983091 0.298097554979 -0.37849 -0.020244 0.185279 
2.990315914 0.299225738864 -0.39254 -0.006247 0.184906 
3.000130891 0.300192061331 -0.385005 -0.001536 0.185881 
3.0100739 0.301158497041 -0.39218 -0.006354 0.175851 
3.01991105 0.30211464352 -0.377658 -0.00618 0.176217 
3.030246019 0.303119176766 -0.384442 -0.002759 0.185888 
3.040070057 0.304062637223 -0.377363 0.009392 0.18563 
3.049959898 0.305034513887 -0.376704 0.000836 0.195925 
3.060287952 0.306063884453 -0.390933 -0.000733 0.185224 
3.070153951 0.307047203186 -0.368926 0.004713 0.195865 
3.080044984 0.308055291982 -0.38284 0.01166 0.195683 
3.08991003 0.309186480492 -0.382982 0.010649 0.18522 
3.100195884 0.310207494833 -0.375619 0.007854 0.186138 
3.110105037 0.311146126 -0.389452 0.005619 0.185661 
3.120016098 0.3120849379 -0.37536 0.01424 0.196172 
3.130302906 0.313070800152 -0.381978 0.017104 0.195627 
3.14016509 0.314124792365 -0.389295 0.028242 0.194883 
3.150070905 0.315134900025 -0.396369 0.007187 0.185665 
3.159911871 0.316088141003 -0.403274 0.019507 0.205729 
3.170253992 0.317089926147 -0.381841 0.015423 0.196303 
3.180087089 0.318042404898 -0.409841 0.021811 0.195883 
3.189985036 0.319059158504 -0.395708 0.030713 0.196297 
3.200253963 0.320105884423 -0.402615 0.026067 0.196611 
3.210165023 0.3211004202 -0.41661 0.015484 0.196873 
3.220030069 0.322090338654 -0.416082 0.031786 0.197352 
3.2298491 0.323075639684 -0.416391 0.031332 0.197105 
3.240227937 0.324091292039 -0.416385 0.039394 0.207378 
3.250089883 0.325051764554 -0.416117 0.0226 0.197972 
3.259964943 0.326026239834 -0.423287 0.025844 0.198215 
3.270294904 0.327045790696 -0.408982 0.042251 0.198685 
3.280185938 0.328022020156 -0.430015 0.036765 0.208858 
3.290050029 0.328997898411 -0.430111 0.044098 0.198571 
3.299875974 0.329975411748 -0.437144 0.040291 0.199005 
3.31022501 0.331014273351 -0.458273 0.042138 0.19889 
3.320095062 0.332005053367 -0.422565 0.047966 0.200342 
3.329955101 0.332994828253 -0.436652 0.047407 0.200104 
3.34028697 0.334043455799 -0.44413 0.050197 0.2001 
3.350181102 0.335039223805 -0.436808 0.047121 0.211116 
3.360033989 0.33602092497 -0.451178 0.061508 0.209701 
3.369863033 0.337000250516 -0.429912 0.057979 0.210491 
3.380205869 0.338030768186 -0.451214 0.052321 0.210321 
3.390084982 0.33906001245 -0.458424 0.055284 0.220661 
3.39994502 0.34006135834 -0.457713 0.072878 0.221506 
3.410269975 0.341092382214 -0.457368 0.070922 0.201869 
3.420171976 0.342081170971 -0.485216 0.060512 0.192958 
3.430011034 0.3430636744 -0.456724 0.06124 0.194477 
3.439873933 0.344176423912 -0.485028 0.075236 0.204083 
3.450229883 0.345214302062 -0.506132 0.061122 0.195598 
3.460119009 0.346180396606 -0.491776 0.076968 0.186767 
3.4699409 0.347139922788 -0.505329 0.083808 0.177531 
3.480268001 0.348148596934 -0.512204 0.071264 0.179747 
3.49014306 0.349090600303 -0.526057 0.076806 0.17106 
3.50000906 0.350069260889 -0.560557 0.086785 0.162075 
3.50991702 0.351076976516 -0.545999 0.070156 0.154866 
3.520201921 0.352123029938 -0.559278 0.068263 0.146497 
3.530065059 0.353126186823 -0.580432 0.086792 0.147649 
3.539947033 0.354077550876 -0.572521 0.081648 0.130889 
3.550335884 0.355109544411 -0.600084 0.088374 0.123492 
3.560190916 0.356112710458 -0.592167 0.091291 0.117005 
3.570003986 0.357111605098 -0.640956 0.092082 0.118618 
3.58030796 0.358151539476 -0.690343 0.084908 0.120845 
3.590199947 0.359094450996 -0.661383 0.092469 0.104981 
3.600059032 0.360053088286 -0.681841 0.095384 0.088955 
3.609925031 0.361027685912 -0.709703 0.100813 0.082107 
3.620231866 0.362045830849 -0.752227 0.091386 0.069637 
3.630130052 0.363023608019 -0.837092 0.103858 0.044437 
3.640006065 0.364092566695 -0.858132 0.106028 0.040093 
3.649921894 0.365104184709 -0.886156 0.103109 0.033985 
3.660177946 0.366107728137 -0.886135 0.101423 0.035577 
3.670054912 0.367074178416 -0.899441 0.098524 0.015829 
3.679936885 0.368041118625 -0.934215 0.10749 0.025876 
3.690259933 0.369047600585 -0.883564 0.111259 0.017237 
3.700139045 0.370029869845 -0.931928 0.112508 0.018182 
3.710004091 0.371022810308 -0.895115 0.106702 -0.008311 
3.719898939 0.372018750413 -0.91537 0.125468 0.004475 
3.730170965 0.373052654386 -0.935145 0.118262 -0.021936 
3.740051031 0.374167578877 -0.948201 0.123313 -0.03955 
3.74993205 0.375170567015 -0.947094 0.123997 -0.055334 
3.760257005 0.376213314286 -0.960038 0.128934 -0.051592 
3.770106077 0.377208000746 -1.030078 0.13325 -0.079349 
3.779994011 0.378184300698 -1.007141 0.14615 -0.074585 
3.789901971 0.379088542898 -1.048573 0.141454 -0.081839 
3.800158977 0.380076147614 -1.061492 0.139454 -0.099263 
3.810033083 0.381046100886 -1.054032 0.149811 -0.106984 
3.819916963 0.382017014278 -1.074872 0.142924 -0.13481 
3.830233097 0.383030388849 -1.102505 0.148243 -0.121217 
3.840102911 0.383999920509 -1.116605 0.161673 -0.158555 
3.849972963 0.385007359174 -1.107969 0.149261 -0.163738 
3.86028409 0.386092035021 -1.156671 0.164046 -0.17156 
3.870164871 0.387131440753 -1.135144 0.17737 -0.187738 
3.880034923 0.38816971785 -1.205453 0.171769 -0.205939 
3.889914035 0.389208948012 -1.183836 0.175069 -0.221616 
3.900223016 0.390231767386 -1.225468 0.188454 -0.218183 
3.910115003 0.391204372167 -1.232242 0.174788 -0.234568 
3.919957876 0.392172147936 -1.232321 0.190061 -0.240891 
3.930284023 0.393187440409 -1.29584 0.189101 -0.258491 
3.94015789 0.394158263586 -1.281442 0.196206 -0.264624 
3.950031995 0.395129403602 -1.330686 0.205158 -0.271347 
3.959918975 0.396102040343 -1.330503 0.195576 -0.297348 
3.970202922 0.397113728917 -1.365514 0.197193 -0.302846 
3.980114936 0.39808882839 -1.450222 0.200206 -0.319159 
3.989963054 0.399057642062 -1.385361 0.214043 -0.33241 
4.000286102 0.400096646484 -1.462523 0.205809 -0.327539 
4.010159969 0.401111566983 -1.490415 0.219858 -0.343393 
4.020025014 0.402125580681 -1.496756 0.215434 -0.357278 
4.029881954 0.403138761278 -1.567428 0.219566 -0.364052 
4.040191888 0.404198295 -1.560186 0.214797 -0.379108 
4.05014801 0.405160500246 -1.602954 0.236841 -0.376 
4.060012102 0.40611381129 -1.588578 0.219642 -0.390679 
4.070311069 0.407109150647 -1.638774 0.228799 -0.377463 
4.080254078 0.408070088592 -1.702536 0.228673 -0.394028 
4.090086937 0.409020381136 -1.667288 0.225578 -0.398391 
4.099911928 0.409983996708 -1.731307 0.236032 -0.40524 
4.110253095 0.411027411476 -1.745366 0.225605 -0.420467 
4.120130062 0.412023988866 -1.759673 0.224917 -0.425182 
4.129980087 0.413017847833 -1.816959 0.237882 -0.431915 
4.140310049 0.414060132025 -1.852188 0.22365 -0.437645 
4.15021801 0.415055326811 -1.84533 0.23567 -0.44238 
4.160055875 0.416038912134 -1.874129 0.226187 -0.438455 
4.169882059 0.417021329596 -1.873889 0.241071 -0.443735 
4.180243969 0.418057308703 -1.945489 0.238472 -0.451735 
4.190070867 0.41903979755 -1.924059 0.23499 -0.445992 
4.200001001 0.420037507791 -1.966954 0.240906 -0.462514 
4.210331916 0.421079980411 -2.01705 0.233826 -0.448486 
4.220208883 0.422076646018 -2.00317 0.233531 -0.4742 
4.230031967 0.423067874395 -2.053687 0.243077 -0.462027 
4.239935875 0.424067258566 -2.06089 0.237857 -0.468267 
4.250259876 0.425109033508 -2.060533 0.238353 -0.462153 
4.260134935 0.426088304355 -2.124502 0.238501 -0.458404 
4.270004987 0.427066975108 -2.102782 0.252274 -0.47342 
4.280256033 0.428083423544 -2.208594 0.243025 -0.459056 
4.290198087 0.429069233698 -2.214762 0.246106 -0.472886 
4.300054073 0.430064532325 -2.242338 0.254277 -0.465911 
4.309948921 0.431074577877 -2.291115 0.254947 -0.470605 
4.32013297 0.432114144467 -2.290124 0.246603 -0.472678 
4.330015897 0.433122973149 -2.361114 0.268813 -0.467849 
4.339864015 0.434128248599 -2.382469 0.262468 -0.482713 
4.350145101 0.435146648533 -2.403256 0.243199 -0.475473 
4.360027074 0.436105842493 -2.453767 0.275922 -0.47244 
4.369930029 0.437067073071 -2.396903 0.254919 -0.466449 
4.379817009 0.438026753036 -2.497016 0.249624 -0.464279 
4.390148878 0.439029616162 -2.505 0.261859 -0.470422 
4.400011062 0.440025367622 -2.526872 0.249965 -0.465705 
4.409918069 0.441064581151 -2.583367 0.261598 -0.451991 
4.42019391 0.442142484194 -2.569217 0.247081 -0.455052 
4.430120945 0.443183798596 -2.647536 0.264306 -0.471512 
4.439991951 0.444219235735 -2.65416 0.250688 -0.454366 
4.44985795 0.445201239811 -2.646932 0.256388 -0.467845 
4.460144043 0.446201926262 -2.731801 0.26802 -0.46367 
4.470002889 0.447161047828 -2.702709 0.251444 -0.476821 
4.479882955 0.448122233789 -2.7521 0.253897 -0.472222 
4.490256071 0.449131386305 -2.802321 0.26277 -0.477487 
4.500081062 0.450124752358 -2.787614 0.255935 -0.471064 
4.50997591 0.451155916003 -2.866363 0.271861 -0.45748 
4.520303011 0.452232125675 -2.865839 0.254834 -0.481332 
4.530189037 0.45326236996 -2.915341 0.264622 -0.458441 
4.540112972 0.454296564825 -2.944304 0.261184 -0.466084 
4.549926042 0.455243280135 -2.938091 0.256175 -0.463278 
4.560286998 0.456219795034 -2.975388 0.274389 -0.433744 
4.570142984 0.457148716765 -2.940938 0.254096 -0.441826 
4.580024004 0.458079997937 -2.955779 0.262254 -0.41069 
4.589927911 0.459013436198 -2.992448 0.263566 -0.399615 
4.600212097 0.460018007822 -3.007203 0.263383 -0.39815 
4.610097885 0.461010327895 -3.071622 0.279033 -0.385362 
4.619961023 0.462000374396 -3.021726 0.269904 -0.389965 
4.630182027 0.463026342932 -3.086004 0.269598 -0.386463 
4.6400671 0.464018591235 -3.107501 0.279209 -0.392041 
4.649970054 0.465013574781 -3.086116 0.267384 -0.386474 
4.660290002 0.466051287056 -3.186457 0.269419 -0.365097 
4.670161008 0.467043856407 -3.116339 0.264418 -0.381529 
4.680005073 0.468033716732 -3.223445 0.271842 -0.362169 
4.689893007 0.469027988262 -3.210031 0.287051 -0.350265 
4.700155019 0.470054491165 -3.196741 0.271856 -0.367952 
4.710079908 0.471038872234 -3.225646 0.27777 -0.335462 
4.719966888 0.472019493371 -3.247818 0.278972 -0.342505 
4.73022604 0.473037027674 -3.28394 0.272565 -0.349595 
4.740180015 0.474024293581 -3.306857 0.290664 -0.337262 
4.750051021 0.475003330368 -3.300199 0.262092 -0.353768 
4.759902954 0.475997043986 -3.364706 0.27814 -0.343854 
4.770163059 0.477077009836 -3.316239 0.283712 -0.330857 
4.780055046 0.478118228046 -3.359927 0.265378 -0.321412 
4.789947033 0.479159446255 -3.397012 0.291378 -0.301919 
4.800257921 0.480182621944 -3.376466 0.27182 -0.309872 
4.810184002 0.481140841354 -3.398933 0.273695 -0.299475 
4.820064067 0.482094618586 -3.38662 0.289782 -0.308265 
4.829890966 0.48304326341 -3.451102 0.274754 -0.287309 
4.840234995 0.484041829649 -3.401651 0.272222 -0.292349 
4.850121975 0.4850182139 -3.438351 0.26704 -0.270868 
4.8599689 0.486009582532 -3.460473 0.283925 -0.260358 
4.870294094 0.487049102326 -3.490474 0.291558 -0.277939 
4.880198001 0.488046207792 -3.50463 0.275199 -0.244878 
4.890038967 0.48909832723 -3.52669 0.300426 -0.262772 
4.899909019 0.490080999653 -3.555363 0.290104 -0.258966 
4.910274028 0.491033928002 -3.59909 0.287325 -0.26594 
4.920142889 0.492024373992 -3.591963 0.284403 -0.240919 
4.929960012 0.493009627518 -3.656101 0.277165 -0.259498 
4.94027996 0.494045344923 -3.628398 0.292538 -0.245397 
4.950206995 0.495101238557 -3.671395 0.299576 -0.243317 
4.960045099 0.49612412518 -3.66472 0.295189 -0.229005 
4.969901085 0.497097789438 -3.672147 0.29814 -0.245413 
4.980208873 0.498116086822 -3.735898 0.282055 -0.241769 
4.990119934 0.499095191891 -3.757476 0.300848 -0.247052 
4.999970913 0.500164541844 -3.807338 0.294499 -0.241959 
5.010255098 0.501221390813 -3.835583 0.300473 -0.265338 
5.020166874 0.502179237186 -3.885247 0.302635 -0.248811 
5.03007102 0.503136346218 -3.942025 0.307599 -0.263613 
5.039920091 0.504088132954 -3.970782 0.304489 -0.276402 
5.050253868 0.505084129687 -3.99164 0.307952 -0.28038 
5.060148954 0.506050178301 -4.034297 0.312915 -0.275665 
5.069977998 0.507034421158 -4.034649 0.322528 -0.270546 
5.080334901 0.508071521795 -4.1336 0.30773 -0.295834 
5.090164899 0.509055860182 -4.140762 0.310734 -0.279627 
5.100064039 0.510166939095 -4.190694 0.312724 -0.273443 
5.110307932 0.511225717851 -4.211551 0.331302 -0.296834 
5.120244979 0.512163282173 -4.2396 0.313706 -0.309115 
5.130083084 0.513091511279 -4.324631 0.316989 -0.304199 
5.139918089 0.514019447898 -4.360002 0.302468 -0.327496 
5.150319099 0.515114357925 -4.39494 0.313435 -0.321439 
5.160186052 0.516149110149 -4.402279 0.332954 -0.315225 
5.170002937 0.517103892767 -4.451979 0.317987 -0.330621 
5.179879903 0.518064518816 -4.480188 0.340368 -0.314973 
5.190171957 0.519065516001 -4.529347 0.31684 -0.319158 
5.200078964 0.520071561382 -4.564604 0.343311 -0.333558 
5.209965944 0.521087435054 -4.613762 0.319783 -0.337743 
5.220258951 0.522111010131 -4.656666 0.349601 -0.34193 
5.230125904 0.523092216806 -4.677631 0.320135 -0.344533 
5.24000597 0.524074727487 -4.713674 0.346254 -0.349209 
5.249928951 0.52505369502 -4.741651 0.337284 -0.342832 
5.260191917 0.526058849033 -4.798867 0.341911 -0.350657 
5.270029068 0.527029722469 -4.806049 0.336855 -0.316143 
5.279928922 0.528010264142 -4.848449 0.334891 -0.334425 
5.290299892 0.529037468004 -4.835005 0.3422 -0.320618 
5.300169944 0.530020115669 -4.87027 0.344772 -0.318773 
5.310034036 0.531004801866 -4.899753 0.350059 -0.296874 
5.319942951 0.531995758975 -4.899657 0.326482 -0.313439 
5.330220937 0.533023625628 -4.942775 0.34779 -0.300481 
5.340077877 0.534009384893 -4.964192 0.333104 -0.286941 
5.349926948 0.534990100406 -4.986586 0.354074 -0.284888 
5.36025691 0.536018097109 -4.986433 0.328252 -0.280583 
5.370151043 0.537012801243 -5.015506 0.35886 -0.270085 
5.380023002 0.53800527612 -5.036924 0.338804 -0.257031 
5.390325069 0.539040991794 -5.045116 0.348741 -0.274919 
5.40013504 0.540040996502 -5.073728 0.34789 -0.253251 
5.410079956 0.541054324962 -5.081702 0.344166 -0.239185 
5.419943094 0.542038365197 -5.08914 0.338215 -0.23649 
5.430293083 0.543070978307 -5.132563 0.344795 -0.233741 
5.440098047 0.544049214551 -5.147576 0.343596 -0.241823 
5.450013876 0.545135278811 -5.162137 0.334117 -0.219296 
5.46032691 0.546221212521 -5.163332 0.350271 -0.217735 
5.470134973 0.54717476449 -5.192208 0.340342 -0.215887 
5.480062961 0.548139975716 -5.2 0.352305 -0.213764 
5.489937067 0.549099948468 -5.250258 0.336877 -0.198997 
5.500247955 0.550102488944 -5.285755 0.339439 -0.195321 
5.510139942 0.551077175912 -5.272032 0.338857 -0.210022 
5.519999027 0.552077596243 -5.357724 0.349974 -0.208298 
5.530283928 0.553121224944 -5.379829 0.352464 -0.214059 
5.54015994 0.55412336289 -5.372967 0.340464 -0.208858 
5.550036907 0.555094400667 -5.408774 0.342573 -0.205429 
5.559911012 0.556063125888 -5.423908 0.350274 -0.203119 
5.570244073 0.557111617803 -5.452413 0.356362 -0.18978 
5.580120086 0.558113733225 -5.474691 0.351347 -0.195597 
5.589973926 0.559113598761 -5.482375 0.370249 -0.201803 
5.600328922 0.560109315075 -5.525377 0.360202 -0.197201 
5.61019206 0.56105535493 -5.567695 0.356999 -0.183233 
5.620068073 0.562030655845 -5.575846 0.352824 -0.198909 
5.629905939 0.563002189571 -5.632964 0.35084 -0.20355 
5.640256881 0.56402439187 -5.662072 0.356017 -0.219284 
5.650136947 0.565057867972 -5.67642 0.355047 -0.213902 
5.659975052 0.566106360854 -5.719705 0.359945 -0.210477 
5.670302868 0.567123920887 -5.755263 0.354888 -0.185501 
5.680192947 0.568098352374 -5.805465 0.355984 -0.182557 
5.690062046 0.569070716783 -5.827678 0.349684 -0.21915 
5.699919939 0.570027353213 -5.827898 0.36652 -0.203878 
5.71024394 0.571037463829 -5.878313 0.374944 -0.210306 
5.720079898 0.572030940735 -5.900084 0.361928 -0.224191 
5.729992866 0.573032196003 -5.994055 0.368987 -0.230919 
5.740336895 0.574076990412 -6.001222 0.363929 -0.224984 
5.750139951 0.575141113051 -6.008411 0.358706 -0.259803 
5.760066032 0.576181366041 -6.094603 0.386608 -0.246842 
5.769907951 0.577168080288 -6.124 0.384276 -0.261717 
5.780217886 0.57820171608 -6.167053 0.372939 -0.286975 
5.790093898 0.579191848365 -6.217097 0.382264 -0.2625 
5.800004005 0.580114699364 -6.238726 0.384652 -0.27823 
5.810312986 0.581099077503 -6.282324 0.398723 -0.272678 
5.820172071 0.582070136833 -6.318147 0.382738 -0.306685 
5.830049038 0.583042957429 -6.389913 0.386788 -0.311086 
5.84028387 0.584051025531 -6.454266 0.387481 -0.323869 
5.85018301 0.585026030031 -6.497666 0.393097 -0.326632 
5.860027074 0.586011689118 -6.562759 0.394561 -0.369164 
5.86995387 0.58705092193 -6.584635 0.397664 -0.361588 
5.88026309 0.588130190577 -6.656493 0.400142 -0.385754 
5.89004898 0.589154671989 -6.706816 0.393893 -0.39927 
5.900017976 0.590198322705 -6.764527 0.4064 -0.405335 
5.909954071 0.591204315441 -6.786612 0.401834 -0.40999 
5.920186996 0.592209973747 -6.801411 0.409144 -0.435217 
5.930069923 0.593181235397 -6.866181 0.401723 -0.432814 
5.939914941 0.594148771475 -6.923894 0.413507 -0.431775 
5.950227022 0.595162208973 -6.938262 0.414222 -0.427985 
5.960093021 0.596132336314 -6.960526 0.408483 -0.455277 
5.969944954 0.597102915807 -6.968834 0.420267 -0.433088 
5.980258941 0.598119015314 -7.019027 0.429543 -0.442143 
5.990128994 0.599091379929 -7.041692 0.42363 -0.450284 
5.999989032 0.6000627579 -7.084937 0.42881 -0.456955 
6.009859085 0.601044999501 -7.142917 0.441144 -0.473364 
6.020197868 0.602112586315 -7.186496 0.431193 -0.486455 
6.030066967 0.603131673374 -7.272318 0.441178 -0.501502 
6.039912939 0.604148372329 -7.322423 0.433812 -0.534536 
6.05023694 0.605214432748 -7.394792 0.453918 -0.548261 
6.060112953 0.606183620561 -7.488256 0.452975 -0.563056 
6.069985866 0.607134688739 -7.54585 0.465486 -0.570037 
6.079849958 0.608084907181 -7.589288 0.470939 -0.584974 
6.090158939 0.609077982252 -7.640357 0.479014 -0.611174 
6.100059986 0.610031760608 -7.698149 0.483737 -0.636693 
6.109895944 0.610982709154 -7.762842 0.491875 -0.651625 
6.120246887 0.612029348923 -7.842367 0.499385 -0.667169 
6.130141973 0.613029894529 -7.943153 0.501519 -0.692981 
6.140008926 0.614027595454 -8.014899 0.512906 -0.708585 
6.149893045 0.615027032127 -8.094211 0.528203 -0.73417 
6.160170078 0.616062631399 -8.131162 0.528938 -0.758229 
6.170046091 0.617046479991 -8.217117 0.5317 -0.783429 
6.179922104 0.618030328583 -8.296651 0.555168 -0.819181 
6.190243005 0.619058496926 -8.376338 0.55433 -0.833986 
6.200123071 0.620042749278 -8.440853 0.561069 -0.858338 
6.209970951 0.621026413884 -8.527528 0.564045 -0.865429 
6.219871997 0.622023572478 -8.563929 0.573424 -0.903072 
6.230197906 0.623063520064 -8.629384 0.590518 -0.902594 
6.240061998 0.62405695693 -8.694723 0.590651 -0.92278 
6.249980926 0.625055916463 -8.737929 0.595391 -0.932444 
6.260263919 0.626091541875 -8.739383 0.61053 -0.94043 
6.270148992 0.627081955714 -8.825973 0.604443 -0.970088 
6.280024051 0.628068603253 -8.847988 0.622899 -0.968394 
6.289880037 0.629053345151 -8.899817 0.640652 -0.986287 
6.300220012 0.63008644388 -8.992985 0.637711 -1.026586 
6.310111045 0.631080359729 -9.030115 0.639124 -1.034121 
6.319931984 0.63207606857 -9.108951 0.653597 -1.062573 
6.330254078 0.63312258767 -9.174381 0.65473 -1.070465 
6.340133905 0.634124266948 -9.225475 0.678766 -1.088294 
6.350007057 0.635125269473 -9.276508 0.696028 -1.115114 
6.360332965 0.636161065081 -9.341405 0.694814 -1.112105 
6.370199918 0.637124039177 -9.378449 0.704852 -1.129562 
6.38004589 0.638084965614 -9.436627 0.725642 -1.137656 
6.389910936 0.639047753595 -9.52993 0.715359 -1.165837 
6.400249004 0.640056706581 -9.54513 0.722495 -1.171912 
6.410142898 0.641035225514 -9.610112 0.737517 -1.198294 
6.420011997 0.64206664449 -9.682361 0.733607 -1.202998 
6.430265903 0.643138279624 -9.747521 0.750028 -1.219959 
6.440170049 0.64417336136 -9.790699 0.761866 -1.224863 
6.450047969 0.645205702218 -9.855981 0.770221 -1.251182 
6.459951877 0.646207513984 -9.935191 0.785525 -1.249103 
6.470230102 0.647208174603 -9.972137 0.794322 -1.26289 
6.480138063 0.647208174603 -10.036725 0.803307 -1.279533 
