0.0 0.000697524496019 -0.0119 -0.022153 0.015379 
0.009884119 0.00168648812532 -0.018371 -0.027183 0.01582 
0.01978612 0.00269178346284 -0.032593 -0.02069 0.015391 
0.029546023 0.00368331080659 -0.017751 -0.020905 0.016799 
0.039915085 0.00473672378643 -0.017472 -0.021576 0.027939 
0.049831152 0.00574411613173 -0.017604 -0.023429 0.018271 
0.059730053 0.00674746153035 -0.023907 -0.029015 0.008497 
0.070029021 0.0077497536928 -0.009912 -0.013062 0.00872 
0.079936028 0.00871390034026 -0.01702 -0.026338 0.019871 
0.089753151 0.00966929950654 -0.016574 -0.027565 0.020794 
0.099605084 0.0106280863705 -0.030797 -0.021072 0.020365 
0.109908104 0.0116307728723 -0.029879 -0.013497 0.020795 
0.119806052 0.0126606678455 -0.043793 -0.023517 0.000864 
0.129690171 0.0136971968133 -0.042881 -0.024004 -0.008979 
0.140002013 0.0147785802876 -0.049741 -0.020306 -0.008489 
0.149901152 0.0158166843746 -0.049437 -0.022544 -0.018029 
0.159757138 0.0168412874892 -0.063411 -0.023217 0.003089 
0.16960001 0.0178023684046 -0.056342 -0.004853 0.00252 
0.179911137 0.0188091708274 -0.049061 -0.025178 0.003884 
0.189803124 0.0197750474457 -0.056287 -0.014319 -0.016257 
0.199691058 0.0207405283196 -0.063329 -0.011913 -0.016134 
0.210000992 0.0217472142551 -0.055754 -0.016666 -0.005357 
0.219890118 0.0227747728336 -0.056012 -0.017681 -0.014905 
0.229732037 0.0237985833883 -0.069799 -0.011573 -0.015206 
0.239619971 0.0248271806766 -0.069748 -0.012134 -0.024507 
0.249932051 0.0258998999649 -0.055363 -0.004909 -0.024332 
0.259812117 0.0269114093654 -0.069175 -0.0142 -0.023704 
0.26967907 0.027843838942 -0.0907 -0.011686 -0.034042 
0.280012131 0.0288203158436 -0.075879 -0.004845 -0.03374 
0.28987813 0.029752655267 -0.097307 -0.009665 -0.033791 
0.299772025 0.0306876308695 -0.082922 -0.00244 -0.033617 
0.309585095 0.0316149684889 -0.089392 -0.007469 -0.033175 
0.319911004 0.0326453699281 -0.110937 0.0021 -0.04462 
0.329780102 0.0336315610329 -0.075316 -0.000698 -0.033247 
0.339688063 0.0346216356075 -0.096308 -0.005902 -0.033171 
0.349959135 0.0356479948395 -0.089412 0.004956 -0.033795 
0.359827042 0.036634066931 -0.096151 -0.000246 -0.043698 
0.369654179 0.0376225679597 -0.110952 0.005621 -0.054717 
0.379603148 0.0386242485751 -0.096384 0.014139 -0.054176 
0.389885188 0.0396594633952 -0.131985 0.000135 -0.044544 
0.399775982 0.0406552868439 -0.103513 0.007919 -0.044131 
0.409631014 0.0416475097082 -0.131828 0.005791 -0.05507 
0.419981003 0.0426792197438 -0.125048 0.016645 -0.054779 
0.429825068 0.0436589394532 -0.124901 0.008751 -0.053793 
0.439715147 0.0446432386552 -0.131519 0.011615 -0.054338 
0.449534178 0.0456204668834 -0.109963 0.015597 -0.054406 
0.459889174 0.0466510364369 -0.145078 0.000648 -0.053948 
0.469753027 0.047664802706 -0.131351 0.016429 -0.064069 
0.47962904 0.0486846759638 -0.124308 0.019393 -0.063707 
0.489513159 0.0497053863097 -0.152354 0.017438 -0.064303 
0.499850035 0.0507728518347 -0.138297 0.016871 -0.053171 
0.509720087 0.0517906351661 -0.15248 0.023646 -0.063697 
0.519569159 0.0527399027311 -0.159832 0.025598 -0.06382 
0.529875994 0.0537332901451 -0.159356 0.025495 -0.07379 
0.539772034 0.0546870845528 -0.173518 0.015468 -0.063311 
0.549663067 0.0556403963787 -0.180784 0.026045 -0.073355 
0.5599432 0.0566312102159 -0.173219 0.022135 -0.063374 
0.56983018 0.0576258190376 -0.187563 0.020562 -0.07316 
0.579765082 0.0586329996283 -0.194257 0.023703 -0.082887 
0.589577198 0.0596277324187 -0.187213 0.026667 -0.082525 
0.599920035 0.060682472199 -0.179901 0.029804 -0.071819 
0.60978818 0.061778946191 -0.186934 0.025997 -0.071385 
0.61965704 0.0626736881672 -0.222565 0.035007 -0.083068 
0.629951001 0.0636668919293 -0.21538 0.038982 -0.072243 
0.639888049 0.06465675616 -0.236803 0.025257 -0.081771 
0.649744034 0.0656385454208 -0.207713 0.033949 -0.080864 
0.659622193 0.0666225435115 -0.236052 0.033389 -0.071124 
0.669929028 0.0677394974415 -0.222098 0.032094 -0.080553 
0.679820061 0.0687402249178 -0.236392 0.03181 -0.060478 
0.689671994 0.0697135135401 -0.22909 0.035789 -0.050568 
0.699529171 0.0706873202259 -0.236985 0.046301 -0.061902 
0.709861994 0.0717081167602 -0.230185 0.034984 -0.041092 
0.719784022 0.0728197060634 -0.244996 0.041693 -0.052907 
0.729595185 0.0737906472147 -0.24558 0.049972 -0.054021 
0.739899159 0.0747897620066 -0.253489 0.046093 -0.024466 
0.749823094 0.0757520266875 -0.226422 0.047247 -0.015309 
0.759643078 0.0767042118609 -0.23522 0.036918 0.002923 
0.769935131 0.0777007296916 -0.243916 0.056826 0.009994 
0.779883147 0.0786782870752 -0.195091 0.050829 0.020069 
0.789720059 0.0796510890979 -0.216247 0.056045 -0.011809 
0.799615145 0.0806296441237 -0.188181 0.059968 -0.022902 
0.809919119 0.0816614325071 -0.223763 0.047933 -0.024958 
0.819814206 0.0828224410745 -0.203324 0.06254 -0.037041 
0.829681158 0.0837956489124 -0.161025 0.049382 -0.027011 
0.839987994 0.0847761635674 -0.190623 0.048691 -0.019849 
0.849906207 0.0857197075607 -0.156426 0.056066 -0.020737 
0.859795094 0.0866604616995 -0.178266 0.051914 -0.002433 
0.869600058 0.0877307762201 -0.171994 0.048433 -0.014309 
0.879947186 0.0887741446852 -0.172963 0.041419 -0.005438 
0.889811039 0.0897278776638 -0.151981 0.047466 -0.00631 
0.899732113 0.0906871433236 -0.14618 0.052149 0.002056 
0.910013199 0.0916812184354 -0.132277 0.046046 0.001442 
0.919898034 0.0926904873928 -0.147256 0.053312 -0.000157 
0.929767132 0.0936920217191 -0.146882 0.037365 -0.011274 
0.939630032 0.0946830235374 -0.16035 0.037714 -0.011018 
0.949939013 0.0957188465627 -0.139286 0.049695 -0.031599 
0.959836007 0.0967132740688 -0.167063 0.047912 -0.021851 
0.969712019 0.0976827442709 -0.160765 0.050806 -0.021863 
0.980022192 0.0986913412686 -0.145969 0.042248 -0.02063 
0.989880085 0.0996626667653 -0.174268 0.047339 -0.020502 
0.999794007 0.100639651315 -0.138662 0.042693 -0.019712 
1.009612084 0.101607190653 -0.181823 0.040661 -0.009788 
1.019977093 0.102631047047 -0.189605 0.051059 0.000235 
1.029833079 0.103610361164 -0.181943 0.054931 0.00109 
1.039703131 0.104599629805 -0.210111 0.044909 -0.008863 
1.049617053 0.105593295507 -0.159881 0.050911 -0.007046 
1.059871197 0.10662106143 -0.223837 0.044244 -0.018155 
1.069761038 0.107610889881 -0.230525 0.055447 -0.017609 
1.079617024 0.108598073885 -0.173653 0.041902 -0.016514 
1.089918137 0.109630843972 -0.230738 0.04766 -0.007568 
1.099811078 0.110622691506 -0.17417 0.041723 0.003552 
1.109712124 0.111615351632 -0.180817 0.047838 -0.006484 
1.119567156 0.112650043211 -0.230692 0.050633 -0.007879 
1.129860163 0.113695881783 -0.158755 0.038448 -0.015106 
1.139742136 0.114677018236 -0.222407 0.041139 -0.016492 
1.149568081 0.115652591922 -0.208315 0.049759 -0.005981 
1.159906149 0.116679011987 -0.207722 0.035268 -0.004558 
1.169718981 0.117793527305 -0.208279 0.044552 0.005707 
1.179694176 0.118790670324 -0.172227 0.043054 -0.012964 
1.189527035 0.119750047326 -0.21407 0.033656 -0.002349 
1.199820042 0.120754320264 -0.192838 0.047653 -0.001087 
1.209663153 0.121714697538 -0.184589 0.028972 -0.00908 
1.219581128 0.122675972534 -0.205535 0.032112 -0.008828 
1.229845047 0.123696572791 -0.183893 0.030325 -0.006509 
1.239740134 0.124698227872 -0.204697 0.034475 0.004206 
1.249653101 0.125701692902 -0.183547 0.030942 0.005912 
1.259564162 0.126704964991 -0.197446 0.022771 -0.003436 
1.269895077 0.127704323375 -0.226129 0.039281 0.006528 
1.279733181 0.128682285469 -0.182841 0.026081 0.008794 
1.289611102 0.129684473726 -0.211085 0.027933 0.008922 
1.299933196 0.130731726623 -0.218427 0.023672 0.00911 
1.3097682 0.131725096246 -0.196922 0.023567 0.010753 
1.319653035 0.132688903735 -0.210779 0.032644 0.011056 
1.329970122 0.133698998552 -0.1749 0.02364 -0.007671 
1.339822054 0.13466622948 -0.203057 0.024372 0.002435 
1.349720002 0.135637978111 -0.195654 0.021859 -0.006743 
1.3595891 0.136606894342 -0.194898 0.015716 -0.006059 
1.369959116 0.137715452635 -0.202098 0.012465 0.004591 
1.379811049 0.138730098944 -0.1803 0.010965 -0.004102 
1.389656067 0.139701173553 -0.208457 0.011696 0.006005 
1.399501086 0.14067224826 -0.215322 0.007333 -0.003778 
1.409861088 0.141694118905 -0.171852 -0.004575 -0.001146 
1.419753075 0.142645682567 -0.19963 -0.013579 -0.031046 
1.429591179 0.143621159631 -0.177562 -0.014907 -0.029396 
1.439929009 0.144664839446 -0.205283 -0.01456 -0.019162 
1.449790001 0.145660378964 -0.198442 -0.01048 -0.027862 
1.4596591 0.146656736944 -0.191414 -0.029128 -0.026259 
1.469518185 0.147730653221 -0.212218 -0.024978 -0.015545 
1.479871035 0.14879625906 -0.204379 -0.027876 -0.024595 
1.489710093 0.149793661598 -0.239493 -0.016113 -0.024287 
1.499570132 0.150793191017 -0.197223 -0.01528 -0.022776 
1.50989914 0.151817382681 -0.218099 -0.034873 -0.011306 
1.519808054 0.152704174993 -0.246311 -0.021157 -0.021099 
1.529652119 0.153651796968 -0.203186 -0.042705 -0.018093 
1.53955412 0.154630936661 -0.231388 -0.035201 -0.027575 
1.549867154 0.155650720534 -0.216809 -0.027527 -0.026238 
1.559718132 0.156624814918 -0.230708 -0.035697 -0.035587 
1.569588185 0.157600795496 -0.266394 -0.026245 -0.015697 
1.579916001 0.158655212855 -0.244509 -0.028865 -0.014413 
1.589779139 0.159688071908 -0.273021 -0.021816 -0.024142 
1.599632979 0.160719957281 -0.265425 -0.033624 -0.012259 
1.609565974 0.161760131696 -0.257788 -0.045151 -0.010473 
1.619861126 0.162838230871 -0.300051 -0.022807 -0.021124 
1.629706145 0.163814292127 -0.249949 -0.032933 -0.038937 
1.639602185 0.164786971061 -0.264359 -0.033222 -0.017946 
1.64992714 0.165801807927 -0.264501 -0.034232 -0.02841 
1.659813166 0.166773502588 -0.264455 -0.025889 -0.028234 
1.669672013 0.167742525833 -0.300147 -0.024498 -0.018617 
1.679553032 0.168714381353 -0.250404 -0.034517 -0.027375 
1.689860106 0.169728603788 -0.307013 -0.028861 -0.028399 
1.699717045 0.170698532662 -0.271923 -0.023942 -0.027441 
1.709560156 0.171667100851 -0.271827 -0.031275 -0.017154 
1.719912053 0.172685733897 -0.328491 -0.02775 -0.018664 
1.729832173 0.173688039715 -0.264135 -0.020908 -0.026706 
1.739653111 0.174699418903 -0.285254 -0.025274 -0.02651 
1.749583006 0.175722018693 -0.29256 -0.014978 -0.026457 
1.759859086 0.176780269284 -0.29217 -0.023706 -0.026506 
1.769716025 0.177795355925 -0.299831 -0.005242 -0.007126 
1.779580117 0.178759280984 -0.292935 -0.01135 -0.0275 
1.789880038 0.179754544431 -0.328759 -0.017182 -0.028036 
1.799803973 0.180713477005 -0.293234 -0.012647 -0.026951 
1.809625149 0.181662480155 -0.292844 -0.021375 -0.026999 
1.81954813 0.182621320545 -0.335853 -0.008845 -0.018125 
1.829850197 0.183632268626 -0.285598 -0.004411 -0.036988 
1.839755059 0.184632697907 -0.342871 -0.008007 -0.038681 
1.84958005 0.185625059908 -0.300105 0.017027 -0.038594 
1.859947205 0.186672182565 -0.321453 0.003026 -0.03894 
1.869759083 0.187663220103 -0.343064 -0.003086 -0.039357 
1.879626036 0.188652162225 -0.321939 0.009341 -0.029281 
1.889594078 0.189643390789 -0.336334 0.008329 -0.029766 
1.899852992 0.190663543854 -0.315185 0.019189 -0.040368 
1.90971613 0.191644340697 -0.328987 0.010906 0.000218 
1.91956997 0.19262421294 -0.351055 0.005014 -0.04108 
1.929865122 0.193654468623 -0.315099 0.018069 -0.030391 
1.939810992 0.194655440562 -0.35793 0.023829 -0.031423 
1.949668169 0.195647486262 -0.322598 0.027915 -0.031501 
1.960046053 0.19669193694 -0.35789 0.014365 -0.021622 
1.969869137 0.197680551454 -0.336471 0.025398 -0.021881 
1.979729176 0.198672794931 -0.314901 0.014262 -0.031116 
1.989547015 0.199653960065 -0.364639 0.015376 -0.031834 
1.999888182 0.200687425016 -0.336923 0.023934 -0.032591 
2.009752989 0.20167328399 -0.364867 0.022707 -0.012627 
2.019644022 0.202661763911 -0.378796 0.027805 -0.023392 
2.029965163 0.203703617318 -0.357414 0.024281 -0.023516 
2.039834977 0.20470682575 -0.371328 0.031227 -0.023699 
2.049654007 0.205704872287 -0.343023 0.039568 -0.013069 
2.059552193 0.206710964565 -0.378771 0.033459 -0.004424 
2.069854021 0.207758084674 -0.36434 0.032061 -0.023822 
2.079715014 0.20873346918 -0.371876 0.027351 -0.024797 
2.089615107 0.209698724502 -0.400352 0.033841 -0.015248 
2.09999013 0.21071028532 -0.350624 0.03894 -0.01484 
2.10986209 0.211672797686 -0.393136 0.029195 0.004583 
2.119742156 0.212636100383 -0.39981 0.039674 -0.016347 
2.129574061 0.213628733864 -0.39304 0.051371 -0.016852 
2.139876128 0.214707528355 -0.385571 0.054794 -0.017158 
2.149742127 0.215740659412 -0.371232 0.053676 -0.017159 
2.159620047 0.216775038792 -0.385121 0.029547 -0.006299 
2.169916153 0.217853209068 -0.384801 0.043551 -0.017566 
2.179812193 0.218839259155 -0.363636 0.05626 -0.017586 
2.189733983 0.219805194954 -0.384715 0.042431 -0.007588 
2.199563981 0.220762194343 -0.412801 0.040194 0.001913 
2.209905148 0.221768958586 -0.441197 0.047248 -0.008732 
2.219804049 0.222732666027 -0.427085 0.063206 -0.009424 
2.229593993 0.223723692805 -0.398087 0.055211 -0.008869 
2.239955187 0.224802505212 -0.426558 0.052797 -0.008796 
2.249801159 0.225827672461 -0.397692 0.037578 -0.018394 
2.259736062 0.226862099248 -0.432644 0.030978 -0.018676 
2.269544125 0.227883319394 -0.439646 0.050631 -0.0089 
2.279874087 0.228880715154 -0.43244 0.061944 -0.009278 
2.289734126 0.229813368471 -0.424991 0.058029 0.001619 
2.299614191 0.230747916031 -0.446293 0.052371 0.001448 
2.309955121 0.231726056449 -0.43885 0.040394 0.002072 
2.319807053 0.232657942932 -0.467037 0.054395 0.010762 
2.329760075 0.233631732786 -0.416727 0.051215 0.012283 
2.339600087 0.234616789141 -0.459437 0.048075 0.000859 
2.349887133 0.235646596831 -0.438231 0.061066 -0.009258 
2.359775067 0.236636450525 -0.452495 0.067277 0.00041 
2.369610072 0.237621005643 -0.452541 0.058933 0.000234 
2.379947186 0.238655587573 -0.473184 0.044719 0.010359 
2.389854193 0.239646940818 -0.473178 0.052781 0.020631 
2.399770976 0.240639272306 -0.46614 0.047684 0.010721 
2.409576178 0.241620438346 -0.466094 0.056027 0.010896 
2.41990304 0.242653804745 -0.494967 0.077577 -0.002088 
2.429751158 0.243636839978 -0.473311 0.065321 -0.001345 
2.439643145 0.244622473188 -0.501087 0.063538 0.008402 
2.449954987 0.245649940565 -0.472748 0.064098 -0.001338 
2.459814072 0.246632295434 -0.465092 0.059909 -0.010755 
2.469695092 0.247616835897 -0.522243 0.064379 -0.003091 
2.479551077 0.248613537698 -0.494111 0.065214 0.007482 
2.489844084 0.24967987546 -0.501427 0.076353 0.006739 
2.499747992 0.250705903237 -0.515488 0.091193 0.00557 
2.509621144 0.251728744745 -0.507822 0.071046 0.016362 
2.519936085 0.252797354832 -0.521878 0.076982 0.005717 
2.529793978 0.253774405971 -0.514971 0.081627 0.005402 
2.539664984 0.254727323545 -0.48614 0.074189 0.016174 
2.549502135 0.255676972859 -0.514759 0.079669 0.01526 
2.559914113 0.256682114263 -0.543367 0.078936 0.014657 
2.569795132 0.257635998463 -0.529068 0.087282 0.004854 
2.579652071 0.258604372715 -0.536283 0.082182 0.004922 
2.589526177 0.259600041361 -0.564725 0.080893 -0.005898 
2.59987402 0.260643479908 -0.536547 0.090072 0.004851 
2.609740019 0.261638331073 -0.542901 0.085046 0.004377 
2.619579077 0.26269715704 -0.564506 0.086996 0.014232 
2.629883051 0.263720095323 -0.564734 0.104072 0.013541 
2.639774085 0.264635553816 -0.557387 0.099428 0.003877 
2.64962101 0.265618161743 -0.56438 0.086158 0.014112 
2.659934998 0.266647377094 -0.570931 0.09031 0.014849 
2.669873 0.26763907344 -0.571067 0.097361 0.014658 
2.679730177 0.268659645182 -0.571108 0.097079 0.024755 
2.689576149 0.269700922189 -0.599427 0.103856 0.023292 
2.69987917 0.270727844358 -0.570464 0.103641 0.044217 
2.709740162 0.271710708636 -0.598931 0.086952 0.034327 
2.719603062 0.272693763088 -0.598368 0.08573 0.034335 
2.729902029 0.273775420811 -0.584505 0.09446 0.024405 
2.739835978 0.27480656697 -0.583901 0.110485 0.034065 
2.749683142 0.275763686785 -0.569997 0.109751 0.033937 
2.759497166 0.276717585474 -0.597831 0.100467 0.042713 
2.769862175 0.277725038533 -0.590844 0.095931 0.042103 
2.779757977 0.278680617329 -0.562515 0.097335 0.031567 
2.789622069 0.279634946277 -0.562323 0.097062 0.039833 
2.799956084 0.28066491096 -0.541021 0.10272 0.040004 
2.809813023 0.281647326705 -0.541031 0.103563 0.039208 
2.819712162 0.282633948416 -0.548359 0.115544 0.037669 
2.829532147 0.283722189343 -0.541362 0.104795 0.037369 
2.839826107 0.284824720625 -0.548426 0.108886 0.035901 
2.849723101 0.285762200048 -0.526419 0.114332 0.046542 
2.859588147 0.286696653239 -0.518524 0.10382 0.057876 
2.86995411 0.287678555118 -0.518159 0.09666 0.078507 
2.879808188 0.288694302824 -0.482472 0.104173 0.078366 
2.889679194 0.28974134982 -0.497695 0.114075 0.02536 
2.89953518 0.290696045704 -0.519129 0.135078 -0.03707 
2.9098382 0.291694043346 -0.549543 0.135436 -0.068839 
2.919752121 0.292654351079 -0.581641 0.125459 -0.082619 
2.929618121 0.293638595007 -0.570764 0.13307 -0.064669 
2.939926148 0.294704601048 -0.622494 0.133142 -0.067543 
2.949800015 0.295695404655 -0.624055 0.141341 -0.0672 
2.959698201 0.296688648577 -0.65962 0.15164 -0.077601 
2.969557047 0.297677944885 -0.68866 0.142387 -0.087808 
2.979891062 0.298700940413 -0.674528 0.134322 -0.107143 
2.989734173 0.299659578553 -0.718033 0.149362 -0.096995 
2.999615193 0.300629380383 -0.746241 0.139058 -0.096851 
3.009941102 0.30164853132 -0.74625 0.140623 -0.104751 
3.019821167 0.302623678156 -0.788721 0.146276 -0.114838 
3.02968812 0.303598856905 -0.802296 0.128811 -0.13262 
3.039519072 0.304571550018 -0.858746 0.135475 -0.15176 
3.049860001 0.305609110805 -0.865206 0.139348 -0.170422 
3.059790135 0.306605921999 -0.871584 0.136611 -0.15732 
3.06961298 0.30759196326 -0.892595 0.139185 -0.165453 
3.079951048 0.308636117575 -0.906164 0.129782 -0.172963 
3.089807034 0.309636171921 -0.941059 0.140427 -0.192172 
3.099667073 0.310618585681 -0.947676 0.144013 -0.199821 
3.109527111 0.311600999343 -0.98965 0.142508 -0.218771 
3.119868041 0.312631327106 -1.010278 0.128292 -0.237226 
3.12974 0.313637526783 -0.973987 0.125841 -0.234661 
3.139614106 0.314661719363 -1.009283 0.136311 -0.234718 
3.149888993 0.315687743572 -1.030614 0.129528 -0.223996 
3.159793139 0.316676746524 -1.023221 0.133228 -0.233484 
3.169658184 0.317661844949 -1.015666 0.145277 -0.243712 
3.17957306 0.31872172749 -1.050974 0.129878 -0.244416 
3.189857006 0.319819227572 -1.079466 0.13452 -0.24545 
3.199702025 0.320781013189 -1.051527 0.134906 -0.236038 
3.209625006 0.321750415116 -1.016058 0.131941 -0.235925 
3.219926119 0.322756757747 -1.066308 0.132995 -0.238848 
3.229801178 0.323707785585 -1.052243 0.140609 -0.239716 
3.239668131 0.32466119859 -1.051954 0.148119 -0.240575 
3.249554158 0.325666683463 -1.044678 0.151092 -0.242044 
3.259855032 0.326714361461 -1.045008 0.157694 -0.243397 
3.269714117 0.327717106125 -1.087592 0.138601 -0.235528 
3.279554129 0.328687418165 -1.087882 0.145484 -0.246978 
3.289906025 0.329692090355 -1.066174 0.173772 -0.267995 
3.299787045 0.330697901779 -1.101467 0.174616 -0.270426 
3.309625149 0.331699344687 -1.13604 0.16013 -0.271552 
3.319544077 0.332709014853 -1.12208 0.17592 -0.283503 
3.32983017 0.333709263985 -1.085695 0.163564 -0.302709 
3.33971119 0.334656075342 -1.134444 0.163914 -0.304088 
3.349548102 0.335627799654 -1.141042 0.174116 -0.315836 
3.359882117 0.336648629525 -1.183108 0.187283 -0.327698 
3.369741202 0.337622544163 -1.196465 0.184945 -0.338145 
3.379616023 0.338639659976 -1.17417 0.180934 -0.348113 
3.389489174 0.339702622599 -1.208661 0.189348 -0.349198 
3.399855137 0.340716920698 -1.187375 0.193158 -0.35961 
3.409715176 0.341681714689 -1.214011 0.173812 -0.359014 
3.419543028 0.342643359217 -1.248944 0.174548 -0.370498 
3.42987299 0.343651981427 -1.212734 0.195673 -0.379947 
3.439755202 0.344621722086 -1.226247 0.193048 -0.379382 
3.449620009 0.345614638493 -1.254233 0.198712 -0.401278 
3.459516049 0.346610698576 -1.260475 0.193573 -0.380396 
3.469820023 0.347647818192 -1.267194 0.195708 -0.401501 
3.479710103 0.348707318977 -1.259618 0.190955 -0.390724 
3.489554167 0.349761640352 -1.244696 0.181559 -0.389612 
3.499880076 0.35080448397 -1.251865 0.184803 -0.389368 
3.509723187 0.351798568412 -1.265034 0.191819 -0.389177 
3.519602061 0.352796264663 -1.285996 0.19311 -0.399508 
3.529499054 0.35371672363 -1.249315 0.181931 -0.396991 
3.539807082 0.354680952873 -1.277263 0.204724 -0.386963 
3.54966116 0.355648938755 -1.276569 0.203504 -0.41645 
3.559514046 0.356616807544 -1.296547 0.198542 -0.405657 
3.569843054 0.357631446753 -1.296491 0.206042 -0.404685 
3.579707146 0.35860041633 -1.287506 0.193644 -0.412615 
3.589593172 0.35958121852 -1.308017 0.196399 -0.412236 
3.599496127 0.360622956839 -1.307043 0.194508 -0.430584 
3.609783173 0.361705099493 -1.34882 0.200791 -0.430996 
3.619657994 0.362743878264 -1.32698 0.204943 -0.4493 
3.629511118 0.363780374625 -1.354154 0.202219 -0.449642 
3.639842987 0.364833442435 -1.353485 0.202566 -0.458449 
3.64970398 0.365802999808 -1.338567 0.202074 -0.44786 
3.659579993 0.366774033985 -1.373559 0.204936 -0.457943 
3.66951418 0.367750787975 -1.380333 0.207514 -0.447476 
3.679788113 0.368760946637 -1.393629 0.198402 -0.466914 
3.689697981 0.369735390583 -1.407806 0.213238 -0.467167 
3.699535132 0.370703125371 -1.414058 0.207091 -0.486243 
3.709854126 0.371718261711 -1.441922 0.206428 -0.486473 
3.719735146 0.372690312134 -1.426913 0.205657 -0.495282 
3.729593993 0.373660181276 -1.426385 0.221959 -0.494803 
3.739892006 0.374678782647 -1.475808 0.214623 -0.504751 
3.749814988 0.375698751606 -1.461027 0.230927 -0.514251 
3.759705067 0.376715338513 -1.510765 0.232042 -0.514969 
3.769479037 0.377719990744 -1.503088 0.220797 -0.52328 
3.779865027 0.378787551625 -1.509735 0.222536 -0.512932 
3.789772988 0.379769456746 -1.545163 0.225783 -0.523143 
3.799606085 0.380719772292 -1.516646 0.224944 -0.542303 
3.809444189 0.381670571737 -1.522954 0.228262 -0.542602 
3.819831133 0.382674413594 -1.565507 0.233352 -0.532495 
3.829704047 0.383628577237 -1.550503 0.224519 -0.551576 
3.839468003 0.38457221068 -1.606939 0.237679 -0.552544 
3.849822998 0.385613596189 -1.549408 0.230694 -0.560566 
3.859714032 0.386611592928 -1.59883 0.240324 -0.550765 
3.869527102 0.387601723167 -1.555674 0.225271 -0.558167 
3.879491091 0.388607081002 -1.605406 0.234447 -0.548612 
3.889863015 0.389652791644 -1.604575 0.243141 -0.55816 
3.899744034 0.390640691484 -1.625309 0.227356 -0.567799 
3.909553051 0.391621392597 -1.646676 0.238099 -0.556606 
3.919901133 0.392655989186 -1.639227 0.234184 -0.54571 
3.929737091 0.393639383848 -1.588403 0.231064 -0.541983 
3.939642191 0.394630849307 -1.645453 0.229042 -0.553407 
3.949486018 0.39562417082 -1.637957 0.248586 -0.561748 
3.959822178 0.396667172703 -1.672453 0.234545 -0.560796 
3.969689131 0.397662827817 -1.657458 0.234498 -0.548129 
3.979528189 0.3986556681 -1.664101 0.237078 -0.567157 
3.989818097 0.399694002783 -1.691543 0.219789 -0.565533 
3.999768973 0.400687999189 -1.691577 0.242684 -0.564576 
4.009618044 0.401664589559 -1.733375 0.224663 -0.573534 
4.019488097 0.402643260412 -1.697084 0.222213 -0.570969 
4.029776097 0.403663373043 -1.70372 0.232855 -0.579724 
4.039693118 0.404652940351 -1.723977 0.21954 -0.567275 
4.049513102 0.405655343941 -1.752103 0.241881 -0.586989 
4.059862137 0.40671175196 -1.752042 0.235107 -0.59598 
4.06973219 0.40771926649 -1.808665 0.22989 -0.594792 
4.079590083 0.408725539752 -1.751088 0.240994 -0.622537 
4.089462996 0.409724096814 -1.827842 0.215532 -0.602402 
4.099814177 0.41072883446 -1.771704 0.242901 -0.620447 
4.109621048 0.411680738643 -1.813268 0.215867 -0.618441 
4.119507075 0.412640326104 -1.841379 0.230312 -0.607673 
4.129861117 0.413645341454 -1.812318 0.247624 -0.615773 
4.139816046 0.414619815956 -1.861938 0.23972 -0.604611 
4.149638176 0.415650126158 -1.819112 0.241014 -0.633264 
4.159516097 0.416686288658 -1.867861 0.226971 -0.622335 
4.169815064 0.417766617545 -1.854027 0.249691 -0.640784 
4.179764986 0.418810332721 -1.84525 0.220601 -0.64815 
4.189558983 0.419815002557 -1.937778 0.244723 -0.640248 
4.199848175 0.420815990496 -1.887569 0.226421 -0.646977 
4.209671021 0.421771609788 -1.93039 0.231338 -0.647214 
4.219583989 0.422735996632 -1.944369 0.237719 -0.655781 
4.229910136 0.423740579752 -1.900989 0.231461 -0.633266 
4.239812136 0.424714145337 -1.978539 0.231351 -0.643515 
4.249631167 0.425737407927 -1.957049 0.234766 -0.651969 
4.259505034 0.426766385097 -1.978112 0.237901 -0.650801 
4.269817114 0.427841029397 -2.026978 0.238247 -0.651265 
4.279731036 0.428874180785 -1.977351 0.228223 -0.659108 
4.289581061 0.429864758978 -2.040303 0.22801 -0.65981 
4.299496174 0.430799253398 -2.012297 0.244799 -0.66853 
4.309733153 0.431764083528 -2.032874 0.231873 -0.657124 
4.319660187 0.432699701497 -2.082818 0.248378 -0.656941 
4.329506159 0.433627679413 -2.045687 0.221697 -0.663464 
4.339822054 0.434610348553 -2.095884 0.239878 -0.663042 
4.349726201 0.435604511474 -2.066921 0.247558 -0.701179 
4.359584094 0.436594031491 -2.101066 0.241473 -0.670429 
4.369910002 0.437630530127 -2.115131 0.248974 -0.688974 
4.379812003 0.438624477636 -2.100142 0.240865 -0.68658 
4.389641047 0.439611339891 -2.142177 0.246134 -0.696539 
4.399518013 0.440604508544 -2.141721 0.244063 -0.69482 
4.409792185 0.441637617858 -2.162413 0.231133 -0.682499 
4.419769049 0.442640831656 -2.154711 0.235287 -0.69174 
4.42958498 0.443627862995 -2.154 0.241285 -0.710159 
4.439494133 0.44462426818 -2.203362 0.244141 -0.709348 
4.449777127 0.445644722538 -2.18852 0.259042 -0.727353 
4.459664107 0.446625343676 -2.194776 0.247405 -0.724643 
4.469506979 0.447601590045 -2.250923 0.242086 -0.733425 
4.47982502 0.44862496514 -2.200267 0.248546 -0.732277 
4.489729166 0.449607288854 -2.263336 0.248329 -0.732064 
4.499585152 0.450584835911 -2.227085 0.243745 -0.758564 
4.509495974 0.451620369475 -2.275915 0.238884 -0.747339 
4.519775153 0.452702343032 -2.276136 0.253147 -0.764124 
4.529668093 0.453743661553 -2.254347 0.25786 -0.773128 
4.539510012 0.454756022881 -2.338809 0.245042 -0.793335 
4.549854041 0.455754589119 -2.323749 0.260676 -0.791695 
4.559761048 0.456710967211 -2.358837 0.256479 -0.799757 
4.569586039 0.457659427846 -2.372091 0.269985 -0.809057 
4.579464198 0.458613021081 -2.343406 0.254196 -0.826124 
4.589792014 0.45961538706 -2.420677 0.253415 -0.825234 
4.599671126 0.460609996215 -2.392047 0.262208 -0.842937 
4.609510184 0.461600572813 -2.426537 0.256228 -0.831713 
4.619822026 0.462638748355 -2.419336 0.260201 -0.849467 
4.629702092 0.463638791293 -2.433406 0.266861 -0.838637 
4.639588118 0.464726603824 -2.475174 0.255335 -0.858002 
4.649515152 0.465607873378 -2.460448 0.255116 -0.855678 
4.659808159 0.466622337982 -2.495277 0.257303 -0.853707 
4.669692994 0.467614387134 -2.480931 0.264969 -0.850539 
4.679526091 0.468601243822 -2.480327 0.249634 -0.848319 
4.689841986 0.469650744462 -2.529521 0.257304 -0.857239 
4.699720145 0.470729350589 -2.507696 0.262179 -0.854068 
4.709617138 0.471707065892 -2.52778 0.256369 -0.841563 
4.71992898 0.472725763767 -2.499267 0.265157 -0.85835 
4.729818106 0.473702701897 -2.527195 0.263928 -0.866966 
4.739704133 0.474716900391 -2.576415 0.256198 -0.874955 
4.74951315 0.475794918439 -2.56138 0.256433 -0.872385 
4.759872199 0.476795988026 -2.618033 0.254467 -0.880688 
4.769687176 0.477744480014 -2.596015 0.274185 -0.888664 
4.779618979 0.478704261741 -2.616501 0.26098 -0.896656 
4.78993702 0.479700368366 -2.643972 0.25768 -0.903552 
4.799835206 0.480652854392 -2.636842 0.254877 -0.900802 
4.809678078 0.481636770399 -2.643808 0.257727 -0.8986 
4.819512129 0.482621514638 -2.700046 0.262432 -0.907883 
4.829886198 0.483660334212 -2.663997 0.260815 -0.904283 
4.839814187 0.484721271413 -2.67792 0.259581 -0.892466 
4.849661112 0.48581831284 -2.684203 0.262054 -0.920547 
4.859560013 0.486752278072 -2.711852 0.260154 -0.918023 
4.869821072 0.487720413055 -2.74699 0.271633 -0.936197 
4.879728079 0.488655143092 -2.724917 0.26677 -0.943537 
4.889583111 0.48964135238 -2.780597 0.247798 -0.950775 
4.899890185 0.490747573689 -2.724154 0.258536 -0.966051 
4.909771204 0.491724298477 -2.786908 0.266834 -0.955319 
4.919624091 0.492682582621 -2.800724 0.26717 -0.952317 
4.929957152 0.493687568115 -2.78581 0.259338 -0.959104 
4.939808131 0.494660737161 -2.849608 0.276015 -0.968094 
4.949704171 0.495692071388 -2.798855 0.258898 -0.983511 
4.959587098 0.496679122701 -2.848273 0.274739 -1.0026 
4.969875098 0.497702199863 -2.868478 0.260863 -0.999452 
4.979776144 0.498686796874 -2.847151 0.265676 -1.027064 
4.989682198 0.499669972996 -2.938721 0.256549 -1.016371 
4.999997139 0.500680217437 -2.917437 0.285101 -1.043823 
5.009842158 0.501647593801 -2.937659 0.264006 -1.051744 
5.019744158 0.502628348027 -2.95148 0.278616 -1.03878 
5.029561043 0.503600671945 -2.95076 0.278401 -1.056888 
5.039921046 0.504628826419 -2.978845 0.276886 -1.054491 
5.049782992 0.505613213326 -2.985461 0.280472 -1.06214 
5.059647084 0.506599028009 -3.02031 0.275322 -1.048965 
5.069972039 0.507631591873 -3.005178 0.283339 -1.05552 
5.079814196 0.50861587274 -2.997247 0.271139 -1.071174 
5.089729071 0.509605828441 -3.053707 0.284015 -1.090624 
5.099615097 0.51058770145 -3.010468 0.277468 -1.085676 
5.109932185 0.511621717266 -3.059582 0.271308 -1.10248 
5.119816065 0.512615390618 -3.080278 0.282397 -1.100095 
5.129671097 0.513606163743 -3.072346 0.287163 -1.096 
5.139953137 0.514644229768 -3.099114 0.276431 -1.132073 
5.149785996 0.515656756971 -3.105673 0.287518 -1.13875 
5.159739018 0.516651732888 -3.125727 0.266588 -1.163991 
5.169574023 0.517632966307 -3.168065 0.280186 -1.171028 
5.179913998 0.518664580326 -3.14514 0.276963 -1.18681 
5.189783097 0.519679131793 -3.151609 0.272655 -1.193472 
5.199643135 0.52079781843 -3.165262 0.296454 -1.210623 
5.210004092 0.521805123435 -3.178855 0.288618 -1.197453 
5.219865084 0.522763821228 -3.235331 0.285252 -1.215177 
5.229749203 0.523724767455 -3.206149 0.279271 -1.221359 
5.239603997 0.524682897959 -3.241428 0.297682 -1.217452 
5.249891997 0.525683272004 -3.262597 0.292749 -1.254221 
5.259787083 0.526683568177 -3.26899 0.288163 -1.251702 
5.269644022 0.52768377075 -3.297131 0.294263 -1.269689 
5.279499054 0.528683779815 -3.289199 0.299029 -1.265594 
5.289818049 0.529716187182 -3.36714 0.290681 -1.295543 
5.29974103 0.530680960591 -3.330736 0.303231 -1.291035 
5.309555054 0.531669190007 -3.352417 0.315203 -1.31026 
5.31988597 0.53271746427 -3.358947 0.28631 -1.315371 
5.329713107 0.533714620262 -3.373174 0.302429 -1.313427 
5.339644194 0.534695449159 -3.380186 0.296936 -1.311401 
5.34995699 0.53567529418 -3.386802 0.300522 -1.31905 
5.359834195 0.53664501372 -3.42226 0.302644 -1.318367 
5.369674206 0.537616759274 -3.422219 0.293902 -1.315669 
5.379572154 0.538594226369 -3.43635 0.300116 -1.335496 
5.38989997 0.539621822123 -3.442957 0.287744 -1.322936 
5.399795056 0.540725849207 -3.435932 0.315452 -1.311035 
5.409651995 0.541698085609 -3.456772 0.293449 -1.319448 
5.419994116 0.542717055059 -3.464514 0.289735 -1.307214 
5.429857016 0.543688808704 -3.464097 0.297129 -1.315296 
5.439725161 0.544655483455 -3.484486 0.291706 -1.332413 
5.449563981 0.545601887841 -3.520151 0.309218 -1.33083 
5.459915162 0.546643495612 -3.533623 0.292482 -1.328053 
5.469771147 0.547638995336 -3.540645 0.302947 -1.346236 
5.479660988 0.548637914671 -3.554623 0.294935 -1.342494 
5.489974976 0.549711317922 -3.560925 0.29007 -1.359373 
5.499849081 0.550791556467 -3.560619 0.305521 -1.356267 
5.509690047 0.551778175169 -3.58197 0.301146 -1.354241 
5.519598008 0.552771510542 -3.603155 0.296214 -1.36243 
5.529911042 0.553805457029 -3.603017 0.295255 -1.368858 
5.539806128 0.554756277773 -3.61741 0.311931 -1.356697 
5.549640179 0.55567122146 -3.645461 0.29289 -1.354771 
5.559977055 0.556689340268 -3.652681 0.280451 -1.372079 
5.569841147 0.557660892756 -3.645525 0.293046 -1.37026 
5.579727173 0.558634605609 -3.674228 0.300368 -1.388255 
5.589557171 0.559602800047 -3.709523 0.301815 -1.375517 
5.599909068 0.560622398332 -3.694823 0.286197 -1.372263 
5.609797001 0.561650164815 -3.702488 0.297321 -1.37026 
5.619630099 0.562679588416 -3.737374 0.292008 -1.36926 
5.629911185 0.563755911725 -3.744685 0.294963 -1.386583 
5.639847994 0.564796192794 -3.751823 0.290308 -1.384438 
5.649702073 0.565818758375 -3.751569 0.289354 -1.391781 
5.659545184 0.566786107039 -3.786925 0.292205 -1.370538 
5.669898034 0.567803551181 -3.794505 0.294988 -1.398205 
5.679800988 0.568776781019 -3.773232 0.285128 -1.374833 
5.689604998 0.569740286965 -3.80147 0.283445 -1.383694 
5.699943066 0.57075627838 -3.79474 0.295582 -1.381206 
5.709808112 0.571727762214 -3.822871 0.285723 -1.378985 
5.719738007 0.572706022262 -3.822961 0.286724 -1.36669 
5.729547024 0.573672373814 -3.837056 0.2931 -1.374343 
5.739887 0.574691033672 -3.844524 0.280654 -1.361241 
5.749722004 0.575659945376 -3.84396 0.280153 -1.368337 
5.759562016 0.57666784049 -3.858962 0.289708 -1.356359 
5.769927025 0.577738135411 -3.859407 0.297027 -1.3639 
5.779826165 0.578760324516 -3.852145 0.28448 -1.370747 
5.789671183 0.579776924961 -3.873857 0.280213 -1.359666 
5.799538136 0.580774599167 -3.888642 0.303043 -1.379515 
5.80985713 0.581768638801 -3.882111 0.291554 -1.369049 
5.819751025 0.582721728198 -3.910942 0.289247 -1.359921 
5.829612017 0.583671648013 -3.90511 0.286031 -1.349653 
5.840008021 0.584673106102 -3.912756 0.289378 -1.33944 
5.849827052 0.58561898377 -3.906488 0.285778 -1.329045 
5.859727145 0.586605582158 -3.914134 0.289124 -1.318832 
5.869548083 0.587598630258 -3.921517 0.284581 -1.308548 
5.879903079 0.588645679848 -3.921501 0.2918 -1.297479 
5.889764071 0.589642778025 -3.915349 0.288195 -1.286168 
5.899635077 0.590640888771 -3.922478 0.291721 -1.296022 
5.909965992 0.59167277751 -3.915982 0.288012 -1.265186 
5.919824124 0.592654844796 -3.93131 0.280148 -1.244625 
5.929700137 0.593638693388 -3.953631 0.283153 -1.246037 
5.939519167 0.594616865333 -3.932405 0.279343 -1.235149 
5.949903012 0.595651304158 -3.911832 0.29215 -1.224284 
5.959793091 0.596645892132 -3.934331 0.279588 -1.236023 
5.969619036 0.597635487119 -3.955891 0.289881 -1.225993 
5.979938984 0.598674834359 -3.942621 0.283594 -1.205624 
5.989814997 0.599669471818 -3.943522 0.283238 -1.194985 
5.999670029 0.600661996228 -3.943999 0.28334 -1.185016 
6.009561062 0.601656414924 -3.944738 0.291332 -1.175117 
6.019891024 0.602688513223 -3.959686 0.2907 -1.174813 
6.029754162 0.603673969699 -3.946142 0.27568 -1.153578 
6.039599181 0.60465761585 -3.953941 0.278859 -1.154624 
6.049918175 0.605688618302 -3.961394 0.282655 -1.143249 
6.059808016 0.606691292489 -3.969425 0.270709 -1.123051 
6.06973219 0.607697467946 -3.955409 0.279606 -1.121721 
6.079519988 0.608689816743 -3.948948 0.276456 -1.110164 
6.089851141 0.609737254302 -3.956624 0.288423 -1.108956 
6.099764109 0.610742293624 -3.978285 0.283594 -1.107176 
6.109586001 0.611705831306 -3.97195 0.281282 -1.095499 
6.119948149 0.612717134401 -3.965109 0.285361 -1.104199 
6.129783154 0.613676990503 -3.979474 0.27645 -1.102782 
6.139670134 0.614641919152 -3.987155 0.280356 -1.111847 
6.149507046 0.615601961371 -4.022837 0.280904 -1.101434 
6.159876109 0.61666876803 -4.023535 0.274784 -1.089323 
6.169610978 0.617686158636 -4.002096 0.278761 -1.088476 
6.179555178 0.618725426413 -4.045556 0.285178 -1.097902 
6.189886094 0.619805109858 -4.038172 0.280697 -1.095391 
6.199792147 0.620834546786 -4.03848 0.280965 -1.102741 
6.209638119 0.621793124404 -4.074268 0.275296 -1.091102 
6.219935179 0.622795618749 -4.081467 0.287161 -1.099865 
6.229811192 0.62375712108 -4.074063 0.275624 -1.096248 
6.239719153 0.624721733782 -4.102893 0.274039 -1.094224 
6.249607087 0.625684396709 -4.102765 0.273923 -1.101448 
6.259948016 0.626754222426 -4.124097 0.276886 -1.110624 
6.269783974 0.62778114265 -4.145722 0.271498 -1.089566 
6.279671193 0.628813414764 -4.117717 0.273171 -1.078873 
6.289963007 0.629887928497 -4.146847 0.279313 -1.089095 
6.299836159 0.63091507222 -4.13958 0.259712 -1.066256 
6.309705019 0.631848070669 -4.14004 0.276779 -1.065116 
6.319589138 0.632782511698 -4.147326 0.280018 -1.063957 
6.329912186 0.633758448915 -4.140678 0.269255 -1.06151 
6.339814187 0.634694580502 -4.169245 0.259781 -1.059416 
6.349636078 0.635623138518 -4.175764 0.27115 -1.07619 
6.359956027 0.636646915147 -4.197501 0.266598 -1.083591 
6.369825125 0.637629902039 -4.197809 0.266866 -1.090941 
6.379731179 0.63861656984 -4.205079 0.271954 -1.0792 
6.389582158 0.639597752034 -4.226212 0.266461 -1.09669 
6.399929047 0.640628328107 -4.219614 0.271375 -1.104355 
6.409775973 0.641617346729 -4.255286 0.26571 -1.093632 
6.419629097 0.642607994093 -4.248601 0.269503 -1.091319 
6.429960013 0.643646679356 -4.248484 0.27023 -1.099338 
6.439855099 0.64464154564 -4.291061 0.275035 -1.107714 
6.449712038 0.64563257657 -4.276796 0.274916 -1.124 
6.459577084 0.646615398522 -4.31199 0.269871 -1.13035 
6.469891072 0.647638506533 -4.361619 0.263531 -1.127088 
6.479788065 0.648620250241 -4.340139 0.268512 -1.143442 
6.489646197 0.649598139087 -4.396386 0.265036 -1.140725 
6.499538184 0.650579386219 -4.346297 0.270749 -1.156475 
6.509835005 0.651600791329 -4.424956 0.280304 -1.155671 
6.519704104 0.652621323729 -4.389045 0.285738 -1.152261 
6.529548169 0.653657076429 -4.382143 0.273298 -1.150053 
6.53987217 0.654743326054 -4.41828 0.276638 -1.148463 
6.549736023 0.655781160768 -4.418198 0.268178 -1.155861 
6.55962205 0.656737606581 -4.432197 0.267222 -1.153226 
6.569955111 0.657735687548 -4.454132 0.271125 -1.152313 
6.579818011 0.658688355181 -4.468515 0.269992 -1.159106 
6.589694024 0.659642289412 -4.503836 0.280178 -1.177645 
6.599552155 0.660594496403 -4.531997 0.27894 -1.18443 
6.60985899 0.661623365098 -4.531986 0.278819 -1.190737 
6.619760991 0.662620929275 -4.532137 0.286594 -1.169452 
6.629631997 0.663615370901 -4.525195 0.274436 -1.177341 
6.639944077 0.664654247951 -4.53932 0.274318 -1.174586 
6.64982009 0.665739323901 -4.581903 0.271061 -1.193234 
6.659735203 0.666661690297 -4.567734 0.280126 -1.180645 
6.669464112 0.667592423219 -4.58261 0.271876 -1.188537 
6.679785014 0.668622430531 -4.574755 0.276198 -1.186519 
6.689728022 0.669614724706 -4.589352 0.267277 -1.183271 
6.699658156 0.670605734079 -4.617964 0.281541 -1.181016 
6.70996809 0.671741711423 -4.624793 0.27734 -1.178624 
6.719866991 0.672722052378 -4.638918 0.277222 -1.175869 
6.729679108 0.67369379865 -4.625094 0.286392 -1.182805 
6.739570141 0.674673360395 -4.653494 0.276361 -1.190927 
6.749880076 0.675699241145 -4.682314 0.283678 -1.208006 
6.759803057 0.67680248535 -4.674468 0.279819 -1.19399 
6.769652129 0.677774261847 -4.759695 0.27471 -1.222781 
6.779960156 0.678777277869 -4.752802 0.278951 -1.247885 
6.7897892 0.679733686755 -4.794394 0.292618 -1.254549 
6.799692154 0.680697287407 -4.822453 0.290258 -1.279935 
6.809562207 0.681634750991 -4.835939 0.289362 -1.275094 
6.819933176 0.682650545388 -4.892171 0.285884 -1.300957 
6.829769135 0.683632697134 -4.870796 0.290017 -1.315599 
6.839624167 0.68461675338 -4.919706 0.283463 -1.330446 
6.849963189 0.685683574898 -4.92698 0.286581 -1.335595 
6.85986209 0.686803367026 -4.954298 0.293195 -1.35113 
6.86969018 0.687762014264 -4.982367 0.308644 -1.357563 
6.879564047 0.688703570276 -5.003413 0.302753 -1.37218 
6.889851094 0.689684526466 -5.052643 0.296588 -1.38807 
6.899749995 0.690648903102 -5.066133 0.302745 -1.412915 
6.909566164 0.691695217238 -5.073265 0.306874 -1.4076 
6.919898034 0.692734907885 -5.136115 0.291146 -1.414595 
6.929754019 0.693686903242 -5.10796 0.300762 -1.429432 
6.939604998 0.694638415067 -5.13646 0.307691 -1.445469 
6.949923039 0.695635040683 -5.157274 0.301809 -1.461917 
6.959801197 0.696667858836 -5.178422 0.297041 -1.457932 
6.969758988 0.697682735195 -5.242508 0.306208 -1.466063 
6.97954917 0.698663015561 -5.270816 0.312864 -1.473834 
6.989869118 0.699696340826 -5.250081 0.317775 -1.490561 
6.999760151 0.700686719294 -5.264029 0.316257 -1.497227 
7.009644986 0.701655840195 -5.278297 0.315128 -1.504935 
7.019541979 0.70262293771 -5.299907 0.309738 -1.512456 
7.029896021 0.703639695177 -5.306629 0.312477 -1.518393 
7.039751053 0.704607898285 -5.32085 0.319691 -1.525925 
7.049520016 0.705567645583 -5.342598 0.306237 -1.514224 
7.059843064 0.706594108343 -5.322167 0.30364 -1.501513 
7.069734097 0.707576625258 -5.337211 0.31034 -1.511497 
7.079627037 0.708552843969 -5.323651 0.311563 -1.491988 
7.089492083 0.709526310148 -5.324204 0.311942 -1.4912 
7.099786997 0.71054219498 -5.296868 0.313269 -1.471699 
7.109662056 0.711447894773 -5.233835 0.320545 -1.444439 
7.119606018 0.712274115635 -5.171514 0.304855 -1.41851 
7.129821063 0.713004994093 -5.080777 0.306416 -1.37339 
7.139672041 0.713709823843 -5.039713 0.29269 -1.340352 
7.149594069 0.714419737165 -4.985215 0.29614 -1.307099 
7.159435034 0.714948945039 -4.930059 0.30078 -1.283448 
