0.0 0.000759252665971 -0.033932 -0.043445 -0.017024 
0.00982213 0.00174279640462 -0.040619 -0.032242 -0.016478 
0.020174027 0.00277933739295 -0.025777 -0.032457 -0.01507 
0.030105114 0.003773000444 -0.047175 -0.030782 -0.025528 
0.039916992 0.00475473594082 -0.053741 -0.011512 -0.015625 
0.050243139 0.00578792704402 -0.060211 -0.016542 -0.015183 
0.060116053 0.00677576954786 -0.053052 -0.013573 -0.015737 
0.070010185 0.00776628365798 -0.038509 -0.020455 -0.014266 
0.079888105 0.00876980057607 -0.059076 -0.01983 -0.014372 
0.090206146 0.00981803023425 -0.037916 -0.015183 -0.024665 
0.100078106 0.0108209416645 -0.044493 -0.012037 -0.035307 
0.109905958 0.011819372078 -0.043616 -0.004744 -0.02478 
0.120234966 0.0128614106011 -0.043621 -0.012805 -0.035053 
0.130125999 0.0138240026642 -0.064588 -0.00261 -0.035907 
0.139976978 0.0147826966852 -0.050639 0.005 -0.03586 
0.150308132 0.0157881211785 -0.042754 0.000701 -0.024836 
0.160180092 0.0167488570635 -0.02809 -0.015081 -0.033757 
0.17009306 0.0177135838335 -0.041568 -0.008519 -0.033812 
0.179932117 0.0187437261224 -0.055624 -0.002583 -0.044457 
0.1902771 0.019828585031 -0.055653 -0.003707 -0.033564 
0.200114012 0.0208601634895 -0.055024 -0.003642 -0.032275 
0.210021019 0.0218990926788 -0.054421 -0.004583 -0.042364 
0.219900131 0.0229202756393 -0.060699 -0.009164 -0.040761 
0.230195999 0.0239255881378 -0.074182 -0.010663 -0.051088 
0.240051985 0.0248879495347 -0.073862 -0.011052 -0.050046 
0.249869108 0.0258465162579 -0.073426 -0.011436 -0.049919 
0.260197163 0.0268549715699 -0.080443 -0.008025 -0.038416 
0.270102978 0.0278259376184 -0.101268 -0.013785 -0.048556 
0.279986143 0.028854038809 -0.094088 -0.017872 -0.048004 
0.289870977 0.0298823136181 -0.086563 -0.006949 -0.047339 
0.300189018 0.0309556530025 -0.078927 -0.018476 -0.045553 
0.310091019 0.0319857136174 -0.107403 -0.011985 -0.036004 
0.319904089 0.0329830342273 -0.107706 -0.004378 -0.025978 
0.330234051 0.0339592182726 -0.107706 -0.004378 -0.025978 
0.340121985 0.0348936305591 -0.100313 -0.000678 -0.035466 
0.349967957 0.0358240774259 -0.093306 -0.01227 -0.03497 
0.359804153 0.0367536004582 -0.128917 -0.010315 -0.045546 
0.37015605 0.0377371325138 -0.121702 -0.005216 -0.045614 
0.380028963 0.0387237048408 -0.121266 -0.0056 -0.045487 
0.389878988 0.0397079900346 -0.113923 -0.001339 -0.045674 
0.400174141 0.0407367556129 -0.106576 -0.005982 -0.055338 
0.410078049 0.0417264251827 -0.128025 -0.003746 -0.056495 
0.419969082 0.0427148081901 -0.12049 0.000964 -0.05552 
0.429879189 0.0437122725692 -0.120094 0.000298 -0.045296 
0.440128088 0.0447441506922 -0.127143 -0.005358 -0.055445 
0.450070143 0.0457451351932 -0.105714 -0.000538 -0.055394 
0.459928036 0.0467376461083 -0.127254 0.017093 -0.056566 
0.470239162 0.0477757893608 -0.120607 0.005608 -0.047015 
0.480095148 0.0487568589329 -0.142177 0.016744 -0.03778 
0.489971161 0.0497397582317 -0.135109 0.012771 -0.058584 
0.500272036 0.0507649414524 -0.1348 0.013225 -0.058337 
0.510203123 0.0517533219304 -0.120202 0.013122 -0.04879 
0.52008009 0.052736316175 -0.127691 0.016755 -0.04959 
0.529926062 0.0537514439026 -0.135054 0.01955 -0.050508 
0.540261984 0.0548188109102 -0.128188 0.023913 -0.040726 
0.550096035 0.0558343508483 -0.128061 0.023075 -0.040845 
0.559987068 0.0568557751871 -0.121165 0.033934 -0.04147 
0.569859982 0.0578683047133 -0.121085 0.024752 -0.041765 
0.580172062 0.0588621976478 -0.142204 0.020386 -0.04157 
0.590062141 0.0598154175259 -0.120811 0.016019 -0.040898 
0.599887133 0.0607623642263 -0.120684 0.015181 -0.041018 
0.610219002 0.0617581644528 -0.120821 0.022232 -0.041208 
0.620109081 0.0627113843308 -0.134897 0.020831 -0.040651 
0.630057097 0.063716337232 -0.134501 0.020165 -0.030427 
0.639837027 0.0647078070698 -0.148268 0.019217 -0.029622 
0.650221109 0.0657605246349 -0.147477 0.010664 -0.048822 
0.660046101 0.0667716186508 -0.139506 0.01499 -0.04772 
0.66987896 0.067847554717 -0.159823 0.018194 -0.046179 
0.68019414 0.0687827614722 -0.180502 0.00454 -0.055333 
0.690112114 0.0697492796735 -0.157922 0.017665 -0.063787 
0.699970961 0.0707313540281 -0.170537 0.009908 -0.052074 
0.709858179 0.0717162545176 -0.155381 0.001243 -0.059896 
0.720187187 0.0727451632597 -0.197137 0.000471 -0.059202 
0.730076075 0.0738291934801 -0.218342 0.002595 -0.068498 
0.739912033 0.0748151023622 -0.195803 0.015439 -0.066855 
0.750241995 0.0758356162536 -0.229882 -0.006324 -0.054573 
0.760033131 0.0768028986406 -0.214954 0.002086 -0.063086 
0.769981146 0.0777856793614 -0.228142 0.001765 -0.051692 
0.779844999 0.0789021422991 -0.263297 -0.003721 -0.061035 
0.790102005 0.0799043647809 -0.213188 0.011181 -0.048826 
0.800018072 0.0808658665488 -0.248601 -0.010435 -0.048304 
0.809928179 0.081826790411 -0.249032 -0.001989 -0.038159 
0.820225954 0.0828252794034 -0.257129 0.01149 -0.019392 
0.830103159 0.0837814660038 -0.244158 0.012929 -0.01127 
0.839972019 0.0847529347969 -0.245482 0.006863 -0.022719 
0.849873066 0.085732079324 -0.238936 0.021361 -0.033878 
0.860170126 0.0867503867761 -0.239651 0.022416 -0.045145 
0.87005496 0.0877555093951 -0.2334 0.011597 -0.045818 
0.879897118 0.0889103077066 -0.241406 0.015051 -0.026551 
0.890230179 0.0899112331379 -0.228065 0.01554 -0.026686 
0.900077105 0.0908479954236 -0.22125 0.020465 -0.007603 
0.909945965 0.0917868443446 -0.207473 0.02057 -0.007611 
0.919898987 0.0927336998037 -0.207915 0.012892 -0.018011 
0.93019104 0.0938702102532 -0.265552 0.033423 -0.020586 
0.940037012 0.0948472215028 -0.216387 0.039744 -0.020185 
0.949917078 0.0958025221115 -0.230813 0.032237 -0.010263 
0.960246086 0.0968012307871 -0.238211 0.025845 -0.010562 
0.970133066 0.0977571999083 -0.20295 0.0329 -0.010033 
0.979948998 0.0987644029047 -0.245954 0.031155 -0.011122 
0.990282059 0.0998106746665 -0.224551 0.020575 -0.010141 
1.000174046 0.100804599081 -0.238713 0.020294 -0.01956 
1.010064125 0.101798331783 -0.231634 0.032445 -0.019818 
1.019909143 0.102787536859 -0.216995 0.01823 -0.008059 
1.030244112 0.103799944406 -0.281047 0.018896 -0.029456 
1.04008317 0.104762841148 -0.231157 0.017949 -0.017479 
1.049944162 0.10573460962 -0.266362 0.013024 -0.017522 
1.059877157 0.106713473751 -0.259015 0.008381 -0.027185 
1.070180178 0.107728802733 -0.251693 0.005305 -0.01617 
1.080075979 0.10870662889 -0.294692 0.011621 -0.006986 
1.089879036 0.109681716224 -0.266038 0.003731 -0.025956 
1.100227118 0.110718897489 -0.300848 -0.00186 -0.015774 
1.110119104 0.11171036456 -0.265596 0.011408 -0.015556 
1.119929075 0.112693611323 -0.286016 -0.001231 -0.015162 
1.130284071 0.113729847818 -0.314589 0.012592 -0.0159 
1.140120983 0.114715367849 -0.285528 0.014789 -0.004587 
1.150084972 0.115714338522 -0.299742 -0.001897 -0.024455 
1.159903049 0.116698680333 -0.320663 0.016642 -0.025133 
1.170222044 0.117733243235 -0.299113 -0.001832 -0.023165 
1.180094957 0.118776992826 -0.348902 -0.000157 -0.014582 
1.189975977 0.119773500691 -0.305983 0.008079 -0.022985 
1.199882031 0.120757028038 -0.312317 -0.004002 -0.022353 
1.210139036 0.121775399724 -0.362485 0.005558 -0.012926 
1.220009089 0.122755352694 -0.362009 0.005455 -0.022896 
1.229851961 0.123885516811 -0.355335 0.010092 -0.021379 
1.240144968 0.124899630205 -0.341248 0.01065 -0.021141 
1.250080109 0.125868986705 -0.341121 -0.004581 -0.008951 
1.259927034 0.126829736105 -0.397912 -0.000218 -0.010341 
1.270226955 0.127833891005 -0.355774 0.010357 0.000765 
1.280117989 0.128792552814 -0.412551 -0.000397 -0.009791 
1.290044069 0.129784132871 -0.390843 0.003752 0.001399 
1.29988718 0.130780526552 -0.362168 0.005772 0.003285 
1.310116053 0.131815969961 -0.419005 0.001792 0.001719 
1.320057154 0.132818930424 -0.418766 0.010584 0.003057 
1.329913139 0.133770353865 -0.439879 0.01428 0.013525 
1.339847088 0.134761408855 -0.419044 0.002232 0.004712 
1.350125074 0.135804186669 -0.418253 0.010645 0.005261 
1.35999608 0.136805673347 -0.439543 0.02111 0.025636 
1.369852066 0.137798207115 -0.41092 0.006725 0.017073 
1.380167007 0.138803951508 -0.467797 0.012209 0.005706 
1.390027046 0.139769969071 -0.432272 0.016744 0.006791 
1.399897099 0.140738979061 -0.417896 0.010419 0.018479 
1.409798145 0.141711031843 -0.481914 0.010525 0.01636 
1.420097113 0.142722151325 -0.453467 0.00291 0.017704 
1.430025101 0.143795980486 -0.474509 0.030349 0.027417 
1.439851999 0.144799825919 -0.481582 0.02626 0.037948 
1.450117111 0.14581233698 -0.474225 0.015403 0.028594 
1.460050106 0.1467920893 -0.502575 0.021056 0.038024 
1.469894171 0.147762470878 -0.45305 0.02727 0.02937 
1.479804993 0.148714652768 -0.495086 0.017423 0.038823 
1.490080118 0.149737755263 -0.495075 0.01658 0.039619 
1.499963045 0.15073550928 -0.466421 0.025656 0.040398 
1.509855032 0.151734177972 -0.502169 0.019546 0.049044 
1.520161152 0.152774656429 -0.466614 0.025207 0.039236 
1.530066967 0.153864339285 -0.509532 0.022341 0.048125 
1.539903164 0.154867025666 -0.47428 0.035609 0.048343 
1.549837112 0.155874047369 -0.487794 0.027615 0.048423 
1.560050011 0.156909346825 -0.502199 0.032815 0.047628 
1.570005178 0.157886472268 -0.473581 0.027335 0.048541 
1.579849005 0.158767439658 -0.516154 0.03411 0.057057 
1.590126991 0.159764605973 -0.495151 0.038471 0.057776 
1.600047112 0.160745537425 -0.502017 0.034107 0.047994 
1.609891176 0.161718948132 -0.530635 0.039588 0.04708 
1.619837999 0.162702519958 -0.494857 0.037076 0.04744 
1.630103111 0.16371756516 -0.558778 0.02985 0.055609 
1.639971972 0.164730812933 -0.502144 0.039594 0.055703 
1.64984417 0.165764620741 -0.516545 0.047486 0.064695 
1.660115004 0.166840173356 -0.531438 0.036665 0.053324 
1.670027018 0.167878150659 -0.496136 0.034257 0.063654 
1.679883957 0.168910360557 -0.546635 0.028083 0.051494 
1.690150976 0.169923471554 -0.525652 0.056466 0.070857 
1.69998312 0.170889870168 -0.525394 0.040515 0.060655 
1.709958077 0.171870305832 -0.532636 0.03441 0.049344 
1.719848156 0.172842398861 -0.504128 0.05138 0.049137 
1.73014307 0.173854283006 -0.561143 0.048799 0.056991 
1.740019083 0.174825772032 -0.539863 0.044546 0.036307 
1.749880075 0.175796099723 -0.525654 0.053171 0.045902 
1.760145187 0.176806193071 -0.547103 0.055407 0.044745 
1.770079136 0.177783699776 -0.511498 0.045391 0.045049 
1.779939175 0.178753933691 -0.55363 0.042877 0.044215 
1.789807081 0.179754037644 -0.52532 0.069024 0.045218 
1.800127029 0.180816805847 -0.531842 0.047589 0.035211 
1.810045958 0.181838276337 -0.574982 0.052895 0.033932 
1.819877148 0.182850711296 -0.532105 0.055479 0.03514 
1.829852104 0.183877951555 -0.566753 0.04127 0.024833 
1.840111017 0.184874931581 -0.559355 0.053032 0.025617 
1.850000143 0.185830500621 -0.545086 0.054883 0.026222 
1.859857082 0.186782959488 -0.565819 0.056064 0.036331 
1.870146036 0.187777163212 -0.530118 0.038715 0.046923 
1.879999161 0.188729253539 -0.57982 0.049015 0.045585 
1.889892101 0.189703765723 -0.565434 0.056241 0.045759 
1.900216103 0.19074652976 -0.55003 0.049433 0.046689 
1.910101175 0.191744960175 -0.599955 0.05816 0.055081 
1.919967175 0.192741464243 -0.556951 0.059905 0.05617 
1.929881096 0.193742808517 -0.57117 0.042378 0.065677 
1.940160036 0.194771487125 -0.514004 0.044405 0.076185 
1.950000048 0.195749984303 -0.549356 0.047375 0.075156 
1.959856987 0.196730164713 -0.584598 0.047657 0.063425 
1.970183134 0.197757003471 -0.541451 0.050413 0.074977 
1.980070114 0.198740171178 -0.598152 0.039381 0.073601 
1.989910126 0.19972602154 -0.540895 0.041129 0.064712 
1.999855995 0.200726993378 -0.569234 0.040568 0.074452 
2.010084152 0.201756375236 -0.576216 0.067559 0.073025 
2.019922018 0.20274647744 -0.532995 0.053072 0.074008 
2.029862165 0.203746873404 -0.596419 0.038687 0.073314 
2.040165186 0.20478292258 -0.560737 0.043509 0.063387 
2.050088167 0.205774595287 -0.567642 0.055829 0.08345 
2.059897184 0.206754878777 -0.546209 0.051745 0.074024 
2.069801092 0.207744645387 -0.56747 0.046368 0.063757 
2.080224991 0.208786378324 -0.574564 0.049335 0.073182 
2.090021133 0.20977699735 -0.567211 0.052753 0.07379 
2.099920988 0.210783259272 -0.581252 0.060538 0.073728 
2.110258102 0.211833965995 -0.581131 0.051638 0.063336 
2.120126009 0.212836980591 -0.559281 0.056798 0.084989 
2.130020142 0.213842660906 -0.587499 0.047337 0.084337 
2.139904022 0.214816828334 -0.566598 0.05097 0.064497 
2.150197029 0.215820392623 -0.580141 0.058817 0.095218 
2.160073042 0.216783300154 -0.566156 0.058647 0.074897 
2.169913054 0.217742697602 -0.573057 0.062063 0.085484 
2.180276155 0.218753096029 -0.594607 0.080537 0.083516 
2.19018817 0.219762778077 -0.587519 0.059763 0.083717 
2.200035095 0.220793911775 -0.601484 0.067271 0.092836 
2.209911108 0.221828091461 -0.595029 0.070452 0.081811 
2.220209122 0.222906461536 -0.573961 0.075379 0.090917 
2.230093002 0.223941465026 -0.616909 0.080412 0.097903 
2.239940167 0.224916552692 -0.567639 0.077835 0.116491 
2.250255108 0.225920763703 -0.561028 0.066187 0.113867 
2.260128021 0.226881941082 -0.533126 0.06641 0.111104 
2.270030022 0.227845950323 -0.512368 0.079907 0.107167 
2.279863119 0.228803251415 -0.52748 0.079227 0.102519 
2.290204048 0.229856552193 -0.492215 0.086401 0.080776 
2.30005908 0.230882662773 -0.512195 0.083241 0.039127 
2.309910059 0.231908351354 -0.484217 0.071318 -0.001692 
2.32023406 0.232983291208 -0.50629 0.06896 -0.034 
2.330120087 0.234012629003 -0.528855 0.081822 -0.047171 
2.339982033 0.234953918407 -0.558898 0.097474 -0.060345 
2.349847078 0.235887045237 -0.566592 0.09428 -0.102751 
2.36018014 0.236864441427 -0.588497 0.113701 -0.12504 
2.370069027 0.237799823454 -0.616772 0.106486 -0.146562 
2.379904985 0.238730198969 -0.62386 0.127259 -0.146763 
2.390221119 0.239744554136 -0.610007 0.136832 -0.157489 
2.400098085 0.240733309853 -0.645568 0.12311 -0.157954 
2.409973145 0.241721874766 -0.660547 0.130376 -0.159552 
2.419860125 0.242711632957 -0.676225 0.145916 -0.161349 
2.430180073 0.243744734376 -0.72031 0.142641 -0.174437 
2.440052032 0.244732719043 -0.721121 0.15825 -0.156343 
2.449903965 0.245718561261 -0.771528 0.159018 -0.148254 
2.460232973 0.246752142402 -0.764871 0.161084 -0.150216 
2.470122099 0.247741706369 -0.793936 0.167791 -0.152053 
2.479988098 0.248728956112 -0.822767 0.165484 -0.142926 
2.489814997 0.249709556928 -0.837472 0.164018 -0.143658 
2.500233173 0.250747619377 -0.872698 0.166149 -0.144806 
2.510120153 0.251732753692 -0.894766 0.167477 -0.146457 
2.519943953 0.252711592779 -0.901626 0.171175 -0.145967 
2.53027606 0.253741079351 -0.908674 0.165519 -0.156115 
2.540152073 0.254744792257 -0.944057 0.167364 -0.146252 
2.550076008 0.255772894796 -0.986574 0.164674 -0.156514 
2.559925079 0.256793241555 -0.986787 0.172002 -0.165886 
2.570232153 0.257861036634 -1.014919 0.161421 -0.156561 
2.580127001 0.25888612581 -1.028732 0.15213 -0.155932 
2.589972019 0.259855883415 -1.02825 0.160089 -0.155629 
2.600291967 0.260852140516 -1.041626 0.160159 -0.174772 
2.610146046 0.261803424008 -1.069835 0.173995 -0.206836 
2.620068073 0.262761266998 -1.09096 0.185706 -0.249121 
2.62987113 0.263707624979 -1.141286 0.187037 -0.261225 
2.640231133 0.26472991627 -1.134984 0.199796 -0.303407 
2.650122166 0.265727291772 -1.206709 0.197432 -0.326455 
2.659974098 0.266720724472 -1.222191 0.196574 -0.36911 
2.670295 0.267761446388 -1.286831 0.214422 -0.382144 
2.680159092 0.268839880638 -1.336996 0.224101 -0.394988 
2.690055132 0.269796015838 -1.373302 0.234449 -0.428035 
2.699871063 0.270711686204 -1.387993 0.242004 -0.470141 
2.710227966 0.27174518397 -1.431433 0.255036 -0.483665 
2.720147133 0.272735000803 -1.459865 0.261927 -0.506484 
2.729974985 0.273715705468 -1.480945 0.262491 -0.508796 
2.740275145 0.274791995135 -1.502795 0.257332 -0.53045 
2.750157118 0.275825206131 -1.530826 0.271619 -0.532772 
2.760034084 0.276809662568 -1.551814 0.28887 -0.534733 
2.769840956 0.2777871326 -1.593931 0.285632 -0.557043 
2.780117035 0.278811369408 -1.628858 0.29443 -0.558255 
2.790017128 0.279861521135 -1.607486 0.306864 -0.578588 
2.799875021 0.280875091603 -1.635176 0.303961 -0.558864 
2.810213089 0.281879926064 -1.634527 0.301618 -0.548879 
2.820137978 0.282844600555 -1.619615 0.293065 -0.548562 
2.829918146 0.283795208525 -1.654557 0.285621 -0.548048 
2.839869022 0.284755137132 -1.639461 0.300696 -0.52713 
2.850197077 0.285758630464 -1.62472 0.316719 -0.526533 
2.860071182 0.2867427571 -1.667091 0.320527 -0.548117 
2.86989212 0.287721584719 -1.673607 0.307154 -0.547852 
2.880241156 0.288753046506 -1.687333 0.296743 -0.537246 
2.890127182 0.289866783112 -1.708244 0.314439 -0.537128 
2.899976969 0.290902093083 -1.685999 0.301966 -0.525 
2.909883022 0.291840430607 -1.69295 0.321058 -0.524525 
2.920176983 0.292815512194 -1.720362 0.310263 -0.533308 
2.930098057 0.293755272562 -1.697716 0.305186 -0.500683 
2.939905167 0.294775839817 -1.682817 0.312472 -0.498303 
2.950314999 0.295867444828 -1.703135 0.305931 -0.476864 
2.960178137 0.296822833488 -1.67377 0.30589 -0.47509 
2.969978094 0.297772102147 -1.658908 0.288874 -0.452678 
2.9798491 0.298728252937 -1.672238 0.287542 -0.451746 
2.990224123 0.299771068663 -1.656914 0.295287 -0.450035 
3.000060082 0.300784867356 -1.670265 0.301011 -0.45021 
3.00991416 0.301773685215 -1.697703 0.306176 -0.450623 
3.020244122 0.302810256155 -1.704213 0.300864 -0.440084 
3.030176163 0.303806897293 -1.710704 0.30289 -0.440749 
3.040001154 0.304776521599 -1.710309 0.302224 -0.430525 
3.049839973 0.305734741734 -1.709559 0.293389 -0.439628 
3.060202122 0.306753038651 -1.730521 0.29468 -0.449959 
3.070067167 0.307726703037 -1.722864 0.29049 -0.459376 
3.079916954 0.308698861483 -1.750595 0.297051 -0.449453 
3.090219975 0.309717371101 -1.778463 0.310662 -0.43972 
3.100080967 0.310694318197 -1.770989 0.30518 -0.449504 
3.109938145 0.311683805889 -1.784943 0.311845 -0.439589 
3.119842052 0.312677984353 -1.806022 0.298016 -0.429591 
3.130172968 0.313715027026 -1.812796 0.300594 -0.419124 
3.140042067 0.314713067672 -1.798497 0.308939 -0.428927 
3.149866104 0.31570841103 -1.797832 0.308445 -0.408359 
3.160053968 0.316723487926 -1.839711 0.304254 -0.409433 
3.170022965 0.317716757814 -1.831963 0.307007 -0.3986 
3.179964066 0.318707248259 -1.831882 0.30757 -0.418794 
3.189831018 0.319717158226 -1.853063 0.300233 -0.389709 
3.200165987 0.320783329983 -1.866936 0.307461 -0.399988 
3.210106134 0.321775927903 -1.845025 0.310495 -0.379735 
3.219895124 0.322753431668 -1.851896 0.30529 -0.360143 
3.230226994 0.323785146056 -1.851649 0.295552 -0.370654 
3.240100145 0.324858300126 -1.83743 0.303334 -0.360263 
3.249947071 0.325893085726 -1.836163 0.301899 -0.349785 
3.259893179 0.326864746991 -1.885404 0.310249 -0.371676 
3.270150185 0.327866780694 -1.898401 0.292688 -0.371764 
3.280040979 0.328833038189 -1.89763 0.308157 -0.372321 
3.289891005 0.329779881847 -1.918436 0.309734 -0.393664 
3.300238133 0.33078690552 -1.917833 0.308793 -0.403754 
3.310112953 0.331791250554 -1.931413 0.314627 -0.424369 
3.319960117 0.332792782761 -1.923487 0.31061 -0.423443 
3.330310106 0.333845456132 -1.95853 0.319403 -0.423739 
3.340181112 0.334811534632 -1.965604 0.298348 -0.432957 
3.350095987 0.335779216697 -1.971268 0.293835 -0.401485 
3.359912157 0.336778426893 -1.992022 0.311817 -0.41238 
3.3702631 0.337832072845 -1.98401 0.30668 -0.401477 
3.380115986 0.338835020446 -1.997306 0.297568 -0.420915 
3.389979124 0.339786942285 -1.975319 0.301046 -0.398585 
3.400302172 0.340780240535 -1.974401 0.308621 -0.398155 
3.410197973 0.341757782106 -1.980907 0.294405 -0.397093 
3.420058012 0.342731790983 -1.9514 0.295375 -0.384856 
3.429905176 0.343704528023 -1.979552 0.292572 -0.383741 
3.440237999 0.344783290469 -1.993009 0.282333 -0.362791 
3.450118065 0.345829322446 -2.013519 0.285088 -0.362412 
3.459974051 0.346793719855 -2.013336 0.29175 -0.36156 
3.470324039 0.347806454818 -1.977375 0.295901 -0.360348 
3.480175972 0.348770455645 -2.033158 0.292444 -0.361293 
3.490069151 0.34973602816 -2.04016 0.295132 -0.371267 
3.499937058 0.350707056894 -2.039196 0.31105 -0.370661 
3.510261059 0.351746192275 -2.045246 0.303787 -0.380675 
3.520117998 0.352738316749 -2.073206 0.310457 -0.391193 
3.529935122 0.353726433748 -2.087414 0.301832 -0.400788 
3.540336132 0.35485553313 -2.121631 0.301513 -0.401006 
3.550204039 0.355894530159 -2.121559 0.310863 -0.389452 
3.560072184 0.356891142857 -2.121204 0.308064 -0.408293 
3.56991601 0.357885299509 -2.134381 0.306899 -0.396102 
3.58022213 0.358926144578 -2.148736 0.297145 -0.393889 
3.590131044 0.35983518011 -2.147807 0.303877 -0.392663 
3.59998107 0.360763462751 -2.126591 0.301632 -0.389675 
3.609923124 0.361740090692 -2.146837 0.301867 -0.388739 
3.620182991 0.362747938042 -2.161045 0.310209 -0.378585 
3.630098105 0.363721919613 -2.16755 0.305738 -0.397422 
3.639829159 0.3646778206 -2.166435 0.295112 -0.385408 
3.650238037 0.36571911046 -2.173021 0.290078 -0.384051 
3.660106182 0.366757186951 -2.172488 0.297476 -0.393049 
3.669965029 0.367794285342 -2.171935 0.288072 -0.381043 
3.679849148 0.368834042214 -2.157336 0.288691 -0.3786 
3.690174103 0.369920172693 -2.199239 0.301183 -0.378406 
3.700034142 0.370917716213 -2.241822 0.282811 -0.377641 
3.709887981 0.371886570187 -2.220164 0.302637 -0.376563 
3.720210075 0.372901464158 -2.262372 0.3004 -0.386578 
3.730056047 0.37386954463 -2.248099 0.293346 -0.39545 
3.739915133 0.374838914502 -2.311599 0.299002 -0.41715 
3.749835968 0.375814479381 -2.282873 0.285346 -0.405152 
3.760149002 0.376829029403 -2.317789 0.293301 -0.405569 
3.770034075 0.377801478542 -2.317707 0.301807 -0.393218 
3.779886007 0.378770667418 -2.339155 0.28965 -0.382066 
3.79015398 0.379780784541 -2.30292 0.285069 -0.379987 
3.800107956 0.380769433002 -2.32341 0.280768 -0.378502 
3.809959173 0.381782025341 -2.337744 0.295318 -0.367743 
3.819800139 0.382793563993 -2.344027 0.282675 -0.376412 
3.830181122 0.383860610212 -2.35081 0.301212 -0.386153 
3.840039015 0.384873888767 -2.356967 0.287731 -0.394942 
3.849878073 0.385843974164 -2.363284 0.282869 -0.383241 
3.860196114 0.38684115692 -2.341631 0.311599 -0.372686 
3.870095015 0.387797832066 -2.340993 0.278739 -0.370937 
3.879968166 0.388752018613 -2.383789 0.299056 -0.372104 
3.889868975 0.389708878157 -2.390528 0.293854 -0.382006 
3.900182962 0.390708119817 -2.389823 0.293641 -0.371535 
3.910073042 0.391706020298 -2.418148 0.307472 -0.402684 
3.91989398 0.392696944411 -2.410532 0.303001 -0.402004 
3.930189133 0.393735716406 -2.460102 0.303559 -0.412938 
3.940108061 0.394736527625 -2.4804 0.314101 -0.4226 
3.949963093 0.395729379879 -2.522764 0.311577 -0.421604 
3.959830999 0.396715968687 -2.473148 0.307767 -0.429757 
3.970118046 0.397744463025 -2.465789 0.304853 -0.406566 
3.980040073 0.398736462827 -2.487045 0.307539 -0.406561 
3.989880085 0.399720262806 -2.458314 0.307314 -0.383806 
4.000228167 0.400757179844 -2.486207 0.315272 -0.393041 
4.010064125 0.401749707312 -2.499998 0.304295 -0.390821 
4.019960165 0.402748297539 -2.484927 0.313716 -0.388871 
4.02985096 0.403746358502 -2.548558 0.314721 -0.388665 
4.040174961 0.404788133444 -2.504996 0.307904 -0.404945 
4.050065994 0.405786218423 -2.56212 0.328495 -0.405315 
4.059859037 0.406762963288 -2.560984 0.310813 -0.392195 
4.070286989 0.407796952941 -2.546182 0.320062 -0.400589 
4.080140114 0.408773945288 -2.581727 0.313559 -0.389985 
4.089982033 0.409749826498 -2.567194 0.312891 -0.388824 
4.099943161 0.410746444139 -2.609746 0.327725 -0.398615 
4.110217094 0.411795185901 -2.616541 0.305999 -0.396694 
4.120093107 0.412803308815 -2.602053 0.338814 -0.41527 
4.129934073 0.413807854205 -2.665299 0.323029 -0.425386 
4.140275002 0.41486343478 -2.64346 0.327181 -0.44369 
4.150155067 0.415855914224 -2.714473 0.323643 -0.4332 
4.16001606 0.41681307176 -2.714016 0.321573 -0.431481 
4.169941187 0.417776454464 -2.692481 0.327962 -0.440245 
4.180211067 0.418773300627 -2.735042 0.324871 -0.418139 
4.190117121 0.41973483201 -2.685228 0.324201 -0.415343 
4.199953079 0.420704047473 -2.713439 0.323524 -0.412826 
4.210263014 0.421785526868 -2.720709 0.333982 -0.400599 
4.22013402 0.422820964007 -2.699178 0.323286 -0.406841 
4.230033159 0.423859352208 -2.776575 0.323344 -0.40583 
4.23990798 0.424895189528 -2.755253 0.327316 -0.404068 
4.250207186 0.4259428515 -2.790715 0.322098 -0.420762 
4.260079145 0.426903248768 -2.825317 0.30721 -0.418099 
4.269927025 0.427861303502 -2.789908 0.321486 -0.435997 
4.280240059 0.428864610918 -2.810858 0.324506 -0.413473 
4.290071011 0.429821018805 -2.782568 0.32635 -0.421016 
4.299926043 0.430795417078 -2.804036 0.32197 -0.418074 
4.309794188 0.431823797946 -2.838977 0.314527 -0.417559 
4.320134163 0.432901349244 -2.796722 0.325829 -0.414472 
4.33003211 0.433932835843 -2.874119 0.325886 -0.413462 
4.339888096 0.434959949595 -2.874494 0.324867 -0.422094 
4.350229979 0.435988685663 -2.881282 0.337914 -0.410049 
4.36007905 0.436916955658 -2.887423 0.314686 -0.427518 
4.369959116 0.437848146917 -2.873574 0.32414 -0.415972 
4.380285025 0.438821358654 -2.915543 0.320951 -0.404752 
4.390192032 0.439755089088 -2.880266 0.318258 -0.412904 
4.400068998 0.440701984542 -2.922635 0.324639 -0.402431 
4.40993309 0.441692126804 -2.901916 0.329552 -0.390579 
4.420247078 0.44272742893 -2.873839 0.323609 -0.388081 
4.430119991 0.44371845663 -2.915939 0.330163 -0.367264 
4.439965963 0.444706780035 -2.880666 0.327351 -0.353144 
4.449851036 0.445699420186 -2.880589 0.327796 -0.351067 
4.460160971 0.446736125613 -2.89472 0.30987 -0.338686 
4.47005105 0.447730612831 -2.845406 0.325986 -0.324653 
4.479901075 0.448721072459 -2.873745 0.316402 -0.302118 
4.490200043 0.44975667511 -2.845151 0.310637 -0.319687 
4.50011611 0.450752565172 -2.816434 0.320883 -0.295354 
4.509970188 0.451729922987 -2.851988 0.330338 -0.304959 
4.519819975 0.452706855208 -2.837658 0.330785 -0.31286 
4.530168057 0.453733209862 -2.908008 0.319532 -0.32145 
4.540032148 0.454711560797 -2.900731 0.323227 -0.330023 
4.549860954 0.455686412058 -2.972064 0.318227 -0.359737 
4.560250998 0.456717353061 -3.013242 0.323451 -0.347967 
4.570124149 0.457756588616 -2.99875 0.31528 -0.376357 
4.57999897 0.458795999954 -3.048725 0.325289 -0.365767 
4.5898211 0.459829865102 -3.027665 0.337151 -0.364076 
4.600162029 0.460883254575 -3.006185 0.327016 -0.361016 
4.610056162 0.461838389868 -3.027087 0.321533 -0.380338 
4.619913101 0.46278993462 -3.063042 0.330814 -0.370792 
4.630262136 0.463788984115 -3.077411 0.345922 -0.379311 
4.640127182 0.46474131148 -3.056407 0.33589 -0.366282 
4.649981976 0.465701559669 -3.097981 0.324813 -0.384485 
4.65982604 0.466692640261 -3.097726 0.340825 -0.372079 
4.670174122 0.467734464373 -3.10378 0.343189 -0.37972 
4.680040121 0.468727753337 -3.160474 0.323974 -0.397676 
4.689918041 0.46973990501 -3.139013 0.352977 -0.395386 
4.700248003 0.470844305417 -3.19556 0.342834 -0.392606 
4.710131168 0.471721680513 -3.187755 0.345866 -0.420449 
4.720005035 0.472708932924 -3.187526 0.346479 -0.407113 
4.72985816 0.473697799637 -3.236847 0.354986 -0.415913 
4.740156174 0.474731315731 -3.229493 0.359126 -0.422408 
4.750087023 0.475752424344 -3.278987 0.360129 -0.431265 
4.759936094 0.476816473708 -3.256726 0.347654 -0.447716 
4.770269156 0.477837267888 -3.285794 0.354964 -0.434385 
4.780109167 0.47880935399 -3.31392 0.345946 -0.461538 
4.789954186 0.479781934827 -3.307218 0.373925 -0.428408 
4.799911022 0.480816120252 -3.292204 0.344485 -0.43487 
4.810188055 0.481924495987 -3.334391 0.357529 -0.423544 
4.820049047 0.482877434736 -3.277522 0.344587 -0.407282 
4.829998016 0.483838875337 -3.334721 0.351062 -0.404524 
4.840288162 0.484833286331 -3.305757 0.344348 -0.430351 
4.850185156 0.485788330404 -3.334272 0.366394 -0.437221 
4.860052109 0.486739549482 -3.319034 0.349269 -0.452442 
4.869884968 0.487724174358 -3.361433 0.364271 -0.450974 
4.880242109 0.488761298828 -3.382104 0.3594 -0.456959 
4.890134096 0.489751844556 -3.410366 0.374399 -0.464554 
4.899945974 0.490811944099 -3.416836 0.353125 -0.490965 
4.910274029 0.491938975486 -3.459251 0.366278 -0.500081 
4.920165062 0.492872198369 -3.45209 0.369969 -0.507738 
4.930067062 0.493806455993 -3.530026 0.369682 -0.527415 
4.939869165 0.494731288296 -3.501603 0.378749 -0.524804 
4.950226069 0.495781833965 -3.565493 0.378739 -0.534146 
4.960114956 0.496843172762 -3.556812 0.373949 -0.53205 
4.969969988 0.497808402905 -3.600261 0.379522 -0.540679 
4.979892015 0.498773411551 -3.620827 0.365754 -0.528477 
4.990175962 0.499773620256 -3.600045 0.379008 -0.545029 
5.000061035 0.500756498387 -3.63494 0.365514 -0.53203 
5.0099051 0.501782415943 -3.641825 0.368928 -0.550022 
5.020210028 0.502807294838 -3.641849 0.376587 -0.53596 
5.030100107 0.503790801249 -3.662683 0.372391 -0.554 
5.03995204 0.504770514279 -3.619805 0.365951 -0.539997 
5.050271034 0.505792867707 -3.690852 0.395054 -0.548449 
5.06016016 0.506761407863 -3.690629 0.370638 -0.565134 
5.070052147 0.50773435321 -3.669133 0.382116 -0.563316 
5.079946995 0.508714399058 -3.718607 0.376063 -0.571066 
5.090260983 0.509735959077 -3.704397 0.385409 -0.568575 
5.100111008 0.510714261828 -3.711612 0.381032 -0.575611 
5.109961987 0.511697554046 -3.75396 0.385727 -0.563545 
5.119876146 0.512688536235 -3.739418 0.376995 -0.601236 
5.130197048 0.513720694772 -3.788926 0.378721 -0.588617 
5.140079975 0.514709052909 -3.824977 0.40508 -0.609257 
5.14993 0.515691927334 -3.82382 0.380343 -0.595031 
5.160266161 0.516718507428 -3.838827 0.387206 -0.59284 
5.170135021 0.517709061551 -3.845946 0.375495 -0.589589 
5.1799891 0.518699738866 -3.852871 0.378628 -0.597484 
5.189892054 0.519695329817 -3.853372 0.385667 -0.566349 
5.200178146 0.520735976366 -3.853818 0.37065 -0.594125 
5.210076094 0.52175411049 -3.860561 0.365329 -0.581755 
5.219923019 0.522736533162 -3.853912 0.371533 -0.559559 
5.230251074 0.523766957928 -3.847359 0.368102 -0.567399 
5.240144014 0.524753971493 -3.791078 0.372344 -0.542773 
5.250029087 0.525785740737 -3.819559 0.371495 -0.5506 
5.25989008 0.526886572276 -3.790883 0.364492 -0.53592 
5.27020216 0.527889125399 -3.791408 0.380993 -0.543166 
5.280091047 0.528850535178 -3.805387 0.356014 -0.559173 
5.289966106 0.529810600581 -3.834146 0.378172 -0.557905 
5.300285101 0.53081388249 -3.840428 0.366251 -0.573677 
5.310191155 0.531777427238 -3.869319 0.381186 -0.582562 
5.320050001 0.532777823317 -3.91827 0.373628 -0.580208 
5.329910994 0.533778437257 -3.946624 0.37194 -0.588154 
5.340214968 0.534824001331 -3.93929 0.383136 -0.595755 
5.350061178 0.535804574519 -3.946094 0.362975 -0.601734 
5.359956026 0.536766612664 -3.975442 0.38535 -0.611851 
5.370265007 0.537808803497 -3.967739 0.365365 -0.588885 
5.380102158 0.538806975606 -4.003689 0.375486 -0.608714 
5.390004158 0.539811727919 -3.982919 0.364723 -0.586751 
5.399837017 0.540777044415 -3.982984 0.381124 -0.575387 
5.410192966 0.541760989512 -3.99027 0.367397 -0.593977 
5.420052052 0.542732294741 -3.969134 0.364588 -0.570795 
5.429942131 0.543708984737 -4.033444 0.381204 -0.58199 
5.440263987 0.544728314663 -4.005068 0.367535 -0.567247 
5.450129032 0.545721682764 -4.041007 0.376813 -0.58628 
5.460033178 0.546815995103 -4.040611 0.376869 -0.583159 
5.46987319 0.547785493682 -4.040959 0.376855 -0.580413 
5.480189085 0.548801879184 -4.062306 0.363575 -0.587863 
5.490045071 0.549772951619 -4.097788 0.38238 -0.585914 
5.499947071 0.550740888515 -4.112102 0.372907 -0.593797 
5.510260105 0.551735555656 -4.140136 0.370831 -0.600701 
5.520122051 0.552731657468 -4.140272 0.378604 -0.607995 
5.529999018 0.553729276471 -4.140017 0.363256 -0.603029 
5.539906025 0.554729929651 -4.161453 0.382337 -0.590745 
5.550248146 0.55581653628 -4.147259 0.375442 -0.586527 
5.560093164 0.556882794098 -4.126088 0.379968 -0.603127 
5.569998026 0.557875818777 -4.168695 0.378279 -0.601095 
5.580238104 0.558902450966 -4.204502 0.380387 -0.597666 
5.590137959 0.559894973661 -4.204283 0.379992 -0.624287 
5.600010157 0.560836871881 -4.225 0.366777 -0.630448 
5.609862089 0.561758671301 -4.282164 0.387808 -0.627825 
5.62018609 0.562775522001 -4.281651 0.371624 -0.652473 
5.630037069 0.563745782939 -4.309959 0.37828 -0.660243 
5.639973164 0.564724427281 -4.33167 0.389128 -0.668575 
5.650263071 0.565737919931 -4.324742 0.377694 -0.654988 
5.660109997 0.566707781674 -4.339329 0.376954 -0.663739 
5.670076132 0.567749106167 -4.338857 0.376733 -0.651437 
5.679898024 0.568777356616 -4.347071 0.37324 -0.651504 
5.690150976 0.569850734586 -4.347491 0.380843 -0.640563 
5.699995041 0.570881306318 -4.362484 0.371867 -0.640435 
5.709908009 0.571904445553 -4.363031 0.380309 -0.629374 
5.719824076 0.572878964093 -4.348787 0.37213 -0.627353 
5.730144978 0.57389326849 -4.363608 0.370659 -0.62717 
5.740018129 0.574863569387 -4.356498 0.374911 -0.625526 
5.749864101 0.575831199221 -4.392519 0.378256 -0.624851 
5.76019311 0.576846300347 -4.406798 0.368224 -0.613456 
5.770053148 0.577817510592 -4.420994 0.375723 -0.602507 
5.779888153 0.578786422395 -4.393019 0.369051 -0.620569 
5.790269136 0.579809122124 -4.436083 0.374802 -0.61977 
5.800143957 0.580781956467 -4.436523 0.375067 -0.597626 
5.810029984 0.581755894786 -4.42236 0.359104 -0.615059 
5.819874048 0.582768828433 -4.458198 0.369111 -0.613532 
5.830171108 0.583832106914 -4.479807 0.380687 -0.601304 
5.840029955 0.584850135347 -4.472693 0.376035 -0.609136 
5.849910021 0.585870354863 -4.479958 0.372218 -0.606871 
5.859797955 0.586863780536 -4.508935 0.378527 -0.605835 
5.870144129 0.587860438448 -4.516114 0.373591 -0.593592 
5.879961014 0.58880610939 -4.523532 0.369607 -0.602586 
5.889822006 0.589756029206 -4.509825 0.37805 -0.601504 
5.900170088 0.590752870918 -4.552626 0.375912 -0.600634 
5.910068989 0.591706442547 -4.559745 0.378594 -0.609692 
5.919914961 0.592691912163 -4.566954 0.367163 -0.587042 
5.92979598 0.593691035378 -4.581511 0.372918 -0.6062 
5.940109015 0.594733842064 -4.581308 0.372524 -0.604242 
5.949944973 0.595728408918 -4.595529 0.379739 -0.611774 
5.959815979 0.596726519665 -4.624157 0.386784 -0.620588 
5.970183134 0.597760752247 -4.638106 0.370151 -0.60784 
5.980108976 0.598749564805 -4.645558 0.389062 -0.615878 
5.989953995 0.599730325774 -4.653178 0.376448 -0.614035 
5.999825954 0.600713770506 -4.688946 0.378116 -0.6136 
6.01018405 0.601745644215 -4.688945 0.378838 -0.620703 
6.02000308 0.602734111202 -4.724352 0.380399 -0.629322 
6.029931068 0.60373398319 -4.738863 0.380104 -0.635995 
6.040240049 0.604772225916 -4.766461 0.377643 -0.642772 
6.050130129 0.605768280097 -4.781006 0.385128 -0.629075 
6.059967995 0.606759075678 -4.788018 0.38938 -0.646948 
6.069914103 0.60775822655 -4.816052 0.387304 -0.653852 
6.080185175 0.608784440968 -4.873634 0.383976 -0.662895 
6.090048075 0.609769873665 -4.845196 0.394891 -0.649702 
6.099845171 0.610748731681 -4.830895 0.394213 -0.64671 
6.110183954 0.611783063616 -4.88039 0.37825 -0.675316 
6.120036125 0.612781938954 -4.909219 0.393631 -0.653543 
6.129906178 0.613782627282 -4.930495 0.387128 -0.681497 
6.139826059 0.614788367488 -4.937131 0.383377 -0.677943 
6.15012908 0.615832952847 -4.986898 0.384088 -0.674871 
6.159990072 0.616832722514 -5.00773 0.40295 -0.67978 
6.169839144 0.617795532082 -5.028893 0.406078 -0.706277 
6.180153132 0.618802134959 -5.050077 0.392124 -0.701671 
6.190059185 0.619768925054 -5.085361 0.402473 -0.708037 
6.199926138 0.620731899151 -5.113781 0.40022 -0.724368 
6.209841013 0.621699550237 -5.120675 0.395453 -0.730362 
6.220133066 0.622765222138 -5.156492 0.398404 -0.727729 
6.229997158 0.623796117832 -5.184406 0.387428 -0.745025 
6.239873171 0.62482825939 -5.191372 0.390278 -0.742823 
6.250197172 0.625907220148 -5.234425 0.404931 -0.761127 
6.260040045 0.626923517665 -5.248976 0.404354 -0.757703 
6.269912958 0.627884718188 -5.255845 0.399872 -0.745214 
6.279829979 0.628850212947 -5.277288 0.393925 -0.762952 
6.29018116 0.629857976369 -5.263941 0.403198 -0.759918 
6.30004406 0.630818202052 -5.271059 0.391487 -0.756667 
6.309904099 0.631778149196 -5.299762 0.389064 -0.754763 
6.320239067 0.632854138974 -5.278303 0.385985 -0.75281 
6.330173969 0.633891389418 -5.300415 0.396658 -0.74199 
6.340029001 0.634920301058 -5.314516 0.379857 -0.740502 
6.349910975 0.635952025569 -5.329062 0.396365 -0.739601 
6.360221148 0.637014428652 -5.336337 0.398762 -0.737646 
6.370074987 0.637946007021 -5.329805 0.387994 -0.734283 
6.379939079 0.638878554705 -5.329556 0.395944 -0.732149 
6.390269995 0.63985523576 -5.337171 0.391392 -0.720034 
6.400133133 0.640787693253 -5.359049 0.402796 -0.71815 
6.41003418 0.641725005707 -5.344445 0.39451 -0.725183 
6.420336008 0.642751093591 -5.359042 0.38559 -0.721935 
6.430211067 0.643734674213 -5.408373 0.39494 -0.731532 
6.440083027 0.644717946167 -5.423123 0.385852 -0.739542 
6.449941158 0.645699840718 -5.409512 0.387235 -0.736438 
6.460272074 0.64672882584 -5.430665 0.405765 -0.735286 
6.470133066 0.647720206061 -5.417226 0.399643 -0.732237 
6.479988098 0.648711045257 -5.460149 0.389437 -0.740725 
6.49030304 0.649748124472 -5.438313 0.39347 -0.736758 
6.500177145 0.650740881296 -5.474612 0.388462 -0.734427 
6.510066032 0.651735124323 -5.459952 0.387677 -0.740489 
6.519921064 0.652715580791 -5.488502 0.395167 -0.747225 
6.53027916 0.653743064147 -5.531191 0.375947 -0.744748 
6.540143013 0.654721520494 -5.524258 0.396714 -0.753097 
6.550002098 0.655699503874 -5.53196 0.393282 -0.750959 
6.56027317 0.656718354783 -5.546198 0.383532 -0.749661 
6.570158005 0.657698892464 -5.567884 0.394664 -0.739511 
6.580013037 0.658723898133 -5.582446 0.394208 -0.729779 
6.589895964 0.659763739735 -5.554076 0.38687 -0.737617 
6.600198984 0.660847781824 -5.561681 0.390498 -0.737501 
6.610089064 0.661881131536 -5.597804 0.383369 -0.737488 
6.619953156 0.662833914306 -5.583565 0.384095 -0.72599 
6.629832029 0.663788124787 -5.59859 0.383018 -0.727765 
6.640091181 0.664779066808 -5.59182 0.380321 -0.71596 
6.650000095 0.665736178981 -5.57821 0.380982 -0.705752 
6.659937143 0.666696008645 -5.585739 0.384333 -0.696455 
6.670268059 0.667731667593 -5.579405 0.382021 -0.684778 
6.680170059 0.668729231669 -5.552115 0.375004 -0.665453 
6.690034151 0.669722976753 -5.530997 0.364255 -0.646236 
6.699925184 0.670719435973 -5.489256 0.374774 -0.638249 
6.710210085 0.67185932052 -5.490285 0.374535 -0.620387 
6.720056057 0.672749983684 -5.455618 0.364 -0.621619 
6.729912043 0.673703587622 -5.491605 0.366064 -0.594562 
6.740218163 0.674732119716 -5.442588 0.365164 -0.575736 
6.75014019 0.675722320026 -5.429425 0.36633 -0.559347 
6.760017157 0.676708023429 -5.423484 0.354335 -0.553163 
6.769941092 0.677804991337 -5.353216 0.359655 -0.524865 
6.780120134 0.678813076148 -5.360991 0.362396 -0.500325 
6.789957047 0.679787278101 -5.333646 0.356788 -0.473411 
6.799903154 0.680772294118 -5.32015 0.356841 -0.477455 
6.810180187 0.681806649728 -5.300167 0.354028 -0.45146 
6.820031166 0.682901888699 -5.279292 0.358505 -0.443517 
6.829935074 0.683866594543 -5.32245 0.341477 -0.436451 
6.839776039 0.684824163394 -5.280242 0.343714 -0.426436 
6.850097179 0.685828455368 -5.266074 0.352057 -0.406744 
6.859979153 0.686790014574 -5.288968 0.347382 -0.38906 
6.869893074 0.687729106745 -5.218278 0.35119 -0.378321 
6.880166054 0.688740297317 -5.218852 0.34351 -0.359226 
6.890120029 0.689734233335 -5.268833 0.344736 -0.351805 
6.899968147 0.690717599197 -5.2481 0.33381 -0.342016 
6.909796 0.69173999742 -5.241605 0.337273 -0.363137 
6.920106173 0.692906313818 -5.262642 0.340692 -0.343488 
6.93006897 0.693861640032 -5.263377 0.339779 -0.343065 
6.939884186 0.69479760318 -5.24993 0.332092 -0.332117 
6.950206041 0.695781878605 -5.263381 0.33966 -0.320794 
6.960080147 0.696755079668 -5.299544 0.341995 -0.330582 
6.969933987 0.697805409188 -5.285731 0.342262 -0.318416 
6.979801178 0.69878987807 -5.279006 0.346337 -0.3262 
6.990133047 0.699787839341 -5.300546 0.332608 -0.334812 
7.000051975 0.700745914399 -5.279566 0.339258 -0.320517 
7.009901047 0.701697242026 -5.300618 0.34155 -0.318553 
7.02017498 0.702777276149 -5.301519 0.341916 -0.315018 
7.030138969 0.70378746424 -5.315686 0.32455 -0.321915 
7.039999008 0.704774739312 -5.323052 0.336971 -0.320461 
7.049851179 0.70576122657 -5.316763 0.34143 -0.328373 
7.060121059 0.706789538579 -5.324165 0.344665 -0.326298 
7.070055962 0.707761074492 -5.33864 0.343811 -0.313693 
7.079923153 0.708725342359 -5.346093 0.347607 -0.302318 
7.089846134 0.709700221085 -5.375152 0.346132 -0.320735 
7.100064993 0.71070416821 -5.367788 0.334313 -0.307021 
7.110035181 0.711683684766 -5.389075 0.328653 -0.335771 
7.119840145 0.712660160864 -5.383074 0.342569 -0.323074 
7.130161047 0.71368447188 -5.375583 0.329913 -0.309479 
7.140048981 0.714660196609 -5.383132 0.341042 -0.308392 
7.149914026 0.715633662689 -5.383324 0.341314 -0.316658 
7.159808159 0.716609999124 -5.38339 0.340749 -0.325043 
7.170055151 0.717543547995 -5.362411 0.346677 -0.303644 
7.17997098 0.718347877367 -5.277981 0.336033 -0.292779 
7.189875126 0.719056511246 -5.221677 0.331893 -0.275111 
7.200153112 0.719791893083 -5.151258 0.319692 -0.248199 
7.210074186 0.720499864031 -5.082126 0.332947 -0.213123 
7.219912052 0.721007978602 -5.033146 0.316769 -0.187058 
