0.0 0.000351753687296 0.014609 -0.045238 -0.009097 
0.009922981 0.00135984843917 -0.007063 -0.03483 -0.020422 
0.01968813 0.00232428367857 0.021419 -0.033259 -0.019699 
0.030022144 0.00332998650616 -0.000197 -0.030467 -0.01064 
0.03995204 0.00429636070354 0.035424 -0.033264 0.000733 
0.049815178 0.00525623803441 0.007368 -0.034377 -0.000659 
0.059731007 0.00622124323599 0.021398 -0.026204 -0.020805 
0.070016146 0.00725997766898 0.021515 -0.026199 -0.021721 
0.079881191 0.00829450638229 0.006647 -0.036013 -0.021712 
0.089766026 0.00933111043568 0.035302 -0.026937 -0.020933 
0.100052118 0.0104097935559 0.014842 -0.039859 -0.010442 
0.109976053 0.0114504979527 0.014385 -0.032418 -0.011676 
0.11985302 0.0124334776503 0.014598 -0.024632 -0.021717 
0.129770994 0.0134018916997 0.007768 -0.029554 -0.012221 
0.139997006 0.0144003832959 0.035631 -0.028891 -0.011991 
0.149922133 0.0153694957808 0.022021 -0.029552 -0.022199 
0.159764052 0.0163304836431 0.007362 -0.022675 -0.022755 
0.170051098 0.0173721931044 0.014537 -0.017857 -0.012726 
0.179966211 0.0184036177017 0.035702 -0.022115 -0.032495 
0.189822197 0.0194288915832 0.036132 -0.030561 -0.04264 
0.199688196 0.0204552070721 0.029394 -0.018796 -0.032793 
0.209972143 0.021524999811 0.007686 -0.017575 -0.043498 
0.219863176 0.0224803074223 0.015398 -0.02938 -0.032531 
0.22973609 0.0234133003149 0.000861 -0.031403 -0.043479 
0.240040064 0.0243870284876 0.029738 -0.030498 -0.032532 
0.249916077 0.0253203142365 0.008699 -0.044045 -0.032631 
0.259819985 0.0262562360701 -0.005584 -0.021033 -0.043968 
0.270073176 0.0272587698662 0.023247 -0.028472 -0.033196 
0.279947996 0.0282455327543 0.001991 -0.025786 -0.033191 
0.289868117 0.0292368224434 0.023856 -0.021351 -0.033013 
0.29974699 0.0302239903364 0.00334 -0.026657 -0.042907 
0.309993029 0.0312478480913 0.024733 -0.031024 -0.042236 
0.319920063 0.0322434901181 -0.003004 -0.032526 -0.042585 
0.329763174 0.033234512754 -0.003308 -0.024918 -0.032559 
0.340039015 0.0342691034474 0.004039 -0.029561 -0.042223 
0.349940062 0.0352659591871 -0.002425 -0.026529 -0.031509 
0.359814167 0.0362601023563 -0.002258 -0.027086 -0.041725 
0.369717121 0.037251777346 0.005231 -0.030719 -0.040926 
0.379966021 0.0382717878122 -0.00165 -0.019965 -0.041542 
0.389883995 0.0392588632333 0.020047 -0.03194 -0.050897 
0.399759054 0.0402416675863 0.00623 -0.032326 -0.040791 
0.410021067 0.0412629831093 -0.007684 -0.025379 -0.040974 
0.419962168 0.0422701291074 0.021239 -0.033097 -0.0496 
0.42982316 0.0432884511809 -0.013769 -0.015117 -0.050517 
0.439754009 0.044313987227 0.007457 -0.018927 -0.039629 
0.450025082 0.0453746574268 -0.034675 -0.021441 -0.040463 
0.459900141 0.0463944321672 -0.027374 -0.034428 -0.050303 
0.469752073 0.0473690196942 0.001423 -0.024341 -0.03906 
0.480055094 0.0483620395094 -0.04114 -0.035376 -0.049498 
0.489964008 0.0493170747315 -0.00519 -0.030382 -0.049082 
0.499869108 0.0502717423549 -0.018956 -0.031329 -0.048278 
0.509768009 0.0512258125098 -0.025736 -0.036813 -0.048083 
0.519996166 0.0522339926248 -0.02538 -0.028016 -0.047661 
0.529921055 0.0532401581175 -0.031992 -0.01709 -0.037933 
0.539767981 0.0542384198764 -0.010457 -0.020446 -0.026799 
0.550055981 0.0552813968395 -0.024498 -0.029627 -0.04661 
0.559960127 0.056358825558 -0.03903 -0.023589 -0.047286 
0.569838047 0.0573246365647 -0.038488 -0.032149 -0.036075 
0.579741001 0.0582444320294 -0.037905 -0.040427 -0.034962 
0.590048075 0.0592711558488 -0.016436 -0.035326 -0.045008 
0.599912167 0.0602537526762 -0.058415 -0.037672 -0.034583 
0.609773159 0.0612360407018 -0.023164 -0.024404 -0.034365 
0.620069027 0.0623102194038 -0.057933 -0.029713 -0.03428 
0.629986048 0.0633583949312 -0.051366 -0.026646 -0.023948 
0.639853001 0.064333167404 -0.051199 -0.027203 -0.034165 
0.650190115 0.0653543878532 -0.072192 -0.032407 -0.034089 
0.660076141 0.066331044579 -0.037113 -0.026644 -0.033927 
0.669929981 0.0673791357107 -0.058105 -0.031848 -0.03385 
0.679798126 0.068419464176 -0.043973 -0.022946 -0.033437 
0.690116167 0.0694199429609 -0.050925 -0.035935 -0.033298 
0.699975014 0.0703758964473 -0.078925 -0.029547 -0.033718 
0.709850073 0.0713334219144 -0.078925 -0.029547 -0.033718 
0.719776154 0.0722951098526 -0.057745 -0.031956 -0.042905 
0.730041981 0.07329535784 -0.092885 -0.030944 -0.034076 
0.739945173 0.0742747144927 -0.042954 -0.031609 -0.032196 
0.749765158 0.075245842553 -0.078692 -0.038561 -0.022754 
0.760065079 0.0762644329381 -0.071527 -0.017786 -0.032934 
0.769990206 0.0773701280815 -0.078296 -0.029482 -0.032429 
0.779857159 0.0784289143288 -0.106915 -0.024002 -0.033343 
0.789781094 0.07937300267 -0.064422 -0.021595 -0.041563 
0.799974203 0.0803426981958 -0.092884 -0.039968 -0.021281 
0.809938193 0.0812905970676 -0.07184 -0.035325 -0.030658 
0.819781065 0.0823036934829 -0.085521 -0.042762 -0.020362 
0.830066204 0.0833958972897 -0.092781 -0.024124 -0.020134 
0.839992046 0.084355623966 -0.0715 -0.042769 -0.028509 
0.849790096 0.0853029944723 -0.114372 -0.037291 -0.019445 
0.859767199 0.0862676775593 -0.100361 -0.036456 -0.028388 
0.869992018 0.0872845790841 -0.093348 -0.039986 -0.017619 
0.879890204 0.0882993629835 -0.121511 -0.041946 -0.017299 
0.889741182 0.0892891669063 -0.100371 -0.044636 -0.016389 
0.900034189 0.0903233849002 -0.136464 -0.050641 -0.027269 
0.909906149 0.0913152970468 -0.122012 -0.042127 -0.025812 
0.919803143 0.092297325227 -0.122301 -0.049637 -0.024953 
0.92969203 0.0932647097452 -0.143557 -0.046952 -0.024947 
0.940000057 0.0942772487482 -0.122989 -0.042206 -0.024355 
0.949843168 0.0952472551056 -0.158585 -0.048148 -0.00445 
0.959692001 0.0962178253472 -0.137542 -0.043505 -0.013827 
0.970053196 0.0972402268596 -0.137187 -0.051674 -0.033154 
0.979983091 0.0982214946994 -0.173441 -0.04906 -0.023545 
0.989799023 0.0992052175924 -0.13778 -0.051576 -0.022269 
1.000100136 0.100237691186 -0.201502 -0.050292 -0.002665 
1.010032177 0.101233172943 -0.15946 -0.032383 -0.001846 
1.01989007 0.102220501979 -0.151753 -0.052249 -0.001151 
1.029723168 0.103204576256 -0.208671 -0.047048 -0.002422 
1.040029049 0.104237824373 -0.166017 -0.036293 -0.011382 
1.049918175 0.105229289423 -0.194082 -0.045586 -0.000775 
1.059846163 0.106224650703 -0.187353 -0.034171 0.008817 
1.070129156 0.107281136392 -0.180153 -0.045314 0.010476 
1.079984188 0.10830797688 -0.215997 -0.04409 0.008834 
1.089842081 0.109286722538 -0.165651 -0.038084 0.009735 
1.09970212 0.110265681264 -0.222573 -0.023978 0.017941 
1.110045195 0.111292598451 -0.194158 -0.023694 0.017383 
1.119948149 0.112355788185 -0.158081 -0.024909 0.017194 
1.129801989 0.113407891949 -0.221693 -0.031681 0.025609 
1.140102148 0.114412862697 -0.164177 -0.019173 0.006369 
1.149975062 0.115376147804 -0.170951 -0.021966 0.01635 
1.159857988 0.116340409766 -0.170795 -0.021679 0.005338 
1.169768095 0.117303400966 -0.127538 -0.02698 0.005701 
1.180020094 0.118306245257 -0.191813 -0.016293 0.013299 
1.189920187 0.119308407084 -0.134586 -0.02104 0.014816 
1.199784994 0.120306996996 -0.155943 -0.007487 0.013524 
1.210048199 0.121345915749 -0.149184 0.005053 0.012223 
1.220008135 0.122326115378 -0.120308 -0.016379 0.002936 
1.229871035 0.123287297984 -0.155888 0.003667 0.001215 
1.239777088 0.12429234044 -0.120283 -0.006349 0.001519 
1.250017166 0.125331272206 -0.141676 -0.001983 0.000848 
1.259919167 0.126335903557 -0.163768 0.000912 0.019877 
1.269791126 0.127309331874 -0.100253 -9.7e-05 0.020587 
1.280092001 0.128315214634 -0.164042 0.009645 0.01901 
1.290002108 0.129288156996 -0.114573 0.008358 0.009385 
1.299826145 0.130252649283 -0.114797 0.001414 0.01863 
1.30972004 0.131224000004 -0.144434 0.015557 0.016475 
1.319987059 0.132275042041 -0.08779 0.019088 0.016879 
1.329869032 0.133338216855 -0.152847 0.003554 0.004973 
1.339740992 0.134311948919 -0.08916 0.010049 0.005739 
1.350054026 0.135329186821 -0.117951 0.002654 0.004283 
1.359983206 0.136308562845 -0.125354 0.005167 0.013461 
1.369842053 0.137266953897 -0.083578 -0.001116 0.013873 
1.379770994 0.138232355249 -0.133513 0.008453 0.02147 
1.390004158 0.139265468262 -0.091387 0.002906 0.012032 
1.399863005 0.140260791227 -0.134355 0.010347 0.010323 
1.409800053 0.141264009157 -0.148938 0.016946 0.018948 
1.420064211 0.142347122611 -0.092026 0.003683 0.009946 
1.429979086 0.143398583864 -0.149137 0.008435 0.007513 
1.439853192 0.14439953928 -0.09258 0.003341 0.017838 
1.450121164 0.145440421581 -0.134945 0.009841 0.00604 
1.460054159 0.146447346678 -0.114242 0.021929 -0.005486 
1.469927073 0.147354075496 -0.078373 0.004023 -0.005111 
1.479812145 0.148269024386 -0.107651 0.002944 0.003093 
1.490082026 0.14928454116 -0.09397 0.027348 0.012547 
1.499945164 0.150259837962 -0.101794 0.015127 0.012431 
1.509883165 0.151242537442 -0.123416 0.009858 0.011218 
1.520137072 0.15225647466 -0.094731 0.020059 0.001104 
1.530054093 0.153247552034 -0.13055 0.022289 0.010841 
1.539929152 0.154281659443 -0.10212 0.007455 0.001116 
1.549766064 0.155311772131 -0.095517 0.019708 0.010827 
1.560098171 0.156393741201 -0.102779 0.006265 0.01072 
1.569959164 0.15742637563 -0.074692 0.008502 0.001219 
1.579884052 0.158435573703 -0.138836 0.009447 -0.00078 
1.590165138 0.159446098698 -0.089625 0.024112 -0.000204 
1.600027084 0.160415426543 -0.090021 0.015032 0.00947 
1.609870196 0.161382903199 -0.111804 0.018381 0.028746 
1.61976409 0.162355371204 -0.069337 0.019782 0.009147 
1.630047083 0.163366344376 -0.098175 0.009414 0.008002 
1.63992405 0.164338244017 -0.070225 0.008957 0.018209 
1.649787188 0.165308782875 -0.08419 0.016465 0.027328 
1.660081148 0.166321714885 -0.085549 0.006583 0.016984 
1.669964075 0.167294200993 -0.07235 0.006061 0.006385 
1.679933071 0.168283311241 -0.108518 0.007555 0.025972 
1.689743996 0.16929365927 -0.087212 0.004308 0.016666 
1.700073004 0.170357360489 -0.108579 -0.007286 0.007625 
1.709950209 0.171374534162 -0.12266 0.000218 0.017659 
1.719841004 0.172393107358 -0.06524 -0.00408 0.020338 
1.73016119 0.173425921507 -0.143129 -0.011139 0.02025 
1.740011215 0.174377712286 -0.071724 0.001359 0.022357 
1.749916077 0.175334801869 -0.105733 -0.018997 0.013649 
1.759793043 0.176289195909 -0.091018 -0.018374 0.015176 
1.770084143 0.177283606998 -0.076454 0.008794 0.005295 
1.779977083 0.178239544579 -0.111528 -0.005873 -0.004343 
1.789826155 0.179232733333 -0.082534 -0.019357 0.017998 
1.800101996 0.180270632924 -0.117618 -0.016215 0.027312 
1.809980154 0.181268364998 -0.103217 -0.007141 0.038069 
1.819917202 0.182272045188 -0.081124 -0.010036 0.01904 
1.829766989 0.183265334421 -0.116639 -0.015415 0.018751 
1.840082169 0.184291082614 -0.088036 -0.022743 0.009082 
1.849925041 0.185269864192 -0.116497 -0.014404 0.029214 
1.859837055 0.186255521296 -0.10924 -0.003653 0.019535 
1.870120049 0.187278068891 -0.086829 -0.022052 0.020962 
1.880005121 0.188262871628 -0.115427 -0.023628 0.021154 
1.8898592 0.18925460554 -0.065243 -0.02597 0.022795 
1.89973712 0.190248738856 -0.122191 -0.027263 0.031932 
1.910118103 0.191293501424 -0.09348 -0.010686 0.033682 
1.919985056 0.192286531 -0.085585 -0.021198 0.045016 
1.929839134 0.193278264811 -0.127813 -0.016379 0.033894 
1.940140009 0.194310377144 -0.084937 -0.030762 0.015353 
1.950046063 0.195300358218 -0.120141 -0.028465 0.054958 
1.959910154 0.196286145637 -0.070059 -0.031536 0.036039 
1.970201016 0.197314583259 -0.083836 -0.03164 0.036048 
1.980071068 0.198304655558 -0.133579 -0.021621 0.044806 
1.989934206 0.199307185414 -0.104575 -0.028776 0.015986 
1.999855995 0.200315676797 -0.125146 -0.03364 0.037665 
2.01011014 0.20135795021 -0.096918 -0.040138 0.058526 
2.019980192 0.202361182833 -0.117992 -0.053126 0.039148 
2.029832125 0.203351867458 -0.139389 -0.034485 0.048439 
2.039761067 0.204319935547 -0.088592 -0.04398 0.040301 
2.050015211 0.205319710708 -0.145226 -0.053724 0.040208 
2.059899092 0.206283385366 -0.116713 -0.028692 0.050273 
2.069773197 0.207246106869 -0.088084 -0.035015 0.051983 
2.080071211 0.208258683162 -0.130788 -0.030094 0.050831 
2.089981079 0.209296408019 -0.109071 -0.049124 0.042582 
2.099871159 0.210332060749 -0.15178 -0.049691 0.063216 
2.109739065 0.2113653915 -0.122771 -0.058529 0.064567 
2.120017052 0.212441664422 -0.123014 -0.057695 0.065602 
2.129906178 0.21345597206 -0.144194 -0.055287 0.074789 
2.139748097 0.214414132018 -0.136968 -0.051031 0.075517 
2.149986982 0.215410938598 -0.143306 -0.039092 0.066213 
2.160001993 0.216385949926 -0.13569 -0.043563 0.066892 
2.169851065 0.217344806265 -0.149812 -0.053308 0.067274 
2.18017602 0.21836458515 -0.149715 -0.045526 0.058149 
2.190055132 0.219393202952 -0.128388 -0.065573 0.069848 
2.199932099 0.220421597415 -0.156808 -0.056952 0.079883 
2.209783077 0.221447285892 -0.142418 -0.058631 0.070581 
2.220099211 0.22252140663 -0.142392 -0.057626 0.08196 
2.229960203 0.223507572631 -0.178043 -0.055953 0.08148 
2.239858151 0.224443811731 -0.163784 -0.047889 0.081774 
2.24979806 0.225384019888 -0.170696 -0.060596 0.071816 
2.259965181 0.22634571985 -0.177805 -0.073871 0.082967 
2.269895077 0.227284980886 -0.184463 -0.061544 0.072621 
2.279772043 0.228229399622 -0.177729 -0.059033 0.072736 
2.290079117 0.22926121226 -0.14914 -0.065638 0.084543 
2.299939156 0.230248273463 -0.177266 -0.058412 0.084242 
2.309875012 0.231242924495 -0.170102 -0.054602 0.054313 
2.320132017 0.232269724864 -0.155781 -0.046092 0.085264 
2.330046177 0.233262128684 -0.191915 -0.052378 0.084482 
2.339927197 0.234250881517 -0.177864 -0.061006 0.08534 
2.349771023 0.2352359125 -0.177408 -0.068446 0.086573 
2.360069037 0.2362663922 -0.17002 -0.072807 0.066813 
2.369958162 0.237255956067 -0.176875 -0.061048 0.077575 
2.379854202 0.238245461176 -0.170278 -0.056856 0.077014 
2.390117169 0.239268058669 -0.163615 -0.061122 0.097634 
2.400013209 0.240254095718 -0.198916 -0.058714 0.087303 
2.409865141 0.241235737866 -0.170308 -0.057981 0.087907 
2.419771195 0.242222772706 -0.177174 -0.062345 0.078125 
2.430057049 0.243248351916 -0.177316 -0.063355 0.067661 
2.439957142 0.244273984466 -0.177519 -0.071985 0.078498 
2.449812174 0.245294948774 -0.184739 -0.06818 0.088042 
2.460077047 0.246358371902 -0.191787 -0.05687 0.097643 
2.470020056 0.247388450475 -0.176915 -0.05596 0.088158 
2.479857206 0.248391370022 -0.183923 -0.061334 0.067912 
2.489750147 0.249346405137 -0.19127 -0.05669 0.077576 
2.500041008 0.250339854265 -0.191143 -0.057529 0.077457 
2.509946108 0.251296063173 -0.205706 -0.057985 0.087188 
2.519802094 0.252247530762 -0.184176 -0.069402 0.08805 
2.53008914 0.253241974899 -0.19166 -0.057708 0.097523 
2.539982081 0.254239542797 -0.184319 -0.070413 0.077587 
2.549844027 0.255233985272 -0.205579 -0.058823 0.087069 
2.560146094 0.256272807935 -0.184455 -0.046395 0.097145 
2.570060015 0.257290506995 -0.155886 -0.045944 0.107846 
2.579953194 0.258361271372 -0.19163 -0.060958 0.107015 
2.589789152 0.259252337681 -0.198816 -0.064933 0.09619 
2.600121021 0.260265811344 -0.17002 -0.071813 0.087683 
2.609973192 0.26124894276 -0.198637 -0.049366 0.106518 
2.619827032 0.262232240724 -0.205423 -0.062912 0.096441 
2.630135059 0.263263325315 -0.191767 -0.053907 0.106824 
2.640014172 0.264342804171 -0.19199 -0.045736 0.096656 
2.649862051 0.26532436145 -0.177817 -0.046298 0.106872 
2.659762144 0.266311123001 -0.192415 -0.05594 0.117224 
2.670036078 0.267335146012 -0.177625 -0.062814 0.088285 
2.679935217 0.268334722215 -0.191386 -0.0557 0.099362 
2.689810991 0.269412336107 -0.213113 -0.061817 0.09986 
2.70008421 0.270410867407 -0.198854 -0.053753 0.100154 
2.710005999 0.271375240586 -0.213669 -0.047163 0.110611 
2.719885111 0.272335465667 -0.220489 -0.043183 0.101004 
2.729700089 0.273288467998 -0.198837 -0.031419 0.09181 
2.740032196 0.274279382583 -0.220047 -0.02039 0.091991 
2.749909163 0.275258476064 -0.220686 -0.028636 0.102701 
2.759797096 0.276243980902 -0.206239 -0.03793 0.113783 
2.770122051 0.277273042598 -0.227668 -0.042749 0.113732 
2.779973984 0.278310634381 -0.255668 -0.036361 0.113312 
2.789875031 0.279445950993 -0.240739 -0.027951 0.104798 
2.799761057 0.280383965282 -0.247437 -0.015905 0.104549 
2.810019016 0.281355636627 -0.24083 -0.012556 0.104783 
2.81991005 0.282292551497 -0.219295 -0.015912 0.115918 
2.829775095 0.283259965781 -0.269422 -0.00607 0.115248 
2.840065003 0.284359669753 -0.269027 -0.023703 0.105723 
2.850026131 0.285353141334 -0.254272 -0.022797 0.097154 
2.859914065 0.286310931848 -0.275791 -0.012222 0.097088 
2.869736195 0.287262348285 -0.268296 -0.007794 0.10816 
2.880034208 0.288262106528 -0.289592 -0.00539 0.118262 
2.889872074 0.289286710288 -0.282635 -0.001306 0.108646 
2.89983511 0.290294432353 -0.281616 -0.009968 0.109887 
2.910073996 0.291321864176 -0.281869 -0.002922 0.110612 
2.919980049 0.292315897521 -0.281509 -0.003029 0.101558 
2.929857016 0.293305039305 -0.282122 0.004125 0.111337 
2.939765215 0.294270016481 -0.282284 -0.004223 0.112077 
2.950026989 0.295272171642 -0.295882 0.011239 0.122414 
2.959936142 0.296250189418 -0.309831 0.018744 0.102954 
2.969758034 0.297219594672 -0.301673 0.015458 0.094945 
2.980071068 0.298237912682 -0.322502 0.009579 0.107076 
2.989965201 0.299216857043 -0.31488 0.013169 0.118029 
2.999861002 0.30020457063 -0.335943 0.016304 0.119196 
3.009734154 0.301195661831 -0.349887 0.00516 0.110158 
3.020022154 0.302228396492 -0.327469 0.009937 0.102444 
3.029895067 0.303220660342 -0.326521 0.009613 0.104776 
3.039787054 0.304226221073 -0.340378 0.02406 0.105565 
3.050078154 0.305257912827 -0.403831 0.023666 0.09635 
3.059976101 0.306244103585 -0.381951 0.018354 0.087848 
3.069797039 0.307222621483 -0.380997 0.026092 0.100452 
3.079737187 0.308213185346 -0.401492 0.019099 0.092151 
3.089985132 0.309291231969 -0.387192 0.018421 0.095143 
3.099861145 0.310282438283 -0.435961 0.026549 0.085554 
3.109745026 0.311269417623 -0.463458 0.022244 0.067279 
3.120050192 0.312298465417 -0.461829 0.021424 0.061599 
3.129966021 0.3133052681 -0.496577 0.029545 0.043863 
3.139852047 0.314424945174 -0.474144 0.024575 0.027468 
3.150177002 0.315433616992 -0.5156 0.021446 0.040894 
3.160006046 0.316393841969 -0.528991 0.010644 0.023963 
3.169917107 0.317362079401 -0.556584 0.016245 0.027459 
3.179788113 0.318322014378 -0.569909 0.021123 -0.000499 
3.19009018 0.319304750969 -0.582832 0.019004 0.004349 
3.199962139 0.320298195622 -0.638487 0.015431 -0.003819 
3.209876061 0.32130651763 -0.616088 0.033356 -0.019257 
3.220094204 0.32234578125 -0.658214 0.02266 -0.036672 
3.230027199 0.323345874788 -0.664161 0.016847 -0.03323 
3.23994112 0.324297563994 -0.670427 0.026539 -0.050243 
3.249772072 0.325286054034 -0.718912 0.034837 -0.078068 
3.260066986 0.326333996667 -0.72533 0.020223 -0.074132 
3.269953013 0.327340317765 -0.702319 0.015879 -0.079937 
3.279849053 0.328326826977 -0.765447 0.023157 -0.077836 
3.290122032 0.329306054936 -0.786022 0.040462 -0.105255 
3.300045014 0.330278691162 -0.80676 0.034303 -0.112522 
3.309921026 0.331254277908 -0.805415 0.048428 -0.119379 
3.319769144 0.332227109187 -0.840199 0.041993 -0.136981 
3.330039024 0.33324160358 -0.832226 0.052411 -0.142497 
3.339939118 0.33434135435 -0.85238 0.05494 -0.1289 
3.34980917 0.335317994932 -0.908304 0.051194 -0.147413 
3.360104084 0.336325340964 -0.914342 0.04381 -0.163734 
3.370021105 0.337295710581 -0.926941 0.058388 -0.160366 
3.379903078 0.338261940642 -0.948059 0.060114 -0.166789 
3.389741182 0.339221039816 -0.940624 0.055072 -0.173579 
3.400065184 0.340253717641 -0.996653 0.067445 -0.17063 
3.40992403 0.341246034059 -0.981825 0.066104 -0.186909 
3.419810057 0.34224108631 -1.030638 0.083576 -0.184028 
3.430107117 0.343290437519 -1.044561 0.080491 -0.211373 
3.439985991 0.344398150098 -1.051055 0.08312 -0.19687 
3.449858189 0.34539517212 -1.121464 0.079364 -0.203573 
3.459771156 0.346396311523 -1.121249 0.093242 -0.220232 
3.470018149 0.347431185184 -1.169733 0.077402 -0.215849 
3.47990799 0.348386159712 -1.190054 0.095603 -0.211449 
3.489783049 0.349287399228 -1.218306 0.092793 -0.237997 
3.500076056 0.350293722575 -1.246061 0.090046 -0.233761 
3.509977102 0.351266322218 -1.224392 0.10975 -0.23899 
3.519847155 0.352235877356 -1.287768 0.1098 -0.246127 
3.529760122 0.353209648022 -1.280673 0.112925 -0.26217 
3.540013075 0.354216816197 -1.343912 0.111295 -0.26863 
3.549935103 0.355245096026 -1.365059 0.121641 -0.284058 
3.559766054 0.356279259906 -1.379362 0.111326 -0.291146 
3.570068121 0.357362982689 -1.392985 0.117481 -0.286497 
3.579944134 0.358401886852 -1.428291 0.11792 -0.313717 
3.589842081 0.359437016386 -1.428776 0.124957 -0.311161 
3.600100994 0.360445698244 -1.456754 0.130381 -0.317093 
3.610008001 0.361419779828 -1.478454 0.140386 -0.324629 
3.619928122 0.362395150813 -1.520737 0.129403 -0.331031 
3.629768133 0.363362645184 -1.54231 0.139291 -0.34579 
3.640060187 0.364374585548 -1.534535 0.126804 -0.350432 
3.649976015 0.365349946749 -1.619288 0.13844 -0.347171 
3.659846068 0.366320918287 -1.619407 0.153432 -0.343397 
3.669764042 0.367296604079 -1.632585 0.136023 -0.358059 
3.679999113 0.368303484451 -1.674989 0.148334 -0.366378 
3.689913988 0.369278865376 -1.674577 0.138642 -0.371939 
3.69976902 0.370279686993 -1.723568 0.155663 -0.398799 
3.710055113 0.371336979606 -1.709023 0.154873 -0.403946 
3.719930172 0.372352022629 -1.751092 0.168644 -0.40064 
3.729824066 0.373369001675 -1.75782 0.163321 -0.416849 
3.740111113 0.374412561353 -1.800204 0.151609 -0.443812 
3.749984026 0.3753667249 -1.785933 0.176518 -0.430076 
3.759902001 0.376325243444 -1.829012 0.166026 -0.427551 
3.769774199 0.377279337889 -1.828863 0.173969 -0.453081 
3.780023098 0.378269838445 -1.850766 0.175344 -0.44978 
3.789951086 0.379229324692 -1.878927 0.174106 -0.456564 
3.799842119 0.380208802092 -1.93636 0.17985 -0.444872 
3.810137987 0.381247646229 -1.915026 0.183701 -0.449417 
3.82004118 0.382246869801 -1.964808 0.177194 -0.457414 
3.829920054 0.383243639606 -1.965475 0.168545 -0.442915 
3.839758158 0.384236295754 -1.973191 0.195346 -0.451024 
3.850064039 0.385269668871 -2.030118 0.161007 -0.447736 
3.859919071 0.386254970543 -2.037761 0.187412 -0.424391 
3.86978221 0.387241082749 -2.01693 0.18499 -0.430831 
3.880072117 0.388269863028 -2.067853 0.169334 -0.429528 
3.889984131 0.389260861735 -2.046798 0.190822 -0.425463 
3.899876118 0.390256775664 -2.124955 0.174568 -0.4231 
3.909697056 0.391247787492 -2.147036 0.177342 -0.410379 
3.92000413 0.392287854363 -2.168811 0.20459 -0.407347 
3.929942131 0.393290678793 -2.204412 0.164597 -0.404669 
3.939789057 0.39428431302 -2.17613 0.190341 -0.399877 
3.950119019 0.395323013043 -2.262167 0.186448 -0.398264 
3.959963083 0.396299106941 -2.220905 0.195822 -0.404302 
3.969865084 0.397280945617 -2.227004 0.192415 -0.380061 
3.979771137 0.39826318607 -2.305607 0.182758 -0.378135 
3.990037203 0.399281123823 -2.285566 0.204005 -0.384788 
3.999891043 0.400282448279 -2.327818 0.170008 -0.369875 
4.009761095 0.401289962707 -2.349487 0.203473 -0.368069 
4.020037174 0.402338923529 -2.364231 0.188053 -0.353498 
4.029925108 0.403348263314 -2.407882 0.184997 -0.351291 
4.03979516 0.404355777742 -2.386579 0.196747 -0.357738 
4.04966116 0.405322713715 -2.443414 0.179095 -0.354099 
4.060003996 0.406326641353 -2.429681 0.193914 -0.341152 
4.069935084 0.407290602662 -2.451351 0.19065 -0.347271 
4.079745054 0.408242807649 -2.529827 0.197121 -0.325716 
4.090071201 0.40924511537 -2.494422 0.194312 -0.341091 
4.099947214 0.410259705229 -2.55759 0.186916 -0.316585 
4.109781981 0.411291341012 -2.572186 0.19311 -0.332749 
4.120103121 0.412373995776 -2.614473 0.191754 -0.336779 
4.129994154 0.413411533683 -2.692453 0.1741 -0.343836 
4.13986516 0.414446970822 -2.664221 0.215521 -0.349155 
4.149720192 0.415411383233 -2.699674 0.194345 -0.34564 
4.160009146 0.416412348018 -2.721583 0.187659 -0.352612 
4.169916153 0.417376154944 -2.71435 0.200699 -0.348715 
4.17979908 0.418337619239 -2.814793 0.18689 -0.328485 
4.189718008 0.419302585904 -2.758107 0.196795 -0.344796 
4.199953079 0.420350876836 -2.829211 0.194258 -0.322012 
4.209867001 0.421384028225 -2.844 0.200004 -0.339339 
4.219666004 0.422405203654 -2.808519 0.213884 -0.325784 
4.229971171 0.423479127535 -2.901032 0.196899 -0.334003 
4.239908219 0.424514688935 -2.852229 0.203931 -0.30938 
4.249751091 0.425443360415 -2.944763 0.194001 -0.318705 
4.259679079 0.426379068297 -2.910113 0.199187 -0.295603 
4.269947052 0.427346819596 -2.896609 0.208746 -0.303582 
4.279833079 0.428278572675 -2.968794 0.187713 -0.312546 
4.28967309 0.42920598877 -2.912513 0.206348 -0.300229 
4.299988985 0.430226264798 -2.984328 0.19524 -0.291084 
4.30986619 0.431217723323 -2.985717 0.201199 -0.270786 
4.31974411 0.432209253619 -2.958283 0.195915 -0.248102 
4.330064058 0.433245154 -2.980005 0.182745 -0.217918 
4.339955092 0.434238000658 -2.945174 0.203616 -0.206758 
4.349870205 0.43523459061 -3.009783 0.189427 -0.185682 
4.359683991 0.43622140626 -3.003048 0.192659 -0.192671 
4.369998217 0.437258543165 -3.017131 0.200765 -0.167469 
4.379864216 0.438250609042 -3.094882 0.192747 -0.173984 
4.38974309 0.439243969552 -3.073548 0.196598 -0.17853 
4.400042057 0.440271193105 -3.131026 0.194721 -0.174116 
4.409960985 0.441254982943 -3.131272 0.200806 -0.150324 
4.419846058 0.442235414938 -3.15207 0.196773 -0.156189 
4.429672003 0.443209982436 -3.215487 0.196541 -0.153229 
4.439976215 0.444231985928 -3.187569 0.215054 -0.156759 
4.449829102 0.445209225616 -3.279615 0.206752 -0.143199 
4.459753037 0.446223130628 -3.294174 0.21311 -0.147189 
4.470089197 0.447311101933 -3.286257 0.201634 -0.141367 
4.479994059 0.448353675349 -3.371786 0.204854 -0.167236 
4.489859104 0.449392057677 -3.350157 0.209883 -0.150059 
4.499752045 0.450355609158 -3.434413 0.214361 -0.155662 
4.509991169 0.451344048338 -3.434623 0.213388 -0.159343 
4.51988101 0.452298769301 -3.48379 0.222785 -0.163988 
4.529734135 0.453249945866 -3.505096 0.200764 -0.16874 
4.540014029 0.454242320799 -3.526643 0.227902 -0.145268 
4.54995203 0.455232445088 -3.597098 0.215802 -0.152146 
4.559850216 0.456228974575 -3.604797 0.218462 -0.156626 
4.569697142 0.457220343307 -3.604167 0.209503 -0.142542 
4.579977989 0.458255398335 -3.648071 0.223239 -0.159508 
4.589858055 0.459341038444 -3.668828 0.226709 -0.135823 
4.599754095 0.460271235509 -3.69773 0.216497 -0.152457 
4.610042095 0.461241262911 -3.691714 0.220665 -0.148441 
4.61995101 0.462235728749 -3.741014 0.222117 -0.156135 
4.629816055 0.463225791762 -3.775823 0.207503 -0.133159 
4.640132189 0.464261126391 -3.770045 0.23496 -0.130144 
4.649998188 0.465334402198 -3.818955 0.213291 -0.125578 
4.659914017 0.466338176324 -3.805693 0.229054 -0.132036 
4.669779062 0.467312735513 -3.869596 0.198408 -0.127342 
4.680088997 0.468331244997 -3.876473 0.232942 -0.121931 
4.689964056 0.46930679346 -3.905481 0.216512 -0.13734 
4.699812174 0.470407699673 -3.955104 0.250315 -0.123469 
4.709719181 0.471391657169 -3.947775 0.213067 -0.135988 
4.720005036 0.472385653493 -4.019121 0.226479 -0.131581 
4.729880095 0.473339951637 -4.069292 0.219676 -0.126735 
4.739764214 0.474295125315 -4.083356 0.218154 -0.132485 
4.750058174 0.475286414749 -4.126505 0.216001 -0.128869 
4.759971142 0.476262468792 -4.111995 0.232736 -0.133544 
4.76981616 0.477248311224 -4.161438 0.209039 -0.119494 
4.779669047 0.478234941627 -4.18305 0.245357 -0.124306 
4.789981127 0.479282080351 -4.204171 0.215605 -0.115897 
4.799909115 0.480410503532 -4.275223 0.227622 -0.121826 
4.809756994 0.481390537803 -4.267751 0.223466 -0.123545 
4.820053101 0.482361979579 -4.31057 0.229826 -0.137989 
4.829950094 0.483295764791 -4.367454 0.218827 -0.131666 
4.839819193 0.484234058507 -4.367167 0.242055 -0.136771 
4.849736214 0.485298416825 -4.47412 0.233403 -0.133005 
4.859989166 0.486353446333 -4.459878 0.240943 -0.135229 
4.869910002 0.487318339143 -4.488119 0.222896 -0.148672 
4.87976718 0.488277040627 -4.524234 0.225273 -0.152593 
4.890021086 0.489274327567 -4.545659 0.244233 -0.146617 
4.899922133 0.490294689578 -4.645391 0.231775 -0.152395 
4.909826994 0.491302122148 -4.645266 0.246655 -0.15676 
4.919709206 0.492284846235 -4.695513 0.24013 -0.161095 
4.92998004 0.493306216346 -4.731339 0.250016 -0.165876 
4.939838171 0.494286545729 -4.731428 0.257109 -0.160199 
4.949747086 0.495260932451 -4.80243 0.25345 -0.156017 
4.960027218 0.496267767701 -4.775056 0.253811 -0.170608 
4.969942093 0.497248698977 -4.832266 0.251383 -0.148747 
4.979799986 0.498225084577 -4.825987 0.247662 -0.14466 
4.990092039 0.499244472021 -4.826436 0.263886 -0.142724 
4.999996185 0.500232133428 -4.890812 0.255798 -0.130097 
5.009888172 0.501220012715 -4.870233 0.260423 -0.135812 
5.019739151 0.50220517584 -4.892267 0.27154 -0.122915 
5.029996157 0.503230944354 -4.928592 0.256503 -0.119168 
5.039888144 0.504220208552 -4.950793 0.283293 -0.115468 
5.049787998 0.505204518819 -5.02204 0.247664 -0.103483 
5.060075045 0.50623082511 -5.030303 0.26594 -0.12028 
5.069982052 0.507226823528 -4.988407 0.25136 -0.115092 
5.079847098 0.508218603408 -5.038818 0.261754 -0.104629 
5.08972621 0.50921179741 -5.068698 0.267707 -0.092954 
5.09999609 0.510263304656 -5.111806 0.265836 -0.099435 
5.109870196 0.511262650639 -5.112266 0.256913 -0.105249 
5.119785071 0.512251852647 -5.14854 0.267304 -0.103849 
5.130072117 0.513278185966 -5.177486 0.265715 -0.10091 
5.139979124 0.514266602989 -5.149628 0.249293 -0.098158 
5.149849177 0.515384646205 -5.222034 0.270364 -0.077792 
5.159730196 0.516386597114 -5.208403 0.26934 -0.065992 
5.17000413 0.517385441637 -5.215699 0.257177 -0.092482 
5.179926157 0.518350073327 -5.259659 0.270634 -0.070772 
5.189789057 0.519308956617 -5.295684 0.272009 -0.086988 
5.200088024 0.520310371785 -5.324331 0.245726 -0.091552 
5.209987164 0.521294838467 -5.374735 0.270274 -0.077435 
5.219896078 0.522300315043 -5.417959 0.268398 -0.083 
5.229741097 0.52329930807 -5.396824 0.263739 -0.09898 
5.240038157 0.524344170568 -5.4262 0.270595 -0.085896 
5.249931097 0.52530752237 -5.483133 0.259554 -0.08544 
5.259819031 0.526286952578 -5.477367 0.287132 -0.076117 
5.270083189 0.527328452931 -5.456345 0.252356 -0.074628 
5.280014038 0.528336132542 -5.436552 0.272874 -0.043767 
5.289859057 0.529332869211 -5.493976 0.269832 -0.063823 
5.299699068 0.530267793724 -5.508624 0.261472 -0.051273 
5.310029984 0.531266270289 -5.516406 0.272592 -0.048355 
5.319894076 0.532240393951 -5.538218 0.258572 -0.045039 
5.329766989 0.533215388727 -5.567535 0.273048 -0.053254 
5.340099096 0.534235730985 -5.589778 0.267474 -0.039793 
5.349951029 0.535293500896 -5.625899 0.261067 -0.046883 
5.359863997 0.536321815394 -5.633331 0.272922 -0.053815 
5.369784117 0.537299206706 -5.675988 0.26277 -0.029687 
5.380039215 0.538309602113 -5.691137 0.269345 -0.045063 
5.389941216 0.53928520823 -5.705261 0.260203 -0.029513 
5.399834156 0.540240131878 -5.741362 0.2781 -0.028057 
5.410128117 0.541257856552 -5.770425 0.276506 -0.024203 
5.420021057 0.542257088901 -5.798627 0.258019 -0.040639 
5.429879189 0.543252805482 -5.821097 0.269521 -0.027869 
5.439803124 0.544255168468 -5.828899 0.256337 -0.033496 
5.450059176 0.545389507456 -5.900379 0.261804 -0.032139 
5.459958077 0.546400914775 -5.886361 0.261678 -0.018015 
5.469824076 0.547390043193 -5.915378 0.268428 -0.013985 
5.480133057 0.548423583342 -5.965818 0.261452 -0.019482 
5.490083218 0.549408524093 -6.008961 0.268083 -0.012697 
5.499922991 0.550320060701 -6.051835 0.272313 -0.027627 
5.509736061 0.551268576078 -6.066867 0.264499 -0.031609 
5.520045996 0.552284041364 -6.110234 0.261613 -0.047638 
5.529939175 0.553258458743 -6.132156 0.272617 -0.013385 
5.539787054 0.55422841435 -6.161012 0.255632 -0.010431 
5.550093174 0.555243503881 -6.161623 0.26423 -0.014859 
5.559959173 0.556245139607 -6.233791 0.277128 -0.012904 
5.569853068 0.557280928025 -6.255942 0.271275 -0.01884 
5.579768181 0.558318937748 -6.29904 0.268561 -0.024525 
5.590030193 0.559393264206 -6.314017 0.267525 -0.020432 
5.599919081 0.560428528443 -6.350447 0.27763 -0.00802 
5.609799147 0.561414913214 -6.329413 0.274093 -0.005398 
5.620131016 0.562430295412 -6.365555 0.260348 -0.001286 
5.629976988 0.563397925246 -6.415934 0.277959 -0.008334 
5.639883995 0.564371553399 -6.452242 0.279886 -0.013417 
5.649759054 0.565342041808 -6.502605 0.273355 -0.016837 
5.660063028 0.566355756031 -6.524771 0.283341 -0.020711 
5.669949055 0.567329694351 -6.560708 0.284318 -0.034053 
5.679826021 0.568302740011 -6.611259 0.2854 -0.028362 
5.690146208 0.569319450322 -6.625804 0.276641 -0.041519 
5.700006008 0.570290804846 -6.676269 0.285626 -0.038646 
5.709880114 0.571284445796 -6.705286 0.292375 -0.034616 
5.720189095 0.572348955244 -6.741185 0.277797 -0.031538 
5.73003006 0.573365137175 -6.755624 0.291499 -0.019067 
5.73993206 0.574387621604 -6.764146 0.288274 -0.026485 
5.749775171 0.575404025132 -6.814455 0.297546 -0.034624 
5.760113001 0.576404977585 -6.822303 0.292985 -0.020678 
5.769906998 0.577348443701 -6.843902 0.286752 -0.027403 
5.779839993 0.578305299642 -6.85894 0.301514 -0.027114 
5.790144205 0.57929791531 -6.902237 0.307255 -0.024484 
5.800001145 0.580247444793 -6.902869 0.290827 -0.030355 
5.809918165 0.581217302045 -6.938766 0.30833 -0.026941 
5.819761038 0.582212568112 -6.989476 0.301183 -0.042782 
5.830064058 0.583254362128 -7.018826 0.309045 -0.018319 
5.839933157 0.584252280047 -7.082567 0.307233 -0.033292 
5.849821091 0.585252102475 -7.105078 0.302209 -0.037278 
5.860179186 0.586292448604 -7.169431 0.317296 -0.062371 
5.870004177 0.587271214383 -7.198406 0.315303 -0.055642 
5.879948139 0.588261832056 -7.291383 0.313415 -0.079612 
5.889757157 0.589239006605 -7.328151 0.332409 -0.083556 
5.900110006 0.590270357608 -7.406773 0.331251 -0.096944 
5.911285162 0.591390191381 -7.442831 0.341128 -0.099894 
5.919825077 0.592250267137 -7.500477 0.337956 -0.124426 
5.930119991 0.593287093141 -7.551549 0.345913 -0.128354 
5.939993143 0.594281442462 -7.602278 0.346543 -0.152405 
5.949842215 0.595273366626 -7.695812 0.353939 -0.16611 
5.959794045 0.596275639801 -7.782302 0.3643 -0.179452 
5.970071077 0.597303754254 -7.840706 0.376898 -0.202296 
5.979968071 0.598292593387 -7.913055 0.372981 -0.234663 
5.989822149 0.599277144651 -8.020888 0.387147 -0.257978 
6.000150204 0.600309052415 -8.114801 0.402428 -0.270838 
6.010048151 0.60130695166 -8.18001 0.409258 -0.311969 
6.019853115 0.602301040854 -8.295043 0.420173 -0.324634 
6.029765129 0.603305983454 -8.360323 0.43462 -0.35757 
6.040060997 0.604349843597 -8.454054 0.434227 -0.389813 
6.049916983 0.605349105724 -8.590003 0.454777 -0.412633 
6.059782028 0.606331554664 -8.698697 0.468869 -0.435406 
6.07004118 0.607332805773 -8.770837 0.47262 -0.455543 
6.079940081 0.608298897862 -8.879024 0.493104 -0.498693 
6.089841128 0.609265199393 -9.001166 0.514883 -0.532414 
6.099744082 0.610231687039 -9.109064 0.513368 -0.544701 
6.110032082 0.611263790223 -9.224669 0.529868 -0.596846 
6.119949103 0.612300217525 -9.318116 0.551259 -0.619986 
6.129781008 0.613327749358 -9.440735 0.556174 -0.663486 
6.140076161 0.614403695213 -9.541992 0.581588 -0.688468 
6.149970055 0.615437705513 -9.65735 0.599224 -0.724757 
6.159874201 0.616423662266 -9.744322 0.61674 -0.757815 
6.170184136 0.617427410086 -9.873974 0.617848 -0.800882 
6.180030108 0.618385987705 -9.996799 0.65512 -0.823732 
6.189903021 0.618385987705 -10.147386 0.673639 -0.885164 
