0.0 0.000917245933939 -0.028598 -0.01523 -0.004704 
0.009905099 0.00192352401899 -0.014868 -0.023469 -0.004888 
0.020175933 0.00295552115455 0.013757 -0.020887 0.006298 
0.030056953 0.00391713875576 -0.015131 -0.015579 -0.004959 
0.039987087 0.00488353611521 -0.000948 -0.022354 0.005567 
0.049861908 0.00584455043179 0.027822 -0.013273 0.00543 
0.060089111 0.00683985844815 0.006723 -0.010301 -0.005577 
0.070039034 0.0078138578892 0.013857 -0.022731 -0.0052 
0.079797029 0.00883716047037 0.013487 -0.006666 -0.016354 
0.090263128 0.0099347205861 0.020733 -0.01921 0.005379 
0.100023031 0.0109582232556 -0.014928 -0.016695 0.004103 
0.10999012 0.0120034531313 0.006185 -0.020391 -0.006365 
0.11986494 0.0130170261978 0.006636 -0.035892 -0.015405 
0.130176067 0.0140238286205 0.020854 -0.02811 -0.005014 
0.140020132 0.0149850260233 0.01403 -0.015226 -0.005144 
0.149922132 0.0159518803342 -0.007373 -0.004647 -0.006125 
0.160171032 0.0169526067679 -0.007293 -0.013828 -0.006421 
0.170063018 0.0179285169568 0.000237 -0.017179 -0.015718 
0.179944992 0.0189564942531 0.000536 -0.010513 -0.015782 
0.19029212 0.0200328594272 0.015337 -0.033345 -0.024512 
0.200063943 0.0210493782105 -0.027373 -0.019519 -0.016187 
0.210087061 0.022092038082 0.001712 -0.018889 -0.025553 
0.219854116 0.0230752745089 0.009511 -0.022068 -0.024507 
0.230163097 0.0240494758444 0.016387 -0.018547 -0.013929 
0.24004507 0.0249833248148 0.002514 -0.011319 -0.024208 
0.249985933 0.0259227389053 -0.00462 -0.008634 -0.004686 
0.260307073 0.0268980892694 0.010089 -0.016072 -0.013431 
0.270177126 0.0278417696586 0.010566 -0.016175 -0.023401 
0.280019998 0.0288253400733 -0.003313 -0.026753 -0.024054 
0.289861917 0.0298088152573 -0.010127 -0.014712 -0.023388 
0.30012393 0.030834269249 -0.009955 -0.007207 -0.023332 
0.310030937 0.0318242484931 -0.002248 -0.027072 -0.022638 
0.319884061 0.0328092499991 -0.009108 -0.023375 -0.022148 
0.330264091 0.0338543306339 0.012183 -0.011504 -0.022287 
0.340083122 0.0348429288508 0.012726 -0.020064 -0.011077 
0.350084066 0.0358498424054 0.01949 -0.016429 -0.021854 
0.359842062 0.0368322955056 -0.015422 -0.022748 -0.032233 
0.370197057 0.037873879636 -0.007806 -0.027219 -0.031553 
0.379986047 0.0388481180667 -0.021948 -0.029908 -0.032277 
0.389951944 0.0398399629715 0.007016 -0.020378 -0.031251 
0.400262117 0.0408660715654 -0.013936 -0.0253 -0.041272 
0.410097122 0.0418448895883 -0.013764 -0.017795 -0.041216 
0.420043945 0.0428368989598 -0.013368 -0.018461 -0.030992 
0.429840088 0.0438485242256 -0.013236 -0.011238 -0.020839 
0.440223932 0.0449208400284 -0.020016 -0.016722 -0.020644 
0.450025081 0.0459329822523 -0.033975 -0.018119 -0.021002 
0.459918022 0.0469546036259 -0.012233 -0.02175 -0.030181 
0.469751119 0.0479567052717 -0.018394 -0.026326 -0.029493 
0.480107069 0.0489548264592 -0.025315 -0.015854 -0.020012 
0.489953041 0.0499037952418 -0.032363 -0.02151 -0.030161 
0.499798059 0.0508526720766 -0.053503 -0.018819 -0.031071 
0.510189056 0.0518541711438 -0.046317 -0.014845 -0.020246 
0.519980907 0.0527988528629 -0.024123 -0.017011 -0.018715 
0.529881954 0.0538026013011 -0.038488 -0.011529 -0.029607 
0.53989911 0.0548181206386 -0.045435 -0.016456 -0.019196 
0.550164938 0.0558588498485 -0.059394 -0.017853 -0.019554 
0.560081005 0.0568910350316 -0.037819 -0.020928 -0.018516 
0.569859981 0.0579388596757 -0.044249 -0.025676 -0.028171 
0.580215931 0.0588777627677 -0.030036 -0.025955 -0.028053 
0.59002304 0.0598426159386 -0.058082 -0.027911 -0.028649 
0.599819898 0.0608185153514 -0.065083 -0.008257 -0.018873 
0.610228061 0.0618553090008 -0.043817 -0.011785 -0.018082 
0.620074987 0.062839013018 -0.050723 -0.016431 -0.017768 
0.630064964 0.06394116867 -0.036384 -0.017549 -0.017768 
0.639845132 0.0649098590556 -0.043417 -0.021356 -0.017335 
0.650245905 0.0659373684819 -0.071463 -0.023312 -0.017931 
0.660047054 0.0669056400696 -0.050506 -0.027294 -0.017386 
0.669904947 0.0678912773971 -0.071458 -0.032216 -0.027407 
0.67980504 0.0690054203233 -0.064293 -0.021186 -0.017688 
0.690196991 0.0700130657192 -0.064414 -0.012286 -0.007296 
0.699996948 0.0709633089942 -0.078373 -0.013683 -0.007654 
0.709949016 0.0719283015639 -0.071071 -0.009703 0.002256 
0.720144987 0.0729167712121 -0.070762 -0.009249 0.002502 
0.730057954 0.073876419839 -0.063461 -0.022236 -0.007337 
0.739950895 0.074852315764 -0.070139 -0.017246 -0.006481 
0.750263929 0.0758722029334 -0.09136 -0.032086 -0.006946 
0.760133981 0.0768482822711 -0.062843 -0.021328 -0.006844 
0.769989967 0.0778682729007 -0.083789 -0.018189 -0.006592 
0.779839992 0.0790204005182 -0.084052 -0.010299 -0.006663 
0.790211916 0.0800071071546 -0.090913 -0.006601 -0.006173 
0.800103902 0.0809481561089 -0.083779 -0.019032 -0.005796 
0.809978008 0.0818875040948 -0.069652 -0.018191 -0.015655 
0.82024312 0.0828804985468 -0.104857 -0.023116 -0.015697 
0.830204963 0.0839855764593 -0.097987 -0.027657 -0.015391 
0.83998394 0.0849412992264 -0.097672 -0.019141 -0.004872 
0.849824905 0.0858928191712 -0.118933 -0.024517 -0.015139 
0.860239982 0.0868998498324 -0.104538 -0.023505 -0.014654 
0.870074033 0.0878520738726 -0.125651 -0.019809 -0.004186 
0.879920959 0.0888672994216 -0.111559 -0.011189 0.006325 
0.890243053 0.0899098514124 -0.125778 -0.01897 -0.004067 
0.900085926 0.0908988409632 -0.125914 -0.011919 -0.004257 
0.909991979 0.091894178697 -0.09721 -0.018519 0.006634 
0.919908046 0.0928891889687 -0.146501 -0.024002 0.006353 
0.930166959 0.0938927714355 -0.132871 -0.016004 0.005358 
0.939996004 0.0948553658805 -0.147703 -0.016632 0.004746 
0.949928045 0.0958341359981 -0.162053 -0.009301 0.004437 
0.960180997 0.096844530844 -0.13345 -0.01663 -0.005232 
0.970117092 0.0978238906717 -0.161896 -0.009014 -0.006576 
0.980014085 0.0988019071505 -0.14785 -0.008738 0.003759 
0.989892959 0.0997859528169 -0.140594 -0.003356 -0.006405 
1.000149011 0.100813909977 -0.15503 -0.004651 0.003207 
1.01008892 0.101810180338 -0.148256 -0.007229 -0.007261 
1.019912004 0.102794741408 -0.133861 -0.006216 -0.006776 
1.030283928 0.103832489826 -0.120261 -0.004712 0.002636 
1.040149927 0.104821140352 -0.127426 -0.015743 -0.007083 
1.049993038 0.105807992025 -0.177179 0.000489 0.001366 
1.059834957 0.106794724191 -0.113435 0.009115 0.002617 
1.070252895 0.107839462307 -0.170688 -0.001537 0.00203 
1.080039024 0.108880159952 -0.14926 0.003283 0.002081 
1.08991909 0.109869725301 -0.135325 -0.010719 0.00337 
1.099801063 0.110850861754 -0.191934 -0.005064 0.002346 
1.110096931 0.111873091972 -0.142622 -0.006637 0.003733 
1.120024919 0.112872177683 -0.142794 -0.014142 0.003677 
1.129895925 0.113999757675 -0.171397 -0.006813 0.013346 
1.140233039 0.115008334066 -0.128571 -0.003669 0.023855 
1.150054931 0.115966641034 -0.16371 0.007088 0.012785 
1.159955978 0.116932671035 -0.142236 0.020251 0.013011 
1.170192003 0.117929951282 -0.14187 0.01309 0.033642 
1.180126905 0.118892864879 -0.163588 0.015154 0.022142 
1.189963102 0.119879802086 -0.113709 -0.001916 0.013574 
1.199836969 0.12087930912 -0.185463 0.011562 0.021168 
1.210280895 0.12193652181 -0.142505 0.004964 0.02208 
1.220045089 0.122916813762 -0.142374 -0.010149 0.011999 
1.23003292 0.123880964634 -0.143255 0.013799 0.031183 
1.239881038 0.124868954518 -0.136791 0.010767 0.020469 
1.250165939 0.12591243391 -0.158756 0.012824 0.039379 
1.259942054 0.126904293194 -0.144194 0.01328 0.029647 
1.269879102 0.127900887623 -0.116006 -0.000721 0.020957 
1.280105114 0.128897961115 -0.159628 0.013592 0.039125 
1.290050983 0.129873054196 -0.124327 0.003963 0.009807 
1.299973011 0.130847166923 -0.174278 -0.00271 0.01913 
1.310213089 0.131852504775 -0.118059 0.017329 0.039951 
1.320094108 0.132822591371 -0.139229 -0.003442 0.029699 
1.330029964 0.13390940122 -0.167543 0.011397 0.038508 
1.33988595 0.134904381119 -0.118322 0.019849 0.039395 
1.350196123 0.135921336823 -0.15438 0.013285 0.047793 
1.360074043 0.136895656758 -0.154522 0.012275 0.03733 
1.369882106 0.137859890221 -0.105048 0.01905 0.037977 
1.380284071 0.138859258658 -0.147971 0.008123 0.036593 
1.390119075 0.139845276344 -0.119931 0.002017 0.026917 
1.400010109 0.140843848823 -0.170003 0.018637 0.034323 
1.409847021 0.141836957288 -0.121127 0.017449 0.035582 
1.420210123 0.142892485132 -0.170612 0.011517 0.034139 
1.429940939 0.143961150769 -0.13499 0.008719 0.045512 
1.439944982 0.144975278126 -0.127598 0.007049 0.035538 
1.450205087 0.146015362936 -0.170383 0.021152 0.034681 
1.460201025 0.147028668674 -0.134854 0.011413 0.025804 
1.46995306 0.147973634444 -0.141744 0.008616 0.036701 
1.479923963 0.148865974424 -0.17022 0.015107 0.046251 
1.490123033 0.1498656743 -0.113155 0.011757 0.028609 
1.500046014 0.150846888558 -0.191365 0.005087 0.027478 
1.509862899 0.151817611723 -0.169718 0.025756 0.027761 
1.52016592 0.152836405481 -0.184002 0.002293 0.028397 
1.530091047 0.153817831942 -0.15552 0.02083 0.048869 
1.53987503 0.154828109136 -0.148695 0.017691 0.029101 
1.549880981 0.155875923438 -0.177131 0.024463 0.028554 
1.560189962 0.156955470773 -0.13403 0.018876 0.03993 
1.569983959 0.157981089441 -0.147975 0.002361 0.030405 
1.579895973 0.159016361196 -0.176765 0.017303 0.049185 
1.590168953 0.160026089455 -0.141063 0.015069 0.040364 
1.600132942 0.161005447076 -0.184194 0.014162 0.039395 
1.609899997 0.161965448112 -0.162801 0.009795 0.040066 
1.619857072 0.162944126159 -0.14162 0.024353 0.050629 
1.630233049 0.163963977963 -0.170411 0.022328 0.049659 
1.640003919 0.164925244625 -0.148998 0.010905 0.051436 
1.649971962 0.1659061062 -0.170137 0.013595 0.050526 
1.660219907 0.166914510305 -0.142127 0.006364 0.051742 
1.670073986 0.167884157753 -0.163515 0.001827 0.041594 
1.679939985 0.168854978136 -0.213131 0.011007 0.050233 
1.690277099 0.169908106444 -0.155797 -0.001916 0.062834 
1.700093031 0.170918970104 -0.191145 -0.007851 0.052328 
1.710045099 0.171943853313 -0.183792 -0.004433 0.052937 
1.719839096 0.172952458064 -0.162338 0.001393 0.064367 
1.730245113 0.174020752641 -0.190586 0.000553 0.054709 
1.740052938 0.174968465707 -0.155051 -0.001125 0.056104 
1.749907016 0.175920648121 -0.183259 -0.011428 0.056248 
1.75991702 0.176887897392 -0.19738 -0.004207 0.076379 
1.77010703 0.17787254033 -0.189668 -0.016011 0.087346 
1.779967069 0.178825298744 -0.175678 -0.008119 0.077297 
1.789921999 0.179810421353 -0.16788 -0.028265 0.058594 
1.80013299 0.180841770844 -0.225202 0.000782 0.066538 
1.810027122 0.181841116353 -0.182401 -0.006103 0.078464 
1.819935083 0.182841858644 -0.189211 -0.018081 0.089065 
1.829909086 0.183849271433 -0.189246 -0.027268 0.089686 
1.840133905 0.184870920515 -0.18202 -0.023011 0.090414 
1.850032091 0.185855202553 -0.217505 -0.021895 0.079718 
1.859860897 0.1868325854 -0.168106 -0.014842 0.071183 
1.870162963 0.187857029527 -0.202729 -0.03779 0.092153 
1.880068063 0.188841999098 -0.202992 -0.029901 0.092082 
1.88995409 0.189833710661 -0.174459 -0.028891 0.083504 
1.899796009 0.190824220766 -0.238009 -0.020101 0.103164 
1.910121917 0.191863440477 -0.187992 -0.038853 0.095273 
1.919948101 0.192852366981 -0.223198 -0.043777 0.09523 
1.929975032 0.193861497058 -0.19468 -0.02765 0.095819 
1.940162897 0.194885234957 -0.208518 -0.05234 0.097378 
1.950105905 0.195878909102 -0.257754 -0.035929 0.08576 
1.959923982 0.196860098021 -0.201039 -0.04976 0.097867 
1.970374107 0.197904451906 -0.20763 -0.04589 0.108701 
1.98015213 0.198881637949 -0.21441 -0.051374 0.108895 
1.990009069 0.199880063865 -0.185998 -0.041464 0.11071 
1.999887943 0.200884193192 -0.228393 -0.036088 0.109804 
2.010194063 0.201931749557 -0.185116 -0.060042 0.092011 
2.02000308 0.202928778332 -0.213491 -0.069789 0.102371 
2.029912948 0.203936058016 -0.199542 -0.062179 0.102419 
2.040252924 0.204950886414 -0.220488 -0.059039 0.102671 
2.050164938 0.205917304029 -0.220472 -0.051821 0.113739 
2.060028076 0.206878956253 -0.213029 -0.063797 0.114363 
2.069909095 0.207842351868 -0.233712 -0.068547 0.114686 
2.080208063 0.208846497352 -0.212323 -0.048894 0.105421 
2.090029955 0.209853655398 -0.233133 -0.052806 0.105863 
2.099841117 0.210881044126 -0.232946 -0.070163 0.116651 
2.110194921 0.211965256325 -0.239584 -0.091603 0.10756 
2.120183944 0.213011270002 -0.225406 -0.074357 0.10815 
2.130060911 0.214045549587 -0.203961 -0.062319 0.119269 
2.1398561 0.215008260219 -0.203626 -0.060859 0.130894 
2.150188923 0.216014212133 -0.224056 -0.067286 0.130978 
2.160049915 0.216974228942 -0.195143 -0.074161 0.121556 
2.169989109 0.217941859107 -0.230921 -0.07165 0.121196 
2.180275917 0.218943331231 -0.238664 -0.06097 0.121121 
2.190161943 0.219959001843 -0.230642 -0.07232 0.132335 
2.199959039 0.2209790801 -0.266467 -0.095119 0.11205 
2.209868908 0.222010900335 -0.252289 -0.077873 0.11264 
2.22022891 0.223089588631 -0.244936 -0.074455 0.113248 
2.230026006 0.224109239678 -0.22371 -0.078265 0.124136 
2.23999691 0.225052379628 -0.230464 -0.082743 0.13571 
2.249994993 0.225998090418 -0.259118 -0.09182 0.13493 
2.260183096 0.226961775051 -0.23024 -0.075799 0.126465 
2.269942999 0.227884956582 -0.23738 -0.071431 0.115815 
2.279828071 0.228819977751 -0.25825 -0.068568 0.125248 
2.290169 0.229842052472 -0.237273 -0.079606 0.126899 
2.30004096 0.230830307053 -0.266064 -0.081631 0.125929 
2.309930086 0.231820280074 -0.251308 -0.090471 0.137258 
2.320212125 0.232849586528 -0.265045 -0.090294 0.12717 
2.330063104 0.233835740759 -0.257839 -0.078982 0.126792 
2.339980125 0.234828196991 -0.257565 -0.070748 0.147408 
2.349838972 0.235814731063 -0.279526 -0.06785 0.136942 
2.360198974 0.236851413646 -0.250963 -0.075461 0.13737 
2.370059013 0.237838066997 -0.271829 -0.081504 0.137327 
2.379900932 0.238822907154 -0.250253 -0.084578 0.138364 
2.390203952 0.239850548197 -0.250025 -0.084688 0.158805 
2.400111913 0.24083777305 -0.250294 -0.08486 0.148461 
2.409976959 0.24182072187 -0.257509 -0.089959 0.148529 
2.419845104 0.242803979474 -0.243108 -0.080885 0.159286 
2.43010807 0.243826576868 -0.257337 -0.082454 0.148585 
2.440047025 0.244840207303 -0.257048 -0.074944 0.147726 
2.449945926 0.245865716364 -0.299753 -0.070023 0.146574 
2.46026206 0.246934450043 -0.250258 -0.070303 0.148327 
2.470165968 0.24796047782 -0.242855 -0.082562 0.159047 
2.480021 0.248981442128 -0.242298 -0.091846 0.148782 
2.4903059 0.249987167883 -0.263893 -0.096109 0.158948 
2.500222921 0.250944527609 -0.270774 -0.085355 0.158332 
2.50999403 0.251887801424 -0.270997 -0.077184 0.148164 
2.519972086 0.252851053288 -0.235502 -0.079143 0.159656 
2.530189037 0.253837367365 -0.263811 -0.073209 0.158989 
2.540115118 0.254821681669 -0.271108 -0.069127 0.159352 
2.54995799 0.255814200792 -0.263942 -0.058096 0.169071 
2.559767961 0.256803402299 -0.292673 -0.066895 0.15911 
2.57013607 0.257848884396 -0.270347 -0.078805 0.151045 
2.580028057 0.258942403402 -0.26378 -0.075738 0.161377 
2.589888095 0.259873836897 -0.27743 -0.076681 0.161266 
2.600198984 0.260846797469 -0.313172 -0.059613 0.160771 
2.610124111 0.261837209041 -0.285126 -0.057658 0.161367 
2.619915008 0.262814226029 -0.284751 -0.065662 0.182794 
2.629992008 0.26381979275 -0.291748 -0.054913 0.183093 
2.640161991 0.264891772083 -0.284172 -0.04992 0.173971 
2.650010109 0.265912822657 -0.305858 -0.038789 0.184122 
2.659924984 0.266901057558 -0.305544 -0.047239 0.174892 
2.670233965 0.267928573772 -0.30601 -0.04798 0.185658 
2.680097103 0.268911651946 -0.277229 -0.039742 0.186317 
2.689965963 0.269968988683 -0.305559 -0.058112 0.177104 
2.699886083 0.270975897083 -0.319558 -0.050045 0.166945 
2.710245132 0.271982770845 -0.298509 -0.03734 0.16784 
2.720010995 0.272931988406 -0.298377 -0.030117 0.177993 
2.729979992 0.273900950085 -0.320205 -0.019996 0.17768 
2.740124941 0.274878086856 -0.333911 -0.037463 0.189393 
2.750082969 0.275849522173 -0.355173 -0.042839 0.179125 
2.759974002 0.27683533598 -0.305642 -0.028563 0.180744 
2.769820928 0.277816753756 -0.319677 -0.029683 0.171205 
2.780139923 0.278845221434 -0.327151 -0.035798 0.161725 
2.790007114 0.279970669651 -0.347606 -0.040657 0.182488 
2.79992795 0.280994641786 -0.361783 -0.025821 0.182235 
2.810292005 0.281976362933 -0.354485 0.002178 0.182208 
2.820049047 0.28290058559 -0.347158 -0.009803 0.183747 
2.830013036 0.283844411024 -0.361381 -0.00331 0.183319 
2.839776992 0.284871798449 -0.36139 -0.011491 0.195318 
2.850237131 0.285959290849 -0.376003 0.003729 0.194937 
2.860038042 0.286908651917 -0.37545 -0.005674 0.206944 
2.869887113 0.287862677982 -0.389222 -0.014683 0.197476 
2.880208015 0.288862407757 -0.389435 -0.007355 0.188104 
2.890058994 0.289860733545 -0.375297 0.009609 0.19879 
2.90002203 0.290884009861 -0.396836 0.02724 0.197618 
2.909929037 0.291878138936 -0.404006 0.030484 0.197861 
2.920133113 0.292902077713 -0.375413 0.014974 0.200191 
2.930047035 0.29389690068 -0.396288 0.02489 0.179939 
2.939888 0.294865430948 -0.402753 0.027922 0.190653 
2.950268983 0.295876453402 -0.438997 0.029693 0.201059 
2.96015501 0.296849659077 -0.410232 0.004723 0.183696 
2.969933986 0.297814828589 -0.410155 0.005167 0.185773 
2.979871034 0.298795599558 -0.438514 0.026778 0.174994 
2.990102052 0.299807223707 -0.452229 0.042235 0.186247 
3.000010013 0.300790193878 -0.466248 0.048334 0.187776 
3.00999403 0.30179241398 -0.472622 0.051087 0.179092 
3.020185947 0.302815503593 -0.464975 0.038717 0.181674 
3.030229091 0.303823659008 -0.499698 0.047122 0.18242 
3.039932966 0.304806280082 -0.492005 0.043095 0.185178 
3.049816131 0.305805664127 -0.498581 0.037218 0.187331 
3.060184955 0.306838771134 -0.518847 0.039861 0.179571 
3.070055961 0.307822277602 -0.553504 0.049553 0.181599 
3.079912901 0.308804382591 -0.552914 0.064452 0.173572 
3.090169906 0.309860745592 -0.580087 0.06245 0.166126 
3.100083112 0.31087751385 -0.59362 0.067603 0.158482 
3.110019922 0.311869778546 -0.571708 0.071359 0.171631 
3.119833946 0.312849782143 -0.613398 0.060278 0.154343 
3.130199909 0.313884900971 -0.620187 0.061729 0.147124 
3.140017986 0.314966351931 -0.626524 0.064644 0.150615 
3.149902105 0.315988931166 -0.653443 0.060965 0.14293 
3.160224914 0.316997393335 -0.68134 0.074174 0.156452 
3.170145988 0.317966608963 -0.722741 0.070603 0.138305 
3.179991006 0.318928394482 -0.722577 0.085042 0.130947 
3.18990612 0.319879201606 -0.736479 0.091868 0.124458 
3.200134992 0.320880773267 -0.792043 0.07827 0.11679 
3.21009612 0.321893896488 -0.769725 0.090262 0.12106 
3.219815969 0.322882479781 -0.811359 0.086681 0.104744 
3.230173111 0.323935880667 -0.811053 0.085165 0.0881 
3.240004062 0.324893035357 -0.838296 0.091502 0.081746 
3.249895095 0.325863212215 -0.865737 0.111664 0.084192 
3.25979805 0.326871256453 -0.872171 0.104946 0.057646 
3.27017498 0.32792754768 -0.878 0.09986 0.053069 
3.280082941 0.32893610149 -0.912575 0.115486 0.035389 
3.289921045 0.32987921076 -0.940787 0.129924 0.018493 
3.300204992 0.330871998328 -0.953761 0.1114 0.012892 
3.310050964 0.331844617618 -0.96784 0.124995 0.016309 
3.31992197 0.332819709853 -0.995277 0.130882 0.008792 
3.329905033 0.333805871468 -1.016162 0.106628 -0.006415 
3.34013009 0.334885682274 -1.036269 0.132616 -0.012056 
3.350090026 0.335926977509 -1.071407 0.149465 -0.029744 
3.359903097 0.336887175733 -1.092377 0.143297 -0.03518 
3.370218992 0.337896574733 -1.105255 0.132555 -0.049905 
3.380124092 0.338865777893 -1.14771 0.160541 -0.068336 
3.390028953 0.339832137889 -1.175758 0.159189 -0.053765 
3.399811029 0.340797646964 -1.182282 0.153472 -0.068016 
3.410157919 0.341839086178 -1.246635 0.154166 -0.0808 
3.420000076 0.342829722808 -1.302636 0.152023 -0.100429 
3.43001008 0.34383725364 -1.381556 0.14492 -0.120857 
3.440198898 0.344957496996 -1.467694 0.159311 -0.119095 
3.450113058 0.345988966308 -1.546355 0.158594 -0.12949 
3.460026025 0.34699010571 -1.589847 0.147523 -0.132603 
3.469867944 0.347984069769 -1.560889 0.156212 -0.102202 
3.480181932 0.349020824584 -1.574454 0.182936 -0.116954 
3.489975929 0.34991466604 -1.532111 0.165804 -0.118908 
3.499850988 0.350851476274 -1.538379 0.174052 -0.121714 
3.510234117 0.351871431898 -1.516627 0.183971 -0.142406 
3.520025015 0.352833211481 -1.515957 0.189688 -0.150728 
3.52998209 0.353811314965 -1.537369 0.221596 -0.171432 
3.539880991 0.3547837039 -1.529636 0.217851 -0.178772 
3.550086975 0.355811155396 -1.557721 0.221706 -0.175889 
3.560000896 0.35685404728 -1.564407 0.233631 -0.182446 
3.569844961 0.357889590683 -1.591564 0.221881 -0.198572 
3.580281973 0.358987508964 -1.61945 0.243992 -0.204153 
3.590107917 0.360021146134 -1.654045 0.237887 -0.198321 
3.600048065 0.361019969733 -1.69623 0.234686 -0.213849 
3.609832048 0.361981955292 -1.695766 0.256515 -0.228374 
3.62013793 0.362995255259 -1.752782 0.255259 -0.212455 
3.630124092 0.36397711956 -1.789039 0.256625 -0.226839 
3.639945984 0.364942832425 -1.824521 0.249439 -0.231844 
3.650326013 0.365963626793 -1.860915 0.259707 -0.207258 
3.660128116 0.366927913716 -1.868863 0.271384 -0.194122 
3.669991016 0.367898181574 -1.889895 0.256874 -0.171154 
3.679836034 0.368866690282 -1.890188 0.278754 -0.179745 
3.690213918 0.369887619956 -1.947216 0.260653 -0.177268 
3.700083971 0.370872434636 -1.933082 0.275647 -0.183472 
3.709954023 0.371886962996 -1.954295 0.301672 -0.180432 
3.720191955 0.37293930521 -1.961428 0.288835 -0.194867 
3.730180978 0.373966062427 -1.976648 0.303026 -0.202049 
3.739979028 0.374973189807 -1.99058 0.303357 -0.198131 
3.749952077 0.375950289196 -2.048378 0.316262 -0.20707 
3.760170936 0.376937886549 -2.027694 0.297595 -0.182289 
3.77008605 0.377896128593 -2.042265 0.304074 -0.179971 
3.779942989 0.378848748339 -2.071359 0.310379 -0.178019 
3.790277004 0.379847474895 -2.092989 0.297651 -0.174337 
3.800045013 0.380797729243 -2.129905 0.323817 -0.172163 
3.810085058 0.381810761063 -2.115533 0.315522 -0.177366 
3.819849014 0.382795935742 -2.144587 0.322108 -0.18551 
3.830259084 0.383846302762 -2.173837 0.328126 -0.172546 
3.8400321 0.384832391587 -2.195121 0.330409 -0.168751 
3.849889993 0.385824656191 -2.224499 0.320299 -0.175416 
3.860237121 0.3868591574 -2.225151 0.327893 -0.162644 
3.870146989 0.387849941551 -2.239362 0.334265 -0.16938 
3.879946947 0.388829736949 -2.261312 0.321926 -0.166741 
3.889919996 0.389826837907 -2.289659 0.360382 -0.164078 
3.900146961 0.390852523029 -2.332418 0.349501 -0.160511 
3.910062074 0.391853037875 -2.325799 0.352729 -0.166583 
3.919912099 0.392846984817 -2.375686 0.36234 -0.15312 
3.930267095 0.393891887404 -2.376218 0.361034 -0.15074 
3.940129041 0.394887037271 -2.418788 0.359508 -0.136533 
3.950009107 0.395884015591 -2.432817 0.357426 -0.123005 
3.959831953 0.396862017136 -2.440583 0.353428 -0.129253 
3.970156908 0.397885794062 -2.490624 0.362872 -0.127048 
3.980065107 0.398868247304 -2.483984 0.359044 -0.132015 
3.989919901 0.399845405142 -2.519613 0.376719 -0.118258 
4.000176906 0.400875042215 -2.569592 0.369644 -0.105146 
4.010064125 0.401884309014 -2.541119 0.37815 -0.111836 
4.019912958 0.402889657451 -2.598263 0.37701 -0.088694 
4.029828071 0.403901771612 -2.612859 0.37346 -0.08496 
4.040158033 0.404956232698 -2.634134 0.369529 -0.080856 
4.050018072 0.405942211147 -2.713006 0.376666 -0.069524 
4.059849977 0.406896545255 -2.655447 0.371409 -0.073272 
4.070194959 0.407900681196 -2.719846 0.380004 -0.059378 
4.080015897 0.408853950792 -2.769957 0.38082 -0.075832 
4.089993 0.409822378548 -2.748521 0.3854 -0.059817 
4.099769115 0.410792380456 -2.819852 0.398088 -0.076886 
4.110171079 0.4118835134 -2.834017 0.388665 -0.05124 
4.120008945 0.412915474258 -2.883331 0.405956 -0.056871 
4.129924059 0.413955538186 -2.897846 0.388576 -0.061022 
4.140185117 0.415031890539 -2.9191 0.392705 -0.075224 
4.150008916 0.416023383169 -2.997473 0.41502 -0.052522 
4.16002798 0.416998091602 -2.948114 0.396522 -0.065017 
4.170252084 0.41799274743 -3.032624 0.392931 -0.050483 
4.180210113 0.418961518051 -3.05447 0.411552 -0.066109 
4.190032005 0.419917044533 -3.040868 0.41987 -0.070418 
4.199958086 0.420905684086 -3.161714 0.425501 -0.078037 
4.210264921 0.421979781793 -3.14832 0.417127 -0.081783 
4.220129966 0.423007839603 -3.212369 0.426457 -0.077739 
4.229958057 0.424032046356 -3.205522 0.412609 -0.08312 
4.239890098 0.425067085965 -3.234768 0.419468 -0.099531 
4.250147104 0.426077580187 -3.263653 0.418325 -0.065935 
4.260042905 0.427010254461 -3.26434 0.426478 -0.072441 
4.269947052 0.427943715342 -3.293327 0.424607 -0.059405 
4.280218124 0.42891175872 -3.308405 0.439809 -0.056123 
4.290064096 0.429839736636 -3.351767 0.429869 -0.042466 
4.299937009 0.430791729802 -3.395042 0.44367 -0.058143 
4.310262918 0.431828228539 -3.395472 0.426126 -0.054952 
4.320112943 0.432816958777 -3.439153 0.431691 -0.06175 
4.33004713 0.433814137067 -3.447613 0.434283 -0.038025 
4.339910984 0.43480425544 -3.447866 0.40997 -0.04474 
4.350349903 0.435852757528 -3.520253 0.438379 -0.035577 
4.360099077 0.436833076181 -3.485872 0.443392 -0.022818 
4.369946956 0.437823320019 -3.543305 0.449136 -0.011126 
4.379852056 0.438819317659 -3.544571 0.446918 -0.008323 
4.390147924 0.439854608593 -3.545558 0.448404 -0.014765 
4.400063038 0.440849068921 -3.610313 0.448201 -0.001294 
4.409919023 0.441826615878 -3.631289 0.433971 -0.017002 
4.420164108 0.442842754973 -3.674061 0.440781 0.02779 
4.430032968 0.443821578912 -3.681608 0.467747 0.002362 
4.439856052 0.444795862647 -3.709231 0.440863 0.009311 
4.450187921 0.445820609246 -3.731051 0.477456 0.024812 
4.460185051 0.446818413147 -3.745389 0.4677 -0.001554 
4.470025062 0.447854160427 -3.817607 0.472135 0.022497 
4.479922056 0.448895905667 -3.817163 0.471511 0.038588 
4.4900949 0.449966686534 -3.860876 0.453615 0.022448 
4.500099897 0.450976307674 -3.90337 0.466926 0.026423 
4.509998083 0.451931834226 -3.881498 0.471122 0.042564 
4.519922971 0.45288993847 -3.945355 0.465786 0.067183 
4.530177116 0.45387982771 -3.952801 0.476515 0.042565 
4.539973974 0.45482557251 -3.988039 0.471069 0.068584 
4.549931049 0.455799733899 -4.031096 0.485603 0.072551 
4.560246944 0.456838317489 -4.023776 0.481278 0.059573 
4.570039987 0.45782426139 -4.080068 0.470182 0.05501 
4.579961061 0.458823095194 -4.11591 0.48007 0.078809 
4.590203046 0.459890222449 -4.137467 0.491807 0.074632 
4.600150108 0.460926702817 -4.144674 0.486467 0.090664 
4.609945058 0.461802282315 -4.13768 0.47447 0.06637 
4.619858026 0.462797154914 -4.215466 0.474232 0.080224 
4.630275964 0.463842706666 -4.237752 0.524478 0.094182 
4.639993906 0.464818006316 -4.279528 0.474134 0.072273 
4.650010109 0.465858361843 -4.307955 0.495782 0.068276 
4.659812927 0.466905669522 -4.343512 0.50584 0.073839 
4.670141935 0.467926063211 -4.42937 0.518235 0.078676 
4.680051088 0.468904979791 -4.450796 0.52023 0.064903 
4.689832925 0.469871318934 -4.471593 0.490207 0.052084 
4.700160026 0.470961060933 -4.557055 0.501936 0.067145 
4.710052013 0.47201050465 -4.550865 0.514332 0.064114 
4.719911098 0.472963259112 -4.60093 0.509098 0.060145 
4.730289936 0.473966241053 -4.643433 0.529345 0.056706 
4.74011302 0.474915516479 -4.650848 0.534025 0.073152 
4.749948978 0.475864339247 -4.715161 0.534279 0.057376 
4.759891033 0.47682616547 -4.715742 0.534256 0.061954 
4.770100116 0.477848463978 -4.744405 0.523091 0.066555 
4.780054092 0.478845217047 -4.752222 0.519654 0.069609 
4.78994894 0.479836049264 -4.809315 0.532347 0.071141 
4.799802065 0.480912209871 -4.831026 0.519055 0.095017 
4.81022191 0.482030867016 -4.817383 0.527655 0.08061 
4.820008039 0.482954192166 -4.881525 0.520298 0.084303 
4.829883098 0.483885907896 -4.889949 0.547192 0.087995 
4.840151071 0.484854695218 -4.904409 0.531221 0.091434 
4.850131034 0.485881757327 -4.940597 0.540492 0.102811 
4.859887123 0.486927544884 -4.926829 0.532416 0.114801 
4.870192051 0.487929794185 -4.956113 0.523275 0.112733 
4.880114078 0.488894802831 -4.928812 0.515415 0.132854 
4.890021085 0.489858350644 -4.936575 0.527781 0.131187 
4.89982891 0.490839239592 -4.958927 0.514545 0.160082 
4.910181999 0.491912105205 -4.938744 0.53608 0.170996 
4.920004129 0.492888854514 -4.960685 0.522177 0.181535 
4.929955005 0.493878406806 -4.933002 0.539236 0.194044 
4.939811945 0.494858617751 -4.955018 0.525609 0.195402 
4.950197935 0.49588620043 -4.998777 0.515614 0.205938 
4.95995903 0.496842201241 -4.956811 0.524055 0.217475 
4.969782114 0.497809234518 -5.000414 0.514345 0.216999 
4.980154037 0.498836532772 -4.994582 0.51113 0.227267 
4.990078926 0.499819554063 -5.00244 0.521805 0.228108 
4.999881982 0.500793818933 -5.060113 0.518756 0.238463 
5.010301113 0.501833822208 -5.046708 0.535529 0.242468 
5.020138979 0.502817433869 -5.075473 0.50852 0.245922 
5.030064106 0.503810012285 -5.091058 0.531723 0.257272 
5.039784908 0.504782156849 -5.091401 0.522805 0.250542 
5.050179004 0.505818565577 -5.135109 0.512248 0.251778 
5.060158014 0.50680967369 -5.143191 0.515979 0.261864 
5.069905996 0.50778919106 -5.165303 0.526652 0.272683 
5.079857111 0.508789623865 -5.137886 0.502553 0.265036 
5.090094089 0.509818795833 -5.160239 0.531026 0.296639 
5.10001111 0.510824433156 -5.188929 0.527878 0.277067 
5.109924078 0.511841313213 -5.225598 0.529191 0.288142 
5.12018013 0.512864554277 -5.240505 0.519816 0.291143 
5.130074024 0.513851663022 -5.248555 0.530764 0.283718 
5.139919996 0.514833990613 -5.234548 0.531481 0.297047 
5.150314092 0.515939006694 -5.27103 0.52518 0.299011 
5.160120964 0.517008773726 -5.293147 0.527792 0.299558 
5.170002937 0.517969511317 -5.301542 0.53095 0.331669 
5.179848909 0.518926748846 -5.315918 0.521031 0.293128 
5.190169096 0.519930090142 -5.359027 0.535404 0.3135 
5.200047969 0.520890595272 -5.367437 0.546459 0.315129 
5.209926128 0.521854650518 -5.346621 0.542188 0.298107 
5.220263958 0.522903650026 -5.382514 0.535671 0.311457 
5.230174064 0.523909247556 -5.42612 0.540958 0.31384 
5.240003109 0.524906619671 -5.447612 0.536295 0.2983 
5.249998092 0.525898200595 -5.505121 0.547686 0.301297 
5.260198116 0.526891433484 -5.519769 0.539326 0.313846 
5.270153045 0.527901556483 -5.527626 0.550723 0.307583 
5.279932975 0.528893922399 -5.570213 0.530382 0.291458 
5.290291071 0.529944954606 -5.599523 0.569885 0.313264 
5.300244093 0.530913210127 -5.635761 0.563474 0.307089 
5.310070037 0.531847853515 -5.635917 0.546943 0.291249 
5.319885969 0.532817221159 -5.678625 0.552467 0.305265 
5.330241918 0.533839917922 -5.708073 0.550696 0.299691 
5.340080976 0.534811569364 -5.729194 0.562049 0.295642 
5.349970102 0.535818431069 -5.786514 0.551434 0.301838 
5.359822988 0.536896379443 -5.81554 0.565118 0.298454 
5.370144128 0.537913281715 -5.879629 0.557922 0.285741 
5.3799901 0.538883367509 -5.915095 0.567701 0.271906 
5.389832019 0.539853053977 -5.952167 0.594303 0.277988 
5.400141954 0.540858331858 -6.023472 0.582007 0.265344 
5.410128116 0.541825860728 -6.06627 0.571567 0.271905 
5.41990304 0.54281317292 -6.109721 0.577744 0.278443 
5.429783105 0.543811104834 -6.117238 0.581696 0.274329 
5.440139055 0.544857103318 -6.160259 0.579427 0.270722 
5.44998908 0.545902468528 -6.217361 0.584661 0.27715 
5.459830999 0.546959379174 -6.253404 0.61078 0.272473 
5.470155 0.547994425171 -6.281954 0.609246 0.278533 
5.480037927 0.548985250728 -6.304561 0.611555 0.264259 
5.489933967 0.549977390945 -6.333703 0.610119 0.281204 
5.500227928 0.550952097676 -6.398264 0.611087 0.288734 
5.510087013 0.551881885346 -6.441234 0.608257 0.275826 
5.519954919 0.552853813489 -6.491597 0.616842 0.252993 
5.529864072 0.553829804209 -6.541954 0.618373 0.259846 
5.540158033 0.554843696154 -6.599664 0.631602 0.246677 
5.55004692 0.555817690797 -6.657081 0.62832 0.242586 
5.55983901 0.556784803088 -6.679377 0.648049 0.248308 
5.570195913 0.557869063652 -6.729138 0.640578 0.234799 
5.580049038 0.558900583873 -6.758616 0.637682 0.240118 
5.590018034 0.559944234588 -6.787323 0.644885 0.244395 
5.599833965 0.560971860982 -6.837793 0.646531 0.229892 
5.610210895 0.56203504981 -6.894961 0.636084 0.247346 
5.620114088 0.563008303136 -6.959449 0.64455 0.227269 
5.629976034 0.563977502843 -7.023901 0.636214 0.199617 
5.640228033 0.564985035678 -7.07457 0.65301 0.201978 
5.65004301 0.565949619425 -7.188791 0.670652 0.191455 
5.660037994 0.566931934915 -7.23212 0.668651 0.180497 
5.669930935 0.567906554379 -7.311182 0.676782 0.176459 
5.680171013 0.568915372619 -7.326031 0.67563 0.173329 
5.690007925 0.569884472293 -7.355255 0.680804 0.15851 
5.699937105 0.570862661902 -7.412738 0.68598 0.133238 
5.710149049 0.571870572351 -7.484535 0.688904 0.139729 
5.720022916 0.572890151756 -7.53512 0.681522 0.138937 
5.72994709 0.573914925881 -7.622076 0.700887 0.116461 
5.73974204 0.574926356285 -7.722485 0.710854 0.08556 
5.75022602 0.576008936199 -7.845187 0.739948 0.045214 
5.760029077 0.576984886019 -7.960315 0.749173 0.035057 
5.769917965 0.577937493086 -8.025401 0.764791 -0.003821 
5.779731989 0.578882888424 -8.133558 0.762261 -0.025656 
5.790115118 0.579883106251 -8.212903 0.786059 -0.037975 
5.799932003 0.580828777192 -8.320868 0.783257 -0.051544 
5.809870958 0.581786207266 -8.386169 0.79939 -0.086073 
5.820146083 0.582819032425 -8.472304 0.818547 -0.098993 
5.830024957 0.583817938747 -8.572991 0.836406 -0.101386 
5.839993953 0.584825957792 -8.659928 0.86311 -0.135064 
5.849944114 0.585832072328 -8.767177 0.868997 -0.157265 
5.860107898 0.586859272972 -8.861156 0.883712 -0.178511 
5.870041132 0.587848821921 -8.904758 0.895814 -0.18985 
5.879825115 0.588823502483 -8.984252 0.895425 -0.203492 
5.890221119 0.589859152588 -9.077457 0.910613 -0.228153 
5.900078058 0.590841101028 -9.185832 0.923594 -0.242779 
5.910062074 0.591836264953 -9.26487 0.930158 -0.267497 
5.920234918 0.592860796989 -9.315932 0.947017 -0.290528 
5.93018794 0.593863190212 -9.402733 0.965947 -0.316912 
5.940014124 0.59485280927 -9.460783 0.98662 -0.33223 
5.949824094 0.595840795377 -9.561391 0.987355 -0.367462 
5.960175991 0.596883360278 -9.662131 0.997832 -0.393098 
5.970068931 0.597876212505 -9.748702 1.017374 -0.406145 
5.979952097 0.598863670041 -9.835341 1.018663 -0.440224 
5.990135908 0.599881165943 -9.936191 1.037197 -0.454671 
6.00010705 0.599881165943 -10.022759 1.047113 -0.470092 
