0.0 0.000103968643064 0.020451 -0.018931 -0.011464 
0.010200978 0.0011403056456 0.041758 -0.022177 -0.02077 
0.020143033 0.00213118977583 0.027792 -0.031636 -0.0314 
0.029997111 0.00309018539049 0.03514 -0.019313 -0.021315 
0.039833069 0.00404741757275 0.021018 -0.029058 -0.020933 
0.050157071 0.00505214603581 0.021368 -0.028322 -0.030783 
0.060069085 0.00601677996285 0.014102 -0.03286 -0.021414 
0.069937945 0.00699600112292 0.057182 -0.016277 -0.030557 
0.080253125 0.00807773464699 0.035748 -0.029158 -0.040881 
0.090168953 0.00911758887799 0.021748 -0.030837 -0.031142 
0.100022078 0.0101508675633 0.050362 -0.022043 -0.020266 
0.109930039 0.0111898967968 0.02223 -0.022878 -0.030839 
0.120208979 0.0122300824363 0.036879 -0.023542 -0.030593 
0.130041123 0.0131901158449 0.022919 -0.024939 -0.030951 
0.139910937 0.0141538274399 0.015562 -0.014083 -0.021597 
0.150197983 0.0151582785378 0.029963 -0.021975 -0.030589 
0.160115004 0.0161265995341 0.023492 -0.027004 -0.030147 
0.169986964 0.0171118009434 0.038182 -0.027387 -0.039999 
0.179902077 0.0181432255407 0.003229 -0.033988 -0.04028 
0.190163136 0.019210637344 0.016809 -0.010313 -0.051387 
0.200073004 0.0202415163276 0.031701 -0.026204 -0.039867 
0.209914923 0.0212653268823 0.010714 -0.023346 -0.029519 
0.220262051 0.0222875129156 0.025966 -0.024951 -0.039362 
0.230132103 0.0232202353485 0.011764 -0.025514 -0.038685 
0.240005971 0.0241533183944 -0.002373 -0.020142 -0.029136 
0.250271082 0.0251233740037 -0.001886 -0.021087 -0.03831 
0.260209084 0.0260625177289 -0.016155 -0.022938 -0.038915 
0.27007103 0.0270148307389 -0.001192 -0.032053 -0.047899 
0.279912949 0.0279983059229 -0.021753 -0.028737 -0.038219 
0.290277958 0.0290340520141 -0.028583 -0.018544 -0.048136 
0.300104142 0.030015954844 -0.006612 -0.022284 -0.036874 
0.309971095 0.031001931605 -0.020567 -0.032586 -0.046709 
0.320271969 0.0320333553151 -0.013088 -0.030006 -0.04622 
0.330140114 0.0330268984205 -0.048303 -0.028717 -0.046572 
0.340033055 0.0340229380331 -0.040991 -0.025581 -0.035867 
0.349895001 0.0350158570117 -0.025845 -0.033403 -0.044485 
0.36024499 0.036057913063 -0.033061 -0.038503 -0.044417 
0.370111943 0.0370483304966 -0.025206 -0.019788 -0.054709 
0.379940987 0.0380265552575 -0.024228 -0.028733 -0.043371 
0.390312911 0.0390588095516 -0.03841 -0.021958 -0.053897 
0.400177956 0.0400406172723 -0.04523 -0.027724 -0.043605 
0.410078049 0.0410259131066 -0.045057 -0.020219 -0.043549 
0.419956923 0.0420177151456 -0.04449 -0.030346 -0.053018 
0.43023491 0.0430790993383 -0.079756 -0.028496 -0.04407 
0.440093041 0.044097125963 -0.051198 -0.012087 -0.053578 
0.449985028 0.0451186488192 -0.057532 -0.024168 -0.052946 
0.460232974 0.0461769307466 -0.04989 -0.01324 -0.053197 
0.470124007 0.0471697907169 -0.035804 -0.012681 -0.052958 
0.47999692 0.0481213561114 -0.042554 -0.01704 -0.063656 
0.489876986 0.0490736109223 -0.057253 -0.010445 -0.054116 
0.500191927 0.050067779604 -0.03583 -0.013687 -0.064337 
0.51006198 0.0510190693477 -0.049957 -0.014528 -0.054478 
0.519940138 0.0519810493205 -0.050093 -0.007476 -0.054669 
0.530246974 0.0530259358398 -0.056751 -0.004894 -0.045117 
0.54014802 0.0540296841766 -0.05701 -0.005909 -0.054665 
0.550017119 0.0550301937901 -0.056574 -0.006293 -0.054538 
0.560347081 0.056127855313 -0.078489 -0.004798 -0.044929 
0.570208073 0.0571370547706 -0.057096 -0.009164 -0.044258 
0.58007598 0.0580348408213 -0.077779 -0.013914 -0.043935 
0.58996296 0.0590197176028 -0.070639 -0.018283 -0.033285 
0.600271941 0.0600466313851 -0.077601 -0.015314 -0.053356 
0.610167981 0.061032410665 -0.091865 -0.009103 -0.043687 
0.620023966 0.062036159992 -0.091596 -0.008931 -0.033344 
0.63033104 0.0631515221736 -0.062987 -0.008198 -0.03274 
0.640208006 0.0641272838471 -0.084249 -0.013574 -0.043008 
0.650078059 0.065102362574 -0.062242 -0.008128 -0.032367 
0.659898043 0.0660724949022 -0.098173 -0.005785 -0.043986 
0.670256138 0.067139532444 -0.091313 -0.009483 -0.044476 
0.680146933 0.0682167884197 -0.077434 -0.008649 -0.023924 
0.689997912 0.0691719789931 -0.056228 0.004342 -0.034041 
0.699932099 0.0701352377491 -0.077976 -8.9e-05 -0.035135 
0.710204125 0.0711312547344 -0.099379 0.01049 -0.036116 
0.720081091 0.0720885145215 -0.063804 -0.000651 -0.024919 
0.729946137 0.0730446771645 -0.106681 -0.003234 -0.026127 
0.740250111 0.0740636683631 -0.071739 0.00958 -0.026156 
0.750133992 0.0750411152924 -0.071552 0.001967 -0.035266 
0.760014058 0.0760181849449 -0.092868 0.011427 -0.02627 
0.770331145 0.0771239560671 -0.071399 0.016528 -0.036316 
0.780190945 0.0782286379558 -0.099922 0.014675 -0.026943 
0.790040017 0.0791656043957 -0.093045 0.018196 -0.016364 
0.79995513 0.0801088534784 -0.092615 0.00975 -0.026509 
0.810245038 0.0810877577311 -0.092655 0.009468 -0.016413 
0.82017994 0.0820773776804 -0.078483 0.018652 -0.026096 
0.829977036 0.0831514472626 -0.092488 0.008912 -0.026629 
0.840326071 0.0841520923427 -0.107537 0.024517 -0.027137 
0.850203991 0.0851071854553 -0.107142 0.01848 -0.017398 
0.860062123 0.0860603652721 -0.107015 0.017642 -0.017518 
0.869935036 0.087027239073 -0.071922 0.008287 -0.026522 
0.880254984 0.0880909477522 -0.107482 0.011532 -0.007238 
0.890115023 0.0890816621037 -0.072363 0.017576 -0.017173 
0.899959088 0.0900707714239 -0.086307 0.001062 -0.026697 
0.910324097 0.0911122240155 -0.114789 -0.000509 -0.02742 
0.92019105 0.0920966739441 -0.093751 0.013038 -0.027321 
0.93005395 0.0930615162731 -0.10766 -0.004035 -0.017566 
0.939903975 0.0940274224518 -0.093366 0.013215 -0.017892 
0.950261117 0.095048084881 -0.100875 0.00951 -0.007489 
0.960113049 0.0960189605189 -0.101184 0.009057 -0.007735 
0.969959021 0.0969898973516 -0.072748 0.002284 -0.007188 
0.980293036 0.0980111001514 -0.12239 -0.003935 0.002382 
0.990170002 0.09899793894 -0.101447 0.016946 -0.007806 
1.000057936 0.0999889998819 -0.080049 0.015271 0.002652 
1.009913922 0.100976858697 -0.122659 -0.004107 -0.007962 
1.020272017 0.102014693105 -0.108405 0.012862 0.001809 
1.030142069 0.103002184229 -0.101848 0.016771 0.011345 
1.039999962 0.103990376337 -0.109378 0.020123 0.020642 
1.050283909 0.105021425393 -0.087276 0.001269 0.021822 
1.060158968 0.106011480112 -0.130376 0.006857 0.010446 
1.070035935 0.107011847037 -0.087854 0.000643 0.011232 
1.080346108 0.108101750707 -0.123845 -0.004633 0.020912 
1.090223074 0.109082390038 -0.103379 0.01635 0.020694 
1.100080014 0.110061041077 -0.08872 0.009473 0.02125 
1.109957934 0.111041775126 -0.145856 -0.001174 0.019748 
1.120284081 0.112113639761 -0.074198 0.009648 0.021615 
1.130145073 0.113203394389 -0.089055 -0.00638 0.021934 
1.140049935 0.114169796613 -0.124813 0.003469 0.010371 
1.149832011 0.115124218796 -0.060537 0.004378 0.022037 
1.16017294 0.11613316741 -0.131714 0.001515 0.020472 
1.170078993 0.117097138187 -0.067723 0.000403 0.011212 
1.179986001 0.118057348233 -0.103055 -0.003683 0.011289 
1.190299035 0.119099860685 -0.074887 0.006339 0.021242 
1.200200081 0.120102118981 -0.0822 0.003202 0.010536 
1.210052968 0.121099502262 -0.117856 0.01378 0.019533 
1.219927073 0.122082845128 -0.054027 0.004319 0.011012 
1.230179072 0.123072496812 -0.103633 0.007287 0.019962 
1.240051032 0.124072677137 -0.103942 0.006833 0.019715 
1.249927998 0.125074768502 -0.075633 0.000899 0.020382 
1.259880066 0.12608447952 -0.103973 0.000338 0.030122 
1.270142079 0.127105737429 -0.054458 0.007395 0.020672 
1.280014992 0.128068382479 -0.07579 -0.004757 0.030909 
1.289864064 0.129035148865 -0.097315 -0.002244 0.02057 
1.300184012 0.130048328095 -0.075876 -0.003637 0.020931 
1.310076952 0.131019585057 -0.104789 0.003238 0.030354 
1.319905043 0.13199768025 -0.083528 -0.008352 0.020872 
1.330208064 0.133131081841 -0.104435 -0.020046 0.03044 
1.34007597 0.134104414034 -0.083351 -0.015122 0.010966 
1.350078106 0.135090986157 -0.06213 -0.000282 0.011431 
1.359894991 0.136059285835 -0.097898 -0.013729 0.03128 
1.370192051 0.13706625089 -0.062242 -0.024307 0.022283 
1.380118132 0.138021164104 -0.083766 -0.010197 0.031208 
1.389982939 0.139017088775 -0.112385 -0.004717 0.030294 
1.400309086 0.140059589105 -0.048505 -0.020108 0.011987 
1.410155058 0.141053612244 -0.105636 -0.022694 0.020757 
1.419981957 0.14206964861 -0.056283 -0.007019 0.031797 
1.429901124 0.143143432688 -0.07763 -0.011275 0.011552 
1.440232993 0.14419079234 -0.049178 -0.010829 0.023168 
1.450104952 0.14519153011 -0.062941 -0.026051 0.01401 
1.459958077 0.146190358645 -0.085114 -0.03094 0.013585 
1.470288039 0.147168101032 -0.092162 -0.009884 0.003287 
1.480159045 0.14806214896 -0.084536 -0.020569 0.004277 
1.490014077 0.149036644216 -0.113403 -0.022316 -0.005875 
1.499861956 0.150010432162 -0.091868 -0.015927 -0.014639 
1.510215998 0.15103427103 -0.105979 -0.031885 -0.013946 
1.520086051 0.152010251607 -0.063761 -0.020746 -0.023033 
1.529945136 0.152985147636 -0.091477 -0.029303 -0.022277 
1.540277958 0.154062773775 -0.070606 -0.032165 -0.03171 
1.550076962 0.155088916771 -0.106045 -0.028075 -0.042716 
1.559979916 0.15612594532 -0.141985 -0.033912 -0.042337 
1.569893122 0.157164047448 -0.098925 -0.039782 -0.020864 
1.580223084 0.15822916619 -0.106232 -0.034857 -0.021297 
1.590134144 0.159203321436 -0.106597 -0.027696 -0.041928 
1.599950076 0.160168126577 -0.09998 -0.03056 -0.041383 
1.610206128 0.161176190988 -0.142857 -0.033144 -0.042591 
1.62013197 0.162151799152 -0.086416 -0.038242 -0.03135 
1.630023957 0.163124079718 -0.135576 -0.053468 -0.041227 
1.639872075 0.164093128278 -0.12157 -0.043728 -0.040694 
1.650181056 0.165107538363 -0.114051 -0.046236 -0.050787 
1.66008091 0.166081690099 -0.134952 -0.034753 -0.05036 
1.669942141 0.167052041307 -0.092713 -0.040415 -0.038442 
1.680284024 0.168069688969 -0.120475 -0.057316 -0.037861 
1.690141917 0.169083462639 -0.113036 -0.045272 -0.047174 
1.70004201 0.170102993362 -0.105633 -0.047785 -0.056352 
1.709885121 0.171116655968 -0.148094 -0.058091 -0.04623 
1.720205069 0.172179424171 -0.084228 -0.036029 -0.035135 
1.730041981 0.173178723999 -0.119206 -0.058029 -0.034486 
1.739923001 0.174133509771 -0.133758 -0.059328 -0.023959 
1.750256062 0.175131975478 -0.10476 -0.057577 -0.043303 
1.760136128 0.176086669067 -0.169014 -0.048576 -0.034113 
1.770059109 0.177045509457 -0.140836 -0.056363 -0.043114 
1.779923916 0.177998728595 -0.126958 -0.05553 -0.022562 
1.790195942 0.179023732513 -0.133783 -0.069357 -0.022543 
1.800060988 0.180020140224 -0.133383 -0.069182 -0.041694 
1.809937001 0.181017655644 -0.139989 -0.050195 -0.021694 
1.820302964 0.182064657905 -0.125273 -0.049571 -0.020166 
1.830178977 0.183062173325 -0.174388 -0.071569 -0.010455 
1.840009928 0.184041360892 -0.167461 -0.068609 -0.009177 
1.849936963 0.185028511694 -0.130877 -0.077825 -0.017434 
1.860199929 0.186049067692 -0.165731 -0.059677 -0.007092 
1.870096922 0.187033231098 -0.129613 -0.069633 -0.004583 
1.879957915 0.18801381464 -0.157122 -0.078465 -0.024139 
1.890264988 0.189049976766 -0.164503 -0.050927 -0.013519 
1.900125981 0.190042406516 -0.164356 -0.058821 -0.012532 
1.909996033 0.191035747982 -0.177865 -0.075719 -0.021929 
1.919922114 0.192034728317 -0.120307 -0.081699 -0.018574 
1.930145026 0.193063582307 -0.197604 -0.071889 -0.009798 
1.940057993 0.194058432131 -0.161946 -0.050385 -0.018459 
1.94994402 0.195046411768 -0.153777 -0.069629 -0.006258 
1.960283041 0.196079662254 -0.174213 -0.084118 -0.016447 
1.970178128 0.19706854732 -0.159994 -0.06659 -0.025954 
1.980026007 0.198052714561 -0.195397 -0.072083 -0.004888 
1.990319014 0.199098386564 -0.153107 -0.063912 -0.01458 
2.000205994 0.200103339818 -0.181533 -0.073098 0.005081 
2.010074139 0.201106378606 -0.209823 -0.059827 -0.006789 
2.019947053 0.202109902134 -0.174491 -0.055741 -0.006866 
2.030271054 0.203156859049 -0.209813 -0.056021 0.001597 
2.040144921 0.204119557347 -0.174917 -0.051551 0.001392 
2.050015927 0.205081976698 -0.203652 -0.061191 0.020807 
2.060351134 0.206089655471 -0.189723 -0.046525 0.019749 
2.070199013 0.207049819948 -0.196609 -0.043833 0.00886 
2.080064059 0.208011658201 -0.217932 -0.042435 0.007583 
2.089918137 0.209034411464 -0.204342 -0.034719 0.016685 
2.100230933 0.210114329457 -0.183183 -0.039816 0.026291 
2.110119105 0.211149782388 -0.190403 -0.036011 0.035835 
2.120002032 0.212184686083 -0.197189 -0.049557 0.025758 
2.130326033 0.213259395973 -0.196631 -0.041875 0.035242 
2.140201092 0.214220782275 -0.204526 -0.031363 0.023908 
2.150069953 0.215181565171 -0.211316 -0.036004 0.023307 
2.159959078 0.216144320869 -0.204541 -0.033212 0.013326 
2.170254946 0.217146675029 -0.211499 -0.037296 0.022941 
2.180146933 0.218109709357 -0.21876 -0.050739 0.022833 
2.190002919 0.219133814285 -0.197468 -0.038868 0.022693 
2.200357914 0.220211981249 -0.211388 -0.039983 0.012239 
2.210210085 0.221237793941 -0.225798 -0.025878 0.02092 
2.220065117 0.222263904521 -0.204283 -0.022178 0.030948 
2.229922057 0.223273259168 -0.232765 -0.02375 0.030225 
2.240267993 0.2242518731 -0.204446 -0.016133 0.019379 
2.250097991 0.225181684862 -0.225216 -0.029508 0.029623 
2.259932995 0.226111970138 -0.24666 -0.036177 0.018989 
2.27028513 0.227091170428 -0.218097 -0.026821 0.039167 
2.280147076 0.228024004127 -0.217924 -0.019316 0.039223 
2.289999009 0.229009029031 -0.210982 -0.000114 0.038774 
2.299910069 0.230001197804 -0.238973 -0.026651 0.038813 
2.31020403 0.231031697737 -0.246107 -0.031187 0.018687 
2.320080996 0.232020453454 -0.224237 -0.01869 0.029137 
2.329929114 0.233006321278 -0.24566 -0.015448 0.039359 
2.340268136 0.234040934922 -0.25353 -0.020896 0.019655 
2.350057126 0.235020478694 -0.245924 -0.024524 0.019539 
2.359981061 0.236013525854 -0.259742 -0.024911 0.029644 
2.369848013 0.23700087096 -0.259478 -0.017685 0.010302 
2.380151988 0.238031947152 -0.245239 -0.016959 0.0218 
2.390023947 0.239015746897 -0.245066 -0.009454 0.021856 
2.399894953 0.23999928957 -0.237932 -0.021884 0.022233 
2.410237074 0.241029773933 -0.252378 -0.00722 0.011636 
2.420115948 0.242014100569 -0.245198 -0.011307 0.012189 
2.429953099 0.242994269944 -0.259015 -0.011694 0.022294 
2.439840079 0.244009178368 -0.29486 -0.01047 0.020652 
2.45014906 0.245077171008 -0.281169 -0.009245 0.010666 
2.460019112 0.246099691362 -0.259259 -0.006212 0.030919 
2.469885111 0.247121791832 -0.280312 0.005104 0.020087 
2.480256081 0.248194420199 -0.266084 -0.010294 0.011039 
2.490123034 0.24914694651 -0.280084 -0.011972 0.020778 
2.499966145 0.250097171184 -0.265912 -0.002789 0.011095 
2.50987506 0.251053748381 -0.287401 -0.000834 0.020035 
2.520158053 0.252046437956 -0.272975 0.006673 0.010113 
2.530019045 0.252998388809 -0.315401 0.005554 0.019615 
2.539904118 0.253985739157 -0.301097 0.004995 0.000335 
2.550218106 0.25502576389 -0.300874 -0.003177 0.010503 
2.560109139 0.256023139392 -0.322444 0.007959 0.019738 
2.569909096 0.257011331124 -0.308134 0.000347 0.030144 
2.579859972 0.258131868379 -0.315137 0.003034 0.020171 
2.590106965 0.259060171471 -0.321633 0.013965 0.028983 
2.599985123 0.260008864349 -0.300453 0.011557 0.019797 
2.60984397 0.260992661952 -0.300326 0.010718 0.019677 
2.62025404 0.262031465163 -0.300199 0.00988 0.019558 
2.630105973 0.26301457283 -0.349604 -0.005234 0.017819 
2.639970065 0.264071678238 -0.328869 0.015921 0.027945 
2.649795056 0.265074581755 -0.335659 0.01128 0.027344 
2.660144091 0.26610609023 -0.328666 0.014806 0.037007 
2.669969082 0.267085366218 -0.321633 0.018613 0.036573 
2.679855109 0.268070725783 -0.349999 0.017046 0.034934 
2.69013095 0.269189784874 -0.335893 0.024943 0.023969 
2.700065136 0.270171946501 -0.314637 0.022257 0.023964 
2.709916115 0.271129437124 -0.321574 0.02551 0.022376 
2.719833136 0.272093346866 -0.328587 0.029041 0.011607 
2.730101109 0.273091368267 -0.342988 0.036933 0.020599 
2.739999056 0.274042286473 -0.350477 0.040566 0.0198 
2.749853135 0.275009800751 -0.37148 0.036205 0.01908 
2.760236025 0.276044636679 -0.357394 0.046509 -0.000581 
2.770015955 0.277019377136 -0.36462 0.042252 -0.001309 
2.779947043 0.278027871367 -0.393142 0.050144 -0.011834 
2.790204049 0.279204004487 -0.407806 0.04896 -0.022662 
2.800089121 0.280184007534 -0.393684 0.058705 -0.023044 
2.81001401 0.281124129273 -0.429904 0.053539 -0.033804 
2.819848061 0.282055646505 -0.430609 0.053751 -0.044275 
2.83019805 0.283044504381 -0.473573 0.052287 -0.05546 
2.84006095 0.284098573115 -0.473785 0.059616 -0.064832 
2.849941969 0.285108734095 -0.495487 0.063528 -0.06575 
2.860255957 0.286107794147 -0.495923 0.063913 -0.065877 
2.870075942 0.28705900281 -0.503139 0.058813 -0.06581 
2.880015135 0.288021758505 -0.503316 0.075328 -0.075802 
2.889832974 0.289028616293 -0.524891 0.078402 -0.07684 
2.900119067 0.290078179981 -0.539186 0.061152 -0.076514 
2.910087109 0.291078433677 -0.553369 0.067927 -0.087039 
2.919960976 0.292069237283 -0.539678 0.069151 -0.097025 
2.929880143 0.293064586566 -0.560833 0.055599 -0.096209 
2.940159083 0.294070835187 -0.568499 0.075747 -0.107001 
2.950009108 0.295030146694 -0.589755 0.078432 -0.106996 
2.959857941 0.296001743379 -0.59018 0.077974 -0.106327 
2.970170022 0.297019529513 -0.604455 0.068061 -0.117204 
2.980073929 0.297997029518 -0.604845 0.076789 -0.117155 
2.989934922 0.298972539601 -0.619109 0.066034 -0.127236 
3.000209094 0.29999467785 -0.647671 0.073644 -0.127664 
3.010143996 0.300991967668 -0.640592 0.085795 -0.127923 
3.020020009 0.301983346063 -0.641064 0.076993 -0.127429 
3.02985096 0.302970201025 -0.690761 0.078389 -0.138244 
3.040184021 0.304018637771 -0.677151 0.07905 -0.128036 
3.05010891 0.305017963001 -0.705243 0.068751 -0.128808 
3.05993414 0.305996908536 -0.684194 0.081456 -0.127913 
3.07029295 0.307029017789 -0.705369 0.07496 -0.128203 
3.080204011 0.308016515172 -0.705612 0.075793 -0.127168 
3.09007597 0.309044211429 -0.712929 0.086931 -0.127911 
3.099901915 0.310042954808 -0.748317 0.080715 -0.12832 
3.110234023 0.311074692962 -0.733674 0.071989 -0.138346 
3.120105029 0.312060386638 -0.762156 0.070418 -0.13907 
3.129972935 0.313045770755 -0.769198 0.082569 -0.158844 
3.14031601 0.314210867279 -0.755421 0.082674 -0.158853 
3.150156022 0.315193292875 -0.761998 0.08582 -0.169495 
3.160062075 0.316161041062 -0.783132 0.096571 -0.160133 
3.169870139 0.317119216448 -0.783447 0.088056 -0.170652 
3.1802001 0.318128377315 -0.797412 0.095564 -0.161533 
3.190102101 0.319073224427 -0.804218 0.089074 -0.172717 
3.199975968 0.320051534766 -0.796957 0.085551 -0.192358 
3.210312129 0.321102801723 -0.803858 0.088967 -0.181771 
3.220189095 0.322107365022 -0.817569 0.094798 -0.172892 
3.230026007 0.323107854522 -0.87433 0.100286 -0.185175 
3.239964963 0.324065718215 -0.824688 0.106504 -0.194744 
3.250246048 0.325086027445 -0.873808 0.098781 -0.17507 
3.260116101 0.326090722514 -0.880821 0.102311 -0.185839 
3.269984007 0.327095199035 -0.838567 0.095926 -0.195397 
3.280313969 0.328138653637 -0.866365 0.101198 -0.186756 
3.290174008 0.32907851985 -0.887398 0.119851 -0.208791 
3.300040007 0.330037261395 -0.887217 0.094432 -0.208275 
3.309893132 0.331010587283 -0.893312 0.105537 -0.218614 
3.320255042 0.33203417272 -0.914325 0.107389 -0.219644 
3.330133915 0.333010042085 -0.942204 0.104877 -0.230457 
3.339965106 0.334072253138 -0.913702 0.113785 -0.240936 
3.350291014 0.335126487115 -0.934406 0.116091 -0.24172 
3.360177041 0.336093824003 -0.955692 0.126675 -0.243617 
3.370048047 0.337059691103 -0.940826 0.109778 -0.243476 
3.379910946 0.338024764942 -0.953878 0.116799 -0.244199 
3.390177966 0.339025845115 -0.918186 0.120778 -0.253331 
3.400078059 0.340009520045 -0.953175 0.114014 -0.265787 
3.409939051 0.341002052463 -0.994825 0.119459 -0.266319 
3.420264006 0.342041283866 -0.994445 0.126689 -0.286576 
3.430165053 0.343037847916 -1.015144 0.120091 -0.296836 
3.440026999 0.344148624641 -1.02203 0.122783 -0.307725 
3.449932099 0.345156312472 -1.043251 0.134655 -0.30834 
3.460194111 0.346192702945 -1.028891 0.126481 -0.307234 
3.470072032 0.34719030295 -1.05685 0.123405 -0.297853 
3.479938031 0.348166305859 -1.070414 0.131087 -0.307886 
3.490262032 0.349108517714 -1.049011 0.125878 -0.306418 
3.50008607 0.350055116141 -1.090874 0.123536 -0.296909 
3.509989977 0.351027996825 -1.111527 0.125281 -0.306993 
3.520277024 0.352038514121 -1.090195 0.137433 -0.31723 
3.530156136 0.353008959143 -1.153745 0.129257 -0.317319 
3.540035964 0.353979474499 -1.139538 0.120915 -0.327473 
3.549876929 0.354982404153 -1.181314 0.127199 -0.327885 
3.560241938 0.3560727481 -1.159749 0.130337 -0.327158 
3.570114136 0.357111250946 -1.144704 0.138752 -0.336586 
3.579971076 0.35814814873 -1.215212 0.126491 -0.32706 
3.59027195 0.359231746016 -1.200619 0.133442 -0.347199 
3.600142956 0.360210013241 -1.221129 0.136197 -0.34682 
3.610023022 0.361181445919 -1.234901 0.127188 -0.356288 
3.619838954 0.362146572782 -1.198721 0.147187 -0.354844 
3.63022399 0.363167655368 -1.247572 0.132416 -0.364475 
3.640109063 0.364139580346 -1.232756 0.131195 -0.374445 
3.649919034 0.365104401072 -1.246482 0.147496 -0.363989 
3.660279036 0.366123571595 -1.238957 0.141453 -0.383073 
3.670182944 0.367097873637 -1.266957 0.147841 -0.383493 
3.680045128 0.368068071058 -1.323217 0.12752 -0.394218 
3.68994999 0.36904246695 -1.28726 0.140576 -0.383529 
3.700232983 0.370076673434 -1.329748 0.13901 -0.404685 
3.710062981 0.371087084702 -1.335878 0.140928 -0.414404 
3.719993115 0.372107788805 -1.314136 0.137297 -0.423582 
3.730301142 0.373167335982 -1.36366 0.146199 -0.434341 
3.740203143 0.374185148334 -1.377554 0.160483 -0.445727 
3.75 0.375132550343 -1.391337 0.152317 -0.455991 
3.75988412 0.376087796985 -1.419129 0.148685 -0.456826 
3.770210982 0.377085832242 -1.418912 0.147567 -0.476343 
3.780102969 0.378041839187 -1.42598 0.134573 -0.475289 
3.789958954 0.378994366734 -1.446597 0.145504 -0.485994 
3.800259114 0.380004781223 -1.467417 0.147805 -0.485861 
3.810161114 0.381003884422 -1.459928 0.144173 -0.485062 
3.820003987 0.381997021757 -1.466585 0.16187 -0.494923 
3.830363989 0.38304233696 -1.508008 0.15024 -0.494763 
3.840239049 0.384038721936 -1.458167 0.164969 -0.492898 
3.850111008 0.385030512387 -1.471706 0.146946 -0.491402 
3.85996914 0.386016123995 -1.51366 0.159999 -0.481908 
3.870264054 0.387045404872 -1.491386 0.131684 -0.500421 
3.880190135 0.388037809991 -1.50534 0.138349 -0.490507 
3.890084029 0.389026997068 -1.52617 0.156608 -0.510583 
3.89990306 0.390013377242 -1.539399 0.139039 -0.508841 
3.91021204 0.391053636444 -1.538526 0.170352 -0.50825 
3.920085907 0.392049989236 -1.544454 0.149541 -0.536246 
3.929999114 0.393050311751 -1.564838 0.151457 -0.535987 
3.94022894 0.394082583676 -1.578488 0.16563 -0.555511 
3.950094939 0.395078142523 -1.584715 0.145373 -0.543795 
3.959974051 0.396058351734 -1.612395 0.151372 -0.543173 
3.970274926 0.397079740993 -1.562068 0.165156 -0.550481 
3.980179072 0.398061792357 -1.661346 0.143814 -0.540819 
3.990041972 0.39903975395 -1.589504 0.171043 -0.557998 
3.999912978 0.400035716952 -1.63835 0.147367 -0.577105 
4.010225058 0.401088352681 -1.665325 0.153154 -0.566012 
4.020106078 0.402096986699 -1.636599 0.154613 -0.573427 
4.029953003 0.403102140371 -1.692218 0.150481 -0.562318 
4.040276051 0.404155895691 -1.635614 0.168846 -0.57123 
4.050159932 0.405134383202 -1.683658 0.15459 -0.549829 
4.06003213 0.406092628351 -1.698286 0.153568 -0.548483 
4.069937945 0.407054136536 -1.654669 0.15353 -0.556688 
4.08028102 0.408058087373 -1.703092 0.14716 -0.534443 
4.090135098 0.409014573704 -1.696408 0.175092 -0.564338 
4.099978924 0.410007185751 -1.681724 0.142509 -0.552254 
4.110320092 0.411091941389 -1.737576 0.164357 -0.532359 
4.120203019 0.412128629002 -1.694172 0.149311 -0.570171 
4.130083085 0.413165016506 -1.750862 0.154402 -0.551001 
4.139987946 0.414204004927 -1.757199 0.171711 -0.55982 
4.15021801 0.41522253237 -1.734858 0.161651 -0.557302 
4.159997941 0.41617397666 -1.798388 0.160812 -0.568595 
4.169903994 0.417137690776 -1.727602 0.155436 -0.58673 
4.180270911 0.41814624022 -1.840469 0.157736 -0.57873 
4.190138102 0.419106173632 -1.776451 0.172745 -0.596024 
4.200020075 0.42010368274 -1.846534 0.143977 -0.606916 
4.209888936 0.421132138224 -1.824344 0.156085 -0.595423 
4.220200062 0.422206683105 -1.817254 0.168114 -0.601989 
4.230102063 0.42323859218 -1.859497 0.158542 -0.572222 
4.239953042 0.424265184142 -1.830198 0.182075 -0.611042 
4.250267983 0.425262200533 -1.892786 0.143341 -0.598553 
4.260114909 0.426190268363 -1.884302 0.162121 -0.607555 
4.270035029 0.427125234691 -1.855718 0.16257 -0.625434 
4.279917002 0.428056605683 -1.890335 0.157429 -0.61409 
4.290189982 0.429024828889 -1.854723 0.170589 -0.622926 
4.300032139 0.429985771182 -1.910454 0.152178 -0.620864 
4.309942961 0.430980604129 -1.952793 0.165054 -0.620797 
4.320287943 0.432019017385 -1.945274 0.167916 -0.630405 
4.330086947 0.433002626215 -1.95104 0.155453 -0.659141 
4.33996296 0.433993965089 -1.979247 0.177231 -0.658661 
4.35026908 0.435029445524 -2.007475 0.15959 -0.647314 
4.360197068 0.436027744644 -2.014461 0.169496 -0.646218 
4.370085001 0.437022016073 -1.942469 0.147845 -0.672223 
4.37993908 0.438012883347 -2.034084 0.17148 -0.674164 
4.390311957 0.439055917845 -1.991019 0.171821 -0.681581 
4.400146008 0.44003959347 -2.039834 0.166236 -0.691832 
4.410020113 0.441018937625 -2.066925 0.172018 -0.679823 
4.42028308 0.442036850311 -2.051643 0.17226 -0.707663 
4.430191041 0.443019552408 -2.086391 0.165265 -0.705987 
4.440060139 0.443998399953 -2.086076 0.17193 -0.734629 
4.44993496 0.444977815123 -2.077902 0.160747 -0.712156 
4.460263968 0.44602018207 -2.106129 0.175188 -0.700473 
4.470133067 0.447058991117 -2.084289 0.179339 -0.718777 
4.480016947 0.448099355994 -2.125631 0.168272 -0.738811 
4.490322114 0.449184065014 -2.118079 0.180201 -0.726768 
4.50019908 0.450163311557 -2.13861 0.175619 -0.715186 
4.51007104 0.451116306369 -2.130832 0.162529 -0.734995 
4.519959927 0.452070935237 -2.130487 0.17754 -0.734883 
4.530259133 0.453065174464 -2.151286 0.172785 -0.733645 
4.540161133 0.454021069202 -2.171923 0.191494 -0.752559 
4.550022126 0.454993946275 -2.156726 0.168717 -0.758169 
4.560310126 0.456029721453 -2.206427 0.169994 -0.746712 
4.570169926 0.457022386314 -2.163205 0.170622 -0.765141 
4.580027104 0.458014787197 -2.219022 0.18469 -0.765616 
4.589920998 0.459068613503 -2.225574 0.171876 -0.784628 
4.600264073 0.460099985101 -2.23905 0.17916 -0.791787 
4.610095978 0.461001888545 -2.232477 0.175895 -0.758873 
4.619971037 0.46199295657 -2.246568 0.18239 -0.788797 
4.630275012 0.463027070914 -2.280446 0.15229 -0.807101 
4.640157939 0.464018928577 -2.259477 0.196513 -0.785676 
4.65001607 0.465064169629 -2.25793 0.172793 -0.791396 
4.659852982 0.466091197776 -2.26443 0.176384 -0.799961 
4.670195103 0.467112886886 -2.242518 0.180139 -0.786812 
4.680084944 0.46808989565 -2.305623 0.179759 -0.798773 
4.689909935 0.46906049794 -2.290766 0.164427 -0.806532 
4.70026207 0.470181588768 -2.347267 0.177021 -0.815885 
4.710154057 0.471197981996 -2.290065 0.17199 -0.83285 
4.720017911 0.47215119732 -2.33927 0.180502 -0.842566 
4.73028493 0.473143373386 -2.345588 0.17564 -0.830866 
4.740174056 0.474099030926 -2.367167 0.202734 -0.841839 
4.750097037 0.475055451332 -2.372873 0.173752 -0.859667 
4.759958983 0.476017016806 -2.400953 0.194692 -0.859307 
4.770287037 0.477051228614 -2.386882 0.179008 -0.857342 
4.780164004 0.478040270297 -2.421656 0.180753 -0.886943 
4.790022135 0.479027425814 -2.414567 0.192061 -0.886405 
4.799869061 0.480128729626 -2.464051 0.201244 -0.907261 
4.810203076 0.48120250303 -2.456257 0.18098 -0.903692 
4.820102931 0.482136558273 -2.520242 0.205269 -0.903573 
4.829947949 0.483065439623 -2.497622 0.177571 -0.909665 
4.840276003 0.48403989561 -2.504065 0.188663 -0.917257 
4.850153924 0.485081476546 -2.511203 0.200974 -0.895363 
4.860042096 0.486121376779 -2.510523 0.200478 -0.903374 
4.869868994 0.487077133253 -2.503327 0.20361 -0.891753 
4.88022995 0.488084831793 -2.545235 0.193647 -0.889523 
4.890099049 0.489044692704 -2.523902 0.196776 -0.886965 
4.899948121 0.490043210644 -2.501991 0.195161 -0.874302 
4.91029501 0.491106117847 -2.522973 0.189114 -0.87343 
4.920171977 0.492088320352 -2.54441 0.191229 -0.880895 
4.930026055 0.493068246689 -2.55045 0.177754 -0.890599 
4.940344096 0.49409431124 -2.528878 0.184306 -0.887188 
4.950191021 0.495065533703 -2.536574 0.203329 -0.887087 
4.960062981 0.496032392622 -2.557541 0.19913 -0.875632 
4.969892979 0.497002258776 -2.529241 0.214525 -0.894688 
4.980237961 0.498026888629 -2.571601 0.187981 -0.883755 
4.990112067 0.499004880063 -2.606837 0.206071 -0.905113 
4.999959946 0.499985060943 -2.613352 0.19342 -0.91195 
5.00989008 0.500976285078 -2.641858 0.208531 -0.911407 
5.020151139 0.502002458919 -2.633628 0.187883 -0.907711 
5.030053139 0.502992724482 -2.668955 0.190007 -0.936524 
5.039875985 0.503975074122 -2.64717 0.194601 -0.923255 
5.050171137 0.505000329895 -2.696784 0.204503 -0.92172 
5.060068131 0.505984923458 -2.653267 0.206309 -0.918427 
5.069955111 0.506978908467 -2.64632 0.202213 -0.916043 
5.080276967 0.508016613624 -2.67439 0.21694 -0.915372 
5.090172053 0.509011413568 -2.674238 0.200141 -0.923862 
5.10004592 0.510017280289 -2.666398 0.202614 -0.932427 
5.10992694 0.511024971881 -2.659045 0.191639 -0.91951 
5.120254994 0.512055396547 -2.70185 0.21352 -0.928576 
5.130111933 0.513038818311 -2.75793 0.194373 -0.916663 
5.140026093 0.514027948984 -2.707249 0.199988 -0.943298 
5.150293112 0.515151416322 -2.748898 0.206155 -0.950934 
5.160170079 0.51619223826 -2.762608 0.212708 -0.949158 
5.170041085 0.517151909626 -2.74775 0.212491 -0.976329 
5.179893971 0.518109819343 -2.803421 0.201699 -0.995566 
5.190237046 0.519115385838 -2.810128 0.22068 -1.00323 
5.20014 0.520078262545 -2.83797 0.218331 -1.001868 
5.209972144 0.521045822001 -2.858912 0.212566 -1.011092 
5.220302105 0.522094023026 -2.872951 0.211327 -0.99836 
5.230132103 0.523091491843 -2.901138 0.209083 -1.016523 
5.240052939 0.524098178167 -2.879273 0.21424 -1.023449 
5.249880076 0.525065424936 -2.885863 0.218832 -1.019719 
5.260296107 0.526087874534 -2.920681 0.220177 -1.016951 
5.270132065 0.52708592559 -2.884886 0.225606 -1.012626 
5.279986144 0.528085815377 -2.89922 0.208796 -1.009307 
5.290297986 0.529132154208 -2.905593 0.211549 -1.01799 
5.300148011 0.530078711154 -2.912016 0.215584 -1.024477 
5.310043097 0.531026700714 -2.919372 0.227162 -1.022227 
5.320349932 0.532044547248 -2.939148 0.20484 -1.029224 
5.330227137 0.533019965878 -2.95305 0.211666 -1.035714 
5.340120078 0.533996938509 -2.973427 0.2054 -1.052035 
5.349924088 0.535018365233 -3.001375 0.211949 -1.06886 
5.360332966 0.536127713542 -2.992754 0.224399 -1.084776 
5.370187998 0.537098691983 -3.013273 0.234089 -1.09181 
5.380059004 0.538071244281 -3.047804 0.220607 -1.110137 
5.389899016 0.53904074286 -3.061033 0.218153 -1.127808 
5.400223971 0.540043016833 -3.095679 0.236748 -1.144882 
5.410109997 0.541009673831 -3.137516 0.233561 -1.163156 
5.419955016 0.542004065938 -3.129686 0.237598 -1.179621 
5.430272103 0.543046139081 -3.185447 0.227808 -1.186564 
5.440200091 0.544048911439 -3.191652 0.230725 -1.212568 
5.450010062 0.545110741566 -3.190306 0.230457 -1.207116 
5.459862948 0.546146850107 -3.225692 0.257044 -1.214292 
5.47023511 0.547186724548 -3.217608 0.245012 -1.218687 
5.480119944 0.548177741293 -3.230938 0.227435 -1.244608 
5.489979983 0.549166272184 -3.265534 0.230354 -1.251571 
5.500298977 0.550128945138 -3.271494 0.250126 -1.265965 
5.510169983 0.551071085943 -3.284509 0.241066 -1.281367 
5.520013094 0.552040571931 -3.283129 0.233017 -1.296284 
5.530298949 0.553053665485 -3.346139 0.241022 -1.302202 
5.540214062 0.554030243228 -3.358805 0.232698 -1.327455 
5.550082922 0.555002265334 -3.379019 0.235502 -1.351619 
5.559920073 0.555985705774 -3.413655 0.253254 -1.367898 
5.570245982 0.557066721587 -3.433277 0.246214 -1.383049 
5.580121995 0.558100637945 -3.468 0.233005 -1.409642 
5.589977026 0.559132357704 -3.453253 0.240845 -1.425625 
5.600291014 0.560212125512 -3.487883 0.251543 -1.412218 
5.61017108 0.561211766389 -3.501167 0.24231 -1.437964 
5.620053053 0.562182934283 -3.529161 0.240516 -1.454965 
5.629903079 0.563150962531 -3.535883 0.243254 -1.460902 
5.6402421 0.564167047604 -3.555972 0.230105 -1.465773 
5.650139094 0.565139691712 -3.584193 0.245386 -1.483465 
5.65998602 0.566107885071 -3.597416 0.2366 -1.478554 
5.67030406 0.567124383867 -3.57593 0.249642 -1.484635 
5.680167914 0.568096137777 -3.618274 0.240063 -1.482532 
5.690048934 0.569069582824 -3.638803 0.250596 -1.490363 
5.699906111 0.570040678938 -3.667233 0.249186 -1.507491 
5.71025014 0.571070800349 -3.687109 0.243823 -1.522403 
5.72012496 0.572090478161 -3.707278 0.254249 -1.539288 
5.729987145 0.573108851277 -3.734329 0.244068 -1.564229 
5.740296126 0.574173360725 -3.77578 0.24178 -1.580179 
5.750185967 0.575194589611 -3.810071 0.252206 -1.616581 
5.760059119 0.576164833403 -3.815602 0.246566 -1.660869 
5.770364047 0.577157518044 -3.871134 0.251781 -1.666784 
5.780240059 0.578108884752 -3.8915 0.271384 -1.682458 
5.790137053 0.579062272679 -3.918384 0.260647 -1.717616 
5.800007105 0.580013065254 -3.967131 0.262441 -1.733203 
5.810302973 0.581009589268 -4.001189 0.263853 -1.758641 
5.820173979 0.582007700014 -4.020745 0.258101 -1.77251 
5.830029965 0.583004292007 -4.040964 0.26981 -1.787198 
5.840326071 0.584045386912 -4.067902 0.269261 -1.810682 
5.85017109 0.585040869972 -4.087771 0.287075 -1.834734 
5.860054017 0.586037003751 -4.115065 0.277728 -1.85864 
5.86992097 0.587019949786 -4.156247 0.275612 -1.864246 
5.880244971 0.58804842695 -4.155372 0.276287 -1.878199 
5.890136004 0.589033771835 -4.175607 0.286147 -1.90347 
5.899984122 0.590014841527 -4.203408 0.284802 -1.919308 
5.91031003 0.591046343468 -4.194918 0.281006 -1.932582 
5.920190096 0.592041389114 -4.243705 0.282518 -1.938071 
5.930058003 0.593035210198 -4.263991 0.292939 -1.954041 
5.939913035 0.594027734609 -4.298932 0.295962 -1.980529 
5.950241089 0.595067898223 -4.333679 0.28969 -1.985956 
5.960098982 0.596060710772 -4.333145 0.29781 -2.002058 
5.969965935 0.597049558898 -4.3397 0.284877 -1.998799 
5.980268002 0.598078870122 -4.347218 0.288107 -1.995809 
5.990154028 0.599066613408 -4.390694 0.277559 -1.996404 
6.000072003 0.600057548818 -4.384233 0.274409 -1.984847 
6.009918929 0.601046566757 -4.377554 0.287107 -1.973058 
6.020271063 0.602096131502 -4.377993 0.287372 -1.950913 
6.030133009 0.603095997892 -4.400056 0.265402 -1.949731 
6.039994002 0.60409576766 -4.386359 0.274689 -1.949444 
6.050311089 0.605141779119 -4.393721 0.278205 -1.957467 
6.060194016 0.606133724372 -4.408389 0.276902 -1.946024 
6.070090056 0.60709953724 -4.402121 0.273302 -1.935629 
6.079911948 0.608058113568 -4.389034 0.265722 -1.915626 
6.090235949 0.609065693672 -4.390757 0.281818 -1.88769 
6.100106955 0.610029063324 -4.399321 0.262474 -1.858494 
6.10994196 0.610999469423 -4.371894 0.263522 -1.858391 
6.120245934 0.612076337161 -4.359344 0.272564 -1.839327 
6.130124093 0.613108702997 -4.366817 0.2683 -1.809645 
6.140001059 0.614140944152 -4.326359 0.254267 -1.790512 
6.149892092 0.615174655449 -4.349081 0.257098 -1.772772 
6.160222054 0.616220071522 -4.343121 0.27001 -1.742874 
6.17009306 0.617181086384 -4.337118 0.257333 -1.752299 
6.179938078 0.618139571124 -4.337467 0.256597 -1.742449 
6.190318108 0.619150143207 -4.331154 0.261341 -1.731878 
6.200187922 0.620111042019 -4.366947 0.24761 -1.730512 
6.210067988 0.621091248313 -4.345887 0.259472 -1.72882 
6.219960928 0.622124117726 -4.35334 0.263267 -1.717445 
6.230256081 0.623198980066 -4.368328 0.262353 -1.707045 
6.240134001 0.624230281321 -4.36134 0.258538 -1.714758 
6.249969006 0.625257102048 -4.361836 0.266419 -1.712998 
6.260293007 0.626291986157 -4.368928 0.270107 -1.710677 
6.270131112 0.627222077039 -4.397931 0.261017 -1.70871 
6.280028105 0.628157735171 -4.405506 0.256747 -1.706691 
6.290367127 0.629135182564 -4.3987 0.268607 -1.695022 
6.300212145 0.630065926999 -4.391758 0.256449 -1.70291 
6.310109139 0.631017735978 -4.427788 0.266007 -1.702546 
6.319962025 0.631999108114 -4.406708 0.270812 -1.699748 
6.330286027 0.633027404584 -4.434789 0.260393 -1.706828 
6.340167046 0.634011578837 -4.456551 0.271801 -1.705859 
6.350003958 0.634991359922 -4.463476 0.274933 -1.713754 
6.359921933 0.635981517277 -4.499046 0.268146 -1.721633 
6.370206118 0.637015504138 -4.512801 0.267078 -1.727136 
6.380100012 0.638010250577 -4.541448 0.281901 -1.744159 
6.389938117 0.638999387909 -4.555482 0.281503 -1.760802 
6.400214911 0.640032631668 -4.590904 0.283788 -1.747945 
6.410161019 0.641031522182 -4.584159 0.280085 -1.747519 
6.419987917 0.642006312736 -4.55044 0.277817 -1.718539 
6.430295945 0.643028829538 -4.551469 0.277577 -1.700677 
6.440160037 0.644007309593 -4.524478 0.28086 -1.66154 
6.450052023 0.644988556626 -4.546418 0.266956 -1.651001 
6.459906102 0.64596604343 -4.546924 0.27568 -1.650037 
6.47021699 0.646994538923 -4.53993 0.279927 -1.647477 
6.48013711 0.648038293823 -4.541024 0.279844 -1.645104 
6.489993096 0.649075300802 -4.548483 0.275578 -1.644002 
6.500309945 0.650160797922 -4.548887 0.28503 -1.622478 
6.510180951 0.651166646206 -4.570857 0.279747 -1.620944 
6.520051003 0.652120004659 -4.528654 0.264898 -1.608406 
6.529928923 0.653074123089 -4.550832 0.268914 -1.599354 
6.540251017 0.654071144742 -4.538018 0.270066 -1.580219 
6.550089121 0.655021417304 -4.51769 0.266019 -1.580964 
6.559993983 0.65598515177 -4.554305 0.26874 -1.5623 
6.570291997 0.65702261176 -4.50517 0.268566 -1.551493 
6.58019209 0.658019983718 -4.541597 0.25393 -1.522041 
6.590075017 0.659015626309 -4.534883 0.258848 -1.530621 
6.599931002 0.660016689036 -4.527889 0.263095 -1.528062 
6.610240937 0.661128047824 -4.54923 0.257877 -1.525239 
6.620062113 0.66200677879 -4.549655 0.258141 -1.531674 
6.629966021 0.662994799132 -4.58492 0.260712 -1.529829 
6.640278101 0.664023926023 -4.592133 0.273301 -1.517116 
6.650152922 0.66500941526 -4.584557 0.252303 -1.533192 
6.660048962 0.666021166033 -4.662781 0.261473 -1.532261 
6.669901133 0.667084673752 -4.634616 0.270247 -1.546302 
6.680257082 0.668110278607 -4.655967 0.265872 -1.544275 
6.690127135 0.669087762591 -4.677537 0.260764 -1.561893 
6.699986935 0.670064231165 -4.67713 0.259977 -1.557976 
6.710304976 0.671138948342 -4.705387 0.250956 -1.555635 
6.720130921 0.672191289891 -4.704635 0.257958 -1.591255 
6.730063916 0.673157813663 -4.73994 0.26097 -1.586417 
6.739917994 0.674116658466 -4.760683 0.263716 -1.584207 
6.750239134 0.675120950441 -4.782129 0.267396 -1.599571 
6.760123969 0.676075499567 -4.824833 0.273039 -1.607827 
6.769949914 0.677006165382 -4.810345 0.264749 -1.613945 
6.780302048 0.678039858842 -4.824982 0.265292 -1.620498 
6.790179968 0.679026200528 -4.839554 0.271771 -1.618181 
6.800065995 0.680013351723 -4.853679 0.271652 -1.615426 
6.80992508 0.681078586172 -4.839673 0.255403 -1.621846 
6.820230961 0.682196612275 -4.875277 0.266141 -1.629254 
6.830136061 0.683141146616 -4.875367 0.267142 -1.61696 
6.83997202 0.684079087783 -4.889732 0.258231 -1.615543 
6.850301981 0.685064136183 -4.89758 0.262693 -1.614391 
6.86017108 0.686070051361 -4.90522 0.274102 -1.593906 
6.870019913 0.687119847181 -4.912466 0.277623 -1.602844 
6.879899025 0.688075967116 -4.891924 0.266969 -1.601321 
6.890253068 0.689076070186 -4.90643 0.274013 -1.590618 
6.90011406 0.690028549173 -4.913499 0.26102 -1.589563 
6.909987927 0.691006638439 -4.914603 0.261779 -1.587986 
6.92029214 0.692088283706 -4.928627 0.260539 -1.603833 
6.930181981 0.69307854282 -4.949506 0.255942 -1.589505 
6.940073014 0.694068921288 -4.984182 0.266191 -1.635335 
6.949921132 0.695055002723 -5.033618 0.275416 -1.650323 
6.960212946 0.696079113427 -5.075525 0.28129 -1.67461 
6.970089913 0.697044254075 -5.05995 0.28074 -1.697618 
6.979967118 0.698011036604 -5.124183 0.283408 -1.694427 
6.990279913 0.699024212428 -5.145153 0.27724 -1.699862 
7.000153065 0.699994195726 -5.144908 0.27785 -1.715105 
7.010041953 0.700969376351 -5.180092 0.271962 -1.720659 
7.019901038 0.701951542517 -5.207456 0.270232 -1.73637 
7.030230999 0.702973991904 -5.221494 0.269716 -1.730742 
7.040115119 0.703949340273 -5.277859 0.273408 -1.779066 
7.049957991 0.704920618359 -5.249312 0.291985 -1.781306 
7.060317994 0.705922771451 -5.284055 0.276808 -1.79621 
7.070157052 0.706811428516 -5.241886 0.279485 -1.783201 
7.080038071 0.707557596489 -5.214123 0.281992 -1.771473 
7.089920998 0.708264712166 -5.164832 0.27236 -1.751779 
7.100224972 0.709001953424 -5.145585 0.278379 -1.74526 
7.110111952 0.709649738282 -5.075033 0.273401 -1.708196 
