0.0 0.000737376972101 0.023848 -0.00546 0.002885 
0.010286093 0.00176733819877 -0.005085 -0.008496 -0.008548 
0.020167113 0.00275599175508 0.037478 0.002539 0.00189 
0.030044079 0.0037442396851 0.037559 -0.006643 0.001595 
0.039920092 0.00473239226193 0.029953 -0.003015 0.001711 
0.050233126 0.00576427133317 0.015243 0.004423 0.010456 
0.060137034 0.00675560207969 0.001497 0.010813 5.7e-05 
0.069977045 0.00775526774946 0.023036 -0.006817 0.001229 
0.0803051 0.00880451474918 0.030013 0.004605 -0.019589 
0.090189219 0.00980866143563 0.044759 -0.003392 -0.009056 
0.100038052 0.0108092233494 0.008793 0.006731 -0.000306 
0.109949112 0.0118110140968 0.00104 0.018254 -0.001176 
0.120230198 0.012811565989 0.01582 0.002477 -0.011012 
0.130097151 0.0137718145944 0.015653 0.003033 -0.000796 
0.139961005 0.0147317616061 0.030343 0.002651 -0.010647 
0.150263071 0.0157343552649 0.009203 0.005341 -0.011557 
0.160140038 0.0166955784295 0.030642 0.009318 -0.01071 
0.170056105 0.0177324000509 0.045889 0.002224 0.001232 
0.179933072 0.0187681790019 0.003924 -0.000847 -0.009819 
0.190231085 0.019848112255 -0.002506 -0.005595 -0.019474 
0.200106144 0.0208836911177 0.005055 0.014515 -0.01943 
0.209946156 0.0219021174865 -0.001456 -0.007763 -0.02864 
0.220263005 0.0229094786186 0.014126 0.000997 -0.017382 
0.230139017 0.0238737954008 0.007829 0.003472 -0.016885 
0.240010024 0.024837623483 0.00862 0.011885 -0.016335 
0.250329018 0.025845194058 0.023852 0.002942 -0.014976 
0.260186196 0.0268104614325 -0.003718 0.000884 -0.025541 
0.270061016 0.0278376945303 -0.017048 -0.000447 -0.02461 
0.279932022 0.0288645308748 -0.017018 0.006047 -0.035017 
0.290244103 0.0299372502672 -0.001603 -0.001603 -0.033291 
0.300134182 0.0309660706901 -0.008337 0.001257 -0.032921 
0.309995175 0.0319697186689 -0.029203 -0.004786 -0.032964 
0.32031107 0.0329445733791 -0.028239 0.011133 -0.032359 
0.330191136 0.0338782421376 -0.049368 0.01298 -0.032473 
0.340058089 0.0348106717142 -0.012834 0.009695 -0.030943 
0.349939108 0.0357444305314 -0.033122 0.004279 -0.020396 
0.360256195 0.0367239575152 -0.040297 -0.000539 -0.030426 
0.370122195 0.0377098390456 -0.060635 0.009721 -0.029991 
0.379961014 0.0386930044554 -0.067541 0.005076 -0.029676 
0.39026022 0.0397221750386 -0.052253 -0.001736 -0.027831 
0.400194168 0.0407148464208 -0.07281 -0.007324 -0.027628 
0.410030127 0.0416977260389 -0.07243 -9.4e-05 -0.047885 
0.419901133 0.0426911246485 -0.078798 -0.004395 -0.026884 
0.430234194 0.0437314763574 -0.078579 0.011453 -0.026652 
0.440124989 0.0447272999067 -0.056426 -0.007961 -0.034773 
0.449948073 0.0457163061872 -0.069635 -0.001227 -0.024485 
0.460261107 0.0467546415407 -0.097641 -0.0029 -0.035178 
0.470136166 0.0477378525557 -0.097757 -0.002905 -0.034262 
0.480009079 0.0487204433305 -0.083068 -0.003287 -0.044113 
0.489932061 0.0497080171673 -0.082961 -0.011463 -0.03303 
0.500211001 0.0507310173313 -0.076404 -0.007553 -0.023494 
0.510091067 0.0517143200005 -0.076941 0.009069 -0.024432 
0.519934178 0.0527283248438 -0.119642 -0.000284 -0.035546 
0.530265093 0.0537951747899 -0.098609 0.005201 -0.045719 
0.540138007 0.0548147280211 -0.07069 0.007995 -0.045004 
0.549995184 0.0558326561283 -0.07069 0.007995 -0.045004 
0.560293198 0.056887699065 -0.085572 0.007928 -0.036315 
0.570162058 0.0578388738256 -0.08543 -0.008028 -0.045601 
0.580089093 0.0587956555755 -0.092484 -0.004779 -0.046273 
0.589941025 0.0597451987914 -0.070873 0.001333 -0.045856 
0.600273133 0.060741022053 -0.063865 -0.010259 -0.045359 
0.610140086 0.0616920130143 -0.085563 -0.015251 -0.055754 
0.619994164 0.0626864384239 -0.106676 -0.011555 -0.045286 
0.630320073 0.063733258526 -0.092463 -0.011835 -0.045167 
0.640177012 0.064732535383 -0.106403 -0.020288 -0.044419 
0.650090218 0.0657504725276 -0.091875 -0.012052 -0.033781 
0.65991807 0.0668300675171 -0.105526 -0.029961 -0.053641 
0.670253039 0.0677670684055 -0.111681 -0.026475 -0.04268 
0.680038214 0.0687188087973 -0.104328 -0.023057 -0.042071 
0.689918995 0.0697030680747 -0.118374 -0.023334 -0.052407 
0.700235129 0.0707306943924 -0.124443 -0.020968 -0.031469 
0.710115195 0.0717148824461 -0.124276 -0.021524 -0.041685 
0.719993115 0.0727944461503 -0.13135 -0.025613 -0.031154 
0.729864121 0.0737874502857 -0.116757 -0.018663 -0.051293 
0.740209103 0.0748094480275 -0.123784 -0.014408 -0.040586 
0.750080109 0.0757846209029 -0.109302 -0.014516 -0.030124 
0.760369063 0.0768012437933 -0.137303 -0.025094 -0.050294 
0.770234108 0.0779199597973 -0.129808 -0.020665 -0.039222 
0.780116082 0.0788832349623 -0.130107 -0.021962 -0.038673 
0.790006161 0.0798422168291 -0.150521 -0.02654 -0.028006 
0.800297022 0.0808400601318 -0.143168 -0.023122 -0.027397 
0.810186148 0.0817989495919 -0.150418 -0.010696 -0.026859 
0.820044041 0.0827532844965 -0.157224 -0.031579 -0.025734 
0.8299191 0.083724759184 -0.163789 -0.01231 -0.01583 
0.840209008 0.0847423593532 -0.142645 -0.023904 -0.024397 
0.850121022 0.0857225884402 -0.170898 -0.025585 -0.004679 
0.859978199 0.086719282961 -0.156639 -0.017521 -0.004385 
0.870276213 0.0879275676867 -0.177465 -0.023282 -0.014525 
0.880181075 0.0888844918793 -0.141893 -0.010403 -0.013265 
0.890026093 0.0898210726523 -0.1775 -0.032468 -0.013905 
0.899940014 0.090764208337 -0.170416 -0.012256 -0.003891 
0.910198212 0.0917400959394 -0.163069 -0.0169 -0.013555 
0.920047045 0.0928285017236 -0.176932 -0.025629 -0.003625 
0.929918051 0.0938132880596 -0.184289 -0.014773 0.005729 
0.940221072 0.0948094840599 -0.169894 -0.013761 0.006214 
0.950116158 0.0957662369479 -0.162592 -0.009781 0.016123 
0.959992171 0.0967211456732 -0.162861 -0.009953 0.00578 
0.97027421 0.0977740140606 -0.190764 -0.010898 0.015647 
0.980149031 0.0987739983855 -0.177256 -0.010966 0.005295 
0.990061999 0.0997700309228 -0.141605 -0.012639 0.005775 
0.999913216 0.10075985886 -0.169697 -0.022938 0.005003 
1.010228157 0.101796280732 -0.148658 -0.00939 0.005102 
1.020112992 0.10276442292 -0.184011 -0.00642 0.004073 
1.029981137 0.103729924177 -0.156148 -0.005757 0.004303 
1.040306092 0.104747414683 -0.170447 -0.014103 0.014106 
1.050152064 0.105717702982 -0.184777 0.000566 0.002593 
1.060059071 0.106694006081 -0.142564 -0.006102 0.003133 
1.069902182 0.107666529099 -0.192358 -0.012488 0.001443 
1.080211163 0.108691752788 -0.164885 -0.003097 0.001721 
1.090114117 0.109684319174 -0.18642 0.000259 -0.009413 
1.099967003 0.110671867279 -0.179427 0.003784 0.00025 
1.11026311 0.111703839125 -0.179788 0.003892 0.009304 
1.120153189 0.112693542653 -0.179747 0.004173 -0.000793 
1.130045176 0.113684508605 -0.18746 0.006232 0.008138 
1.139898062 0.114672340301 -0.180599 0.002534 0.007648 
1.150202036 0.115705397225 -0.167532 0.011756 0.006646 
1.160101176 0.11669786626 -0.167887 0.002958 0.006224 
1.169946194 0.117736501862 -0.18242 0.003627 0.005062 
1.180278063 0.118780460107 -0.147752 0.025173 0.004167 
1.190151215 0.119760720762 -0.176539 -0.000872 0.013133 
1.200031042 0.120741644149 -0.198358 0.01743 0.000821 
1.209895134 0.121721005278 -0.192243 0.013662 -4.2e-05 
1.220169068 0.122895317008 -0.206476 0.020998 -0.001267 
1.230046034 0.123867342359 -0.17196 0.018238 0.018786 
1.239927054 0.124831418356 -0.158052 0.003229 0.008696 
1.250244141 0.125838040743 -0.194028 0.014196 0.01665 
1.260120154 0.126801054503 -0.166231 0.023317 -0.004301 
1.2699821 0.127756897036 -0.159584 0.011832 0.00525 
1.280327082 0.128789297702 -0.174294 0.01927 0.013995 
1.290158034 0.129784460556 -0.159828 0.011944 0.013389 
1.300060034 0.130786815424 -0.196012 0.006219 0.021907 
1.309910059 0.131782336283 -0.146944 0.019873 0.01202 
1.320232153 0.132778754418 -0.182905 0.015722 0.010808 
1.330120087 0.13376556942 -0.147907 0.020921 0.031164 
1.339992047 0.134767152889 -0.133776 -0.002259 0.031241 
1.350315094 0.135814502475 -0.148546 0.021699 0.029078 
1.360203028 0.136809807222 -0.177074 0.011784 0.028179 
1.369994164 0.137764478716 -0.113397 0.019122 0.028149 
1.379900217 0.13873474128 -0.171239 0.008687 0.016176 
1.390196085 0.139745556414 -0.085986 0.012951 0.017183 
1.400094986 0.140717398607 -0.13612 -0.000384 0.025654 
1.409983158 0.141688187462 -0.150318 0.016138 0.023809 
1.42028904 0.142799495368 -0.129189 0.014291 0.023924 
1.430174113 0.143808715304 -0.143721 0.02033 0.023248 
1.440011025 0.144778990368 -0.087183 0.017644 0.024877 
1.449913025 0.145755685462 -0.129488 0.007624 0.023987 
1.460242033 0.14677360318 -0.094409 0.013387 0.024149 
1.470103026 0.147720997751 -0.100829 0.002426 0.014804 
1.479959011 0.148702107428 -0.136485 0.013004 0.023801 
1.490297079 0.14974581127 -0.066004 0.009865 0.015205 
1.500182152 0.150743781942 -0.108947 -0.008399 0.025024 
1.510023117 0.151737299588 -0.094774 0.000784 0.015341 
1.519920111 0.152822646051 -0.094592 0.002077 0.015708 
1.530239106 0.153877563361 -0.07329 0.007735 0.015878 
1.540091992 0.154876367667 -0.101929 -0.016459 0.005933 
1.549943209 0.155875002785 -0.124062 -0.0041 0.01516 
1.560229063 0.156885746827 -0.095631 -0.001968 0.025184 
1.570106984 0.157769765438 -0.066876 -0.014499 0.026289 
1.579970122 0.158726154324 -0.088203 -0.004197 0.034488 
1.589887143 0.159706779239 -0.059858 -0.000945 0.034535 
1.600205183 0.160727058121 -0.102903 -0.002972 0.043544 
1.610062123 0.161701742046 -0.081916 -0.005829 0.033195 
1.619930029 0.162677510321 -0.096489 -0.005442 0.042131 
1.630244017 0.163735007353 -0.083168 0.002102 0.040889 
1.640107155 0.164767866405 -0.083655 0.003048 0.050063 
1.649985075 0.165802273415 -0.098244 0.001586 0.048416 
1.660320998 0.166884642092 -0.084984 0.02565 0.036266 
1.670190096 0.16791812527 -0.099603 0.017693 0.045026 
1.680051089 0.16889085136 -0.128634 0.006876 0.042718 
1.689920187 0.169860882173 -0.093226 0.02043 0.031924 
1.700237036 0.170874922303 -0.128766 0.031012 0.040005 
1.710112095 0.171845539021 -0.100523 0.02379 0.039391 
1.719942093 0.172811726706 -0.128427 0.022845 0.049258 
1.730257988 0.173826452374 -0.136017 0.042716 0.047647 
1.740132094 0.174798070491 -0.128721 0.038633 0.047285 
1.750050068 0.175774005246 -0.121667 0.035385 0.047957 
1.759882212 0.176741494276 -0.1358 0.026483 0.047543 
1.770215989 0.177758344302 -0.164012 0.034829 0.037265 
1.780109167 0.178761256163 -0.128675 0.046977 0.04746 
1.789966107 0.179776342906 -0.114487 0.041043 0.028611 
1.800271035 0.18083756432 -0.178301 0.025641 0.047863 
1.810167075 0.181856677657 -0.129252 0.031957 0.049179 
1.820086003 0.182878148045 -0.149921 0.01209 0.040336 
1.829905987 0.183832703002 -0.192727 0.033249 0.038373 
1.840221167 0.184829440899 -0.157886 0.030941 0.030093 
1.850098133 0.18578383494 -0.172018 0.022039 0.029679 
1.859946013 0.186735418451 -0.164569 0.018124 0.040576 
1.870260001 0.187732041168 -0.178965 0.017111 0.040091 
1.880173207 0.188708726527 -0.172048 0.020914 0.040572 
1.890025139 0.189703809673 -0.150311 0.009221 0.021121 
1.899895192 0.190700723111 -0.207173 0.016553 0.020336 
1.9102242 0.191743992774 -0.136381 0.019239 0.012473 
1.92010212 0.192741700808 -0.185739 -0.001925 0.023219 
1.929961205 0.193728645906 -0.206741 0.008829 0.003087 
1.940252066 0.194751975801 -0.199587 -0.010657 0.00457 
1.950131178 0.195734361109 -0.234767 -0.000182 0.003597 
1.960027218 0.196718429747 -0.177945 0.00195 -0.00542 
1.969927073 0.197702877752 -0.212562 -0.003192 0.005924 
1.980256081 0.198737491102 -0.212274 -0.012648 -0.014685 
1.990096093 0.199727809283 -0.198101 -0.003464 -0.024368 
1.99991107 0.200715607892 -0.246978 -0.002276 -0.025628 
2.010230065 0.201754131865 -0.204339 0.00663 -0.04517 
2.020103217 0.202747785321 -0.225357 -0.013973 -0.044164 
2.029996157 0.203742845854 -0.246288 -0.004337 -0.02574 
2.040327073 0.204775286351 -0.24606 -0.011667 -0.044947 
2.050202132 0.205762169879 -0.260157 -0.006013 -0.045495 
2.060054064 0.206746742164 -0.231148 -0.005105 -0.064043 
2.069921017 0.207732815603 -0.294982 -0.003707 -0.065795 
2.08024621 0.208776294583 -0.273589 -0.008073 -0.065124 
2.090121985 0.209780108915 -0.279274 -0.012752 -0.074406 
2.099975109 0.210781620906 -0.27222 -0.016 -0.073733 
2.110283137 0.211829371208 -0.307229 -0.014987 -0.0944 
2.120170117 0.212834324462 -0.306701 0.001316 -0.093921 
2.130057097 0.213809134054 -0.299495 0.012628 -0.094299 
2.139888049 0.214767648155 -0.306259 0.008993 -0.083521 
2.150243044 0.21577725625 -0.312953 -0.004832 -0.112997 
2.16010809 0.216739094503 -0.326557 0.002569 -0.112933 
2.169969082 0.217700537493 -0.347986 -0.002251 -0.112984 
2.180280209 0.218748122819 -0.348345 0.012972 -0.123342 
2.190157175 0.2197824023 -0.333503 0.012757 -0.121934 
2.200013161 0.220814484832 -0.376127 0.018242 -0.14328 
2.210338116 0.22189567607 -0.354734 0.013875 -0.142609 
2.220213175 0.222929755857 -0.403899 0.007554 -0.143009 
2.230130196 0.223912467481 -0.382952 0.01953 -0.162674 
2.239980221 0.224871416599 -0.403985 0.014044 -0.152501 
2.250289202 0.225875047375 -0.403859 0.013206 -0.15262 
2.260157109 0.226835737394 -0.411023 0.024512 -0.142104 
2.270043135 0.227798191389 -0.439028 0.022838 -0.152797 
2.28036809 0.228849477311 -0.417589 0.026815 -0.15195 
2.29024601 0.229877971001 -0.417315 0.018082 -0.151083 
2.300118208 0.230905868914 -0.438449 0.028834 -0.141721 
2.3099432 0.231928851715 -0.438714 0.019757 -0.161541 
2.320274115 0.233004511459 -0.459458 0.021781 -0.152228 
2.330152035 0.233948054916 -0.459594 0.028833 -0.152418 
2.340026141 0.23488203882 -0.452414 0.024746 -0.151866 
2.350317002 0.23585544325 -0.48085 0.031518 -0.152413 
2.360192061 0.236789517297 -0.495028 0.014272 -0.153003 
2.370074034 0.237724245334 -0.466785 0.022166 -0.17303 
2.379921198 0.238691305898 -0.523627 0.02709 -0.16512 
2.390241146 0.239724407317 -0.495287 0.027651 -0.17486 
2.400125027 0.240713855276 -0.517 0.037776 -0.176088 
2.409979105 0.241700319739 -0.531538 0.035753 -0.187036 
2.420284987 0.24273201305 -0.55289 0.030656 -0.177905 
2.430197001 0.243724011112 -0.531691 0.02584 -0.178396 
2.440086127 0.244713575079 -0.553048 0.027797 -0.198951 
2.449923039 0.245697914207 -0.546091 0.031882 -0.208567 
2.460268021 0.2467330938 -0.588533 0.028914 -0.209648 
2.470154047 0.247722347562 -0.57397 0.02937 -0.219379 
2.480008126 0.248705684735 -0.581251 0.039949 -0.200844 
2.490282059 0.249729374876 -0.573762 0.036316 -0.200045 
2.500164986 0.250714105351 -0.594501 0.029435 -0.200208 
2.510028124 0.25169686406 -0.601078 0.032581 -0.21085 
2.520333052 0.252723642529 -0.643474 0.037957 -0.211755 
2.530210019 0.253726761495 -0.615002 0.045741 -0.211342 
2.540122033 0.25475362904 -0.636431 0.040921 -0.211393 
2.549996138 0.255776569277 -0.622005 0.048428 -0.221315 
2.560316086 0.25684569808 -0.650091 0.046191 -0.211814 
2.570219994 0.257871725857 -0.67797 0.043679 -0.222627 
2.580077172 0.258843638851 -0.67079 0.039592 -0.222074 
2.589980126 0.259799640591 -0.663174 0.035121 -0.221395 
2.600250006 0.260791064276 -0.69131 0.04856 -0.222006 
2.610127211 0.261744580284 -0.691676 0.055721 -0.242637 
2.619992018 0.262696899425 -0.698622 0.050794 -0.232225 
2.630277157 0.263711164039 -0.719275 0.052538 -0.24231 
2.64015317 0.264707024979 -0.718778 0.035634 -0.231275 
2.650042057 0.265704184087 -0.711385 0.039334 -0.240763 
2.660363198 0.266744930102 -0.732788 0.049914 -0.241744 
2.670216084 0.267819834918 -0.746033 0.047462 -0.230836 
2.680090189 0.268778175049 -0.746509 0.047565 -0.220866 
2.689948082 0.269696221811 -0.745597 0.047078 -0.230709 
2.70028019 0.270727245326 -0.724198 0.050773 -0.219765 
2.710179091 0.27171503985 -0.759419 0.044 -0.23039 
2.720051051 0.272700145977 -0.77311 0.042775 -0.220404 
2.730322123 0.273771773915 -0.773246 0.049826 -0.220595 
2.740226984 0.274809046816 -0.765362 0.045527 -0.209571 
2.750115157 0.275794620277 -0.779483 0.035782 -0.209189 
2.759944201 0.276774300236 -0.771974 0.039487 -0.219593 
2.770230055 0.277799511337 -0.800014 0.045593 -0.209917 
2.780150175 0.278850614021 -0.806901 0.048285 -0.220805 
2.790024996 0.279867119852 -0.78532 0.053272 -0.209495 
2.800326109 0.280868362379 -0.799279 0.051875 -0.209853 
2.810214997 0.281829537662 -0.806023 0.055578 -0.210279 
2.820095063 0.28278985547 -0.805744 0.054907 -0.199139 
2.829962016 0.283741806438 -0.805617 0.054069 -0.199259 
2.840286017 0.284744372939 -0.840529 0.04775 -0.209637 
2.8501122 0.285723723313 -0.818928 0.060075 -0.20953 
2.85999322 0.28670853915 -0.84707 0.065452 -0.220414 
2.870316029 0.28773738696 -0.853586 0.052079 -0.220148 
2.880170107 0.28884510361 -0.839373 0.051799 -0.220029 
2.890025139 0.289884680887 -0.853019 0.041952 -0.229617 
2.899943114 0.290824147706 -0.860188 0.062162 -0.209624 
2.910232067 0.291798754917 -0.895429 0.062445 -0.221356 
2.920109034 0.292734337309 -0.90912 0.06122 -0.21137 
2.929949046 0.293755735894 -0.9016 0.064082 -0.220978 
2.94029522 0.294843057235 -0.880192 0.061564 -0.209724 
2.950174094 0.295799970155 -0.914662 0.062922 -0.209703 
2.960022211 0.296753903812 -0.928885 0.069415 -0.210132 
2.969909192 0.297711602014 -0.927967 0.076989 -0.209702 
2.980210066 0.298745443013 -0.92748 0.076044 -0.218876 
2.990085125 0.299764100941 -0.919418 0.070345 -0.217273 
2.999936104 0.300752607827 -0.962062 0.068493 -0.227416 
3.010234118 0.301785972911 -0.961077 0.06761 -0.205805 
3.020110131 0.30277699186 -0.939887 0.064359 -0.214196 
3.029983998 0.303752256728 -0.967177 0.06163 -0.213622 
3.040338993 0.304760748164 -0.981024 0.069864 -0.212522 
3.050265074 0.305736354768 -0.966055 0.068811 -0.211234 
3.060101033 0.306707148412 -1.001311 0.079563 -0.221388 
3.069941044 0.307678341982 -0.986688 0.0635 -0.220212 
3.080257178 0.308698098405 -0.993441 0.059022 -0.208639 
3.090162039 0.309679168578 -0.999704 0.053717 -0.228511 
3.100021124 0.310668847699 -1.027658 0.068449 -0.228755 
3.110334158 0.311704095334 -1.041451 0.066495 -0.23933 
3.120207072 0.312695162644 -1.083699 0.063977 -0.239248 
3.130079985 0.313693339362 -1.06901 0.063595 -0.2491 
3.139944077 0.314693065309 -1.090433 0.066837 -0.238878 
3.150289059 0.315723796797 -1.082736 0.062929 -0.258392 
3.160124064 0.316703716273 -1.082604 0.070152 -0.248239 
3.169994116 0.317687127688 -1.117475 0.064115 -0.268715 
3.180330038 0.318745248708 -1.096036 0.068092 -0.267868 
3.19017005 0.319760569669 -1.102111 0.062396 -0.257202 
3.200079203 0.320750072607 -1.137453 0.064523 -0.257435 
3.209966183 0.321737361406 -1.137544 0.079917 -0.25745 
3.22022605 0.322761885756 -1.172009 0.057255 -0.247493 
3.230080128 0.323829451785 -1.157376 0.064488 -0.277728 
3.239994049 0.324875011323 -1.17849 0.068184 -0.26726 
3.250294209 0.325881260853 -1.149394 0.067971 -0.27583 
3.260133028 0.326842440775 -1.163521 0.067131 -0.265972 
3.270040989 0.32781037536 -1.191567 0.065175 -0.266568 
3.280330182 0.328799645771 -1.184666 0.067129 -0.276669 
3.290216208 0.329761080312 -1.19109 0.070443 -0.276052 
3.300091029 0.330765425448 -1.183708 0.074986 -0.286336 
3.3099401 0.331767151612 -1.205152 0.068317 -0.29697 
3.320260048 0.332816769582 -1.225318 0.070967 -0.277066 
3.330130101 0.333784367788 -1.225247 0.077744 -0.29757 
3.340016127 0.334747472677 -1.239536 0.068555 -0.286971 
3.350357056 0.335800099281 -1.239282 0.066879 -0.28721 
3.360216141 0.336803677892 -1.260416 0.07763 -0.277848 
3.37006116 0.337805824693 -1.274457 0.068449 -0.29766 
3.379987002 0.338765579668 -1.288675 0.083003 -0.287816 
3.390268088 0.339753956723 -1.280892 0.077976 -0.297353 
3.400140047 0.340729143099 -1.294536 0.085094 -0.287192 
3.410000086 0.341703151976 -1.287661 0.071649 -0.296362 
3.420291186 0.342719742555 -1.286829 0.070598 -0.286011 
3.430163145 0.343749071172 -1.315306 0.077089 -0.276462 
3.440059185 0.344800861038 -1.293557 0.08152 -0.275368 
3.44998622 0.345772210514 -1.321993 0.078547 -0.256017 
3.460269213 0.346778390089 -1.307264 0.078446 -0.275965 
3.470117093 0.347741994335 -1.299212 0.073591 -0.275158 
3.479959011 0.34870267442 -1.341957 0.07823 -0.266213 
3.490272999 0.34971751971 -1.348387 0.073482 -0.275869 
3.500204087 0.350717107458 -1.355095 0.091741 -0.276429 
3.510046006 0.351707720133 -1.334265 0.088597 -0.275765 
3.520388127 0.352748679335 -1.36876 0.074556 -0.274814 
3.530256033 0.353819730875 -1.347428 0.086709 -0.28505 
3.540109158 0.354861518404 -1.38238 0.080108 -0.285332 
3.549957037 0.35585608438 -1.396557 0.094944 -0.285585 
3.560285092 0.356899144728 -1.403727 0.098188 -0.285342 
3.570147992 0.357895227719 -1.388834 0.082297 -0.273822 
3.580028057 0.358804608606 -1.402931 0.087951 -0.27437 
3.590315104 0.35977348664 -1.416743 0.07866 -0.273742 
3.600219012 0.360746367423 -1.423533 0.089135 -0.293755 
3.610096217 0.361716625116 -1.415831 0.083543 -0.283098 
3.619910002 0.362680652935 -1.42983 0.09161 -0.293258 
3.630269051 0.363698243133 -1.443957 0.096139 -0.282913 
3.64014411 0.364684825616 -1.44346 0.088981 -0.291777 
3.650017023 0.365723403675 -1.456851 0.094423 -0.281855 
3.660323143 0.366807552813 -1.428096 0.087262 -0.280265 
3.670207024 0.367847284648 -1.434956 0.09096 -0.279775 
3.680042029 0.368881874987 -1.448636 0.088892 -0.268993 
3.68994999 0.369886632247 -1.419713 0.081174 -0.277619 
3.700267077 0.370901033917 -1.447394 0.087174 -0.276997 
3.710127116 0.371870497491 -1.453843 0.106448 -0.268009 
3.719988108 0.372840054766 -1.482167 0.096139 -0.26695 
3.730308056 0.373854737737 -1.4676 0.087691 -0.286158 
3.740203143 0.374827778177 -1.466849 0.095822 -0.275512 
3.750044108 0.375795888168 -1.494966 0.085239 -0.294766 
3.759934187 0.376768829775 -1.480398 0.093757 -0.294225 
3.770245076 0.377783168781 -1.51503 0.086767 -0.293464 
3.780094147 0.378752076205 -1.486228 0.087949 -0.291698 
3.789900065 0.379724218168 -1.514182 0.102681 -0.291943 
3.800304175 0.380793641578 -1.527898 0.101172 -0.30044 
3.810173989 0.381808145475 -1.506048 0.089365 -0.298535 
3.820027113 0.382820933831 -1.54103 0.091385 -0.307822 
3.829935074 0.383839358803 -1.533794 0.094798 -0.306298 
3.840180159 0.384850748466 -1.575652 0.083552 -0.306265 
3.850125075 0.385811870712 -1.575505 0.075658 -0.305279 
3.859944106 0.386760826855 -1.532855 0.100687 -0.304276 
3.870279074 0.387759645514 -1.567397 0.078303 -0.3035 
3.880151034 0.388713716958 -1.559831 0.089508 -0.312933 
3.890035153 0.389669798327 -1.580291 0.091702 -0.321855 
3.900368214 0.390712395206 -1.579977 0.083251 -0.331085 
3.910267115 0.391711185718 -1.572588 0.095856 -0.331096 
3.920135022 0.392706848963 -1.600624 0.093058 -0.330896 
3.929959059 0.393698085762 -1.607413 0.103532 -0.35091 
3.940273047 0.394737174584 -1.642183 0.098223 -0.350826 
3.950168133 0.395726480837 -1.63451 0.101253 -0.349174 
3.960053206 0.396714785995 -1.620058 0.109766 -0.347718 
3.970346213 0.39774387621 -1.647876 0.090734 -0.347623 
3.980204106 0.398729463924 -1.65468 0.101933 -0.346161 
3.990065098 0.399717315105 -1.64675 0.089011 -0.354711 
3.99992919 0.400712681521 -1.688877 0.094559 -0.345273 
4.010221005 0.401751208635 -1.674526 0.102343 -0.364376 
4.020117999 0.402749895128 -1.695077 0.104816 -0.353901 
4.029994011 0.403746464367 -1.723898 0.111412 -0.363876 
4.040300131 0.404786434972 -1.708652 0.087352 -0.371683 
4.050199032 0.405773672487 -1.694559 0.101342 -0.360687 
4.060075999 0.406753028902 -1.701237 0.106332 -0.35983 
4.069917202 0.407728839116 -1.735909 0.099061 -0.348972 
4.080245018 0.408752899726 -1.721863 0.114453 -0.35805 
4.090124131 0.409741236021 -1.728091 0.077229 -0.366084 
4.099956036 0.410744856482 -1.756085 0.091679 -0.356232 
4.110303164 0.411801069838 -1.734777 0.120514 -0.365201 
4.12014103 0.412805298786 -1.754694 0.099033 -0.3435 
4.130068064 0.413818629818 -1.762081 0.118509 -0.343152 
4.13992405 0.414810972341 -1.739751 0.097696 -0.360694 
4.15024519 0.415812794057 -1.782262 0.103066 -0.360684 
4.160142184 0.416773446031 -1.759845 0.107844 -0.368398 
4.16997099 0.417727479335 -1.796209 0.118515 -0.3476 
4.180286169 0.418728722446 -1.817071 0.103568 -0.35712 
4.190126181 0.419697870204 -1.795288 0.100219 -0.376396 
4.200000048 0.420733607453 -1.815955 0.102687 -0.365005 
4.210342169 0.421818463057 -1.801766 0.11909 -0.363619 
4.220212222 0.422853800229 -1.822885 0.114724 -0.363423 
4.230121136 0.423893213796 -1.851224 0.119533 -0.353198 
4.239937067 0.424894003538 -1.843259 0.098832 -0.382117 
4.250285149 0.425900720613 -1.900065 0.103919 -0.362032 
4.260143042 0.426859749465 -1.878326 0.124308 -0.381147 
4.269945145 0.427813350766 -1.863267 0.10786 -0.379844 
4.280333043 0.428823941355 -1.942089 0.123459 -0.390608 
4.290189028 0.42979864703 -1.884761 0.102475 -0.38828 
4.300070048 0.43082836963 -1.920097 0.112663 -0.378241 
4.30994916 0.431857893392 -1.884328 0.117087 -0.385294 
4.320288182 0.432935345377 -1.969317 0.104933 -0.386231 
4.330113173 0.433959229072 -1.940768 0.113162 -0.38374 
4.339976073 0.434942890115 -1.926104 0.114347 -0.372911 
4.3502841 0.435914416483 -1.932518 0.116817 -0.371498 
4.360163212 0.436845517827 -1.947126 0.123133 -0.381355 
4.370020152 0.437774529472 -1.967869 0.110764 -0.359732 
4.379940033 0.438709473274 -1.974546 0.121124 -0.35839 
4.390202046 0.439692052797 -1.981123 0.09291 -0.376472 
4.400099993 0.440685593372 -1.973343 0.119845 -0.363401 
4.409953118 0.441674634784 -2.001687 0.126338 -0.383347 
4.420284033 0.442711636015 -2.000379 0.110792 -0.370656 
4.430155993 0.443702568055 -2.000318 0.109388 -0.379161 
4.440019131 0.444692995186 -1.985369 0.110742 -0.386568 
4.449943066 0.445690886761 -2.020741 0.111745 -0.375909 
4.460195065 0.446721766491 -2.034203 0.118305 -0.404543 
4.470102072 0.447717955887 -2.055291 0.10604 -0.402445 
4.479990006 0.448712227417 -2.040809 0.121048 -0.411396 
4.490258217 0.449743650199 -2.075547 0.107841 -0.409409 
4.500138998 0.450723656501 -2.08941 0.114226 -0.418892 
4.510004998 0.451702196777 -2.053651 0.119493 -0.426742 
4.520268202 0.452720132969 -2.095771 0.118708 -0.394722 
4.530200005 0.45370519979 -2.089275 0.130114 -0.383299 
4.540086985 0.454685820927 -2.074834 0.122504 -0.402387 
4.549938202 0.455662894979 -2.110318 0.109227 -0.400774 
4.560276032 0.456748156548 -2.074477 0.122278 -0.38917 
4.57011199 0.457783477215 -2.103024 0.137107 -0.378529 
4.579970122 0.458821131889 -2.130598 0.117964 -0.386573 
4.590278149 0.459872068907 -2.115649 0.119319 -0.39398 
4.600160122 0.460826030329 -2.143847 0.117918 -0.412939 
4.610025168 0.461778357694 -2.136553 0.145798 -0.390694 
4.619940997 0.462735587422 -2.156587 0.117091 -0.407725 
4.630223036 0.463728169424 -2.157078 0.116067 -0.415441 
4.640080214 0.464688093685 -2.16378 0.127994 -0.39342 
4.649948121 0.465681574743 -2.177471 0.119548 -0.423082 
4.660245181 0.466718262063 -2.170229 0.131023 -0.411285 
4.670155049 0.46771596767 -2.205941 0.117856 -0.430112 
4.680015088 0.468724433262 -2.219524 0.140537 -0.408707 
4.690308094 0.469829045044 -2.226163 0.111877 -0.457446 
4.700204134 0.470707563115 -2.226551 0.142941 -0.437162 
4.710078001 0.471692973061 -2.232901 0.129011 -0.447113 
4.719899178 0.47267863345 -2.254855 0.125577 -0.434997 
4.730218172 0.473714255111 -2.233633 0.145786 -0.434045 
4.740090132 0.474726877971 -2.240869 0.133349 -0.422775 
4.750002146 0.475800080739 -2.26145 0.127477 -0.441054 
4.76030922 0.476818307587 -2.247408 0.13738 -0.428346 
4.770148993 0.477790370177 -2.267685 0.131121 -0.417003 
4.780028105 0.478766319032 -2.288616 0.134258 -0.44533 
4.789925099 0.479791349218 -2.287977 0.13348 -0.443245 
4.800176144 0.480900925978 -2.308943 0.144398 -0.451203 
4.810137988 0.481863610783 -2.308699 0.144286 -0.459342 
4.819983006 0.48281500585 -2.336358 0.143229 -0.457613 
4.830287218 0.483810776142 -2.321794 0.134662 -0.45455 
4.840157986 0.484763391771 -2.34306 0.138912 -0.462445 
4.850033045 0.485714409795 -2.37193 0.137045 -0.450324 
4.859944106 0.48670686552 -2.335502 0.142658 -0.466981 
4.870220185 0.487735872751 -2.406252 0.131231 -0.45642 
4.880079031 0.488723099866 -2.406368 0.146342 -0.474918 
4.889961005 0.489787284249 -2.363099 0.140919 -0.480862 
4.900269032 0.490916615574 -2.405224 0.147189 -0.478527 
4.91010809 0.491844934596 -2.397446 0.134821 -0.50544 
4.919997216 0.492777977553 -2.425054 0.15017 -0.493263 
4.930342198 0.493754030704 -2.431472 0.145301 -0.509227 
4.940176011 0.494751562657 -2.444518 0.144139 -0.526531 
4.950073004 0.495813771442 -2.472248 0.151421 -0.523711 
4.959980011 0.496786814469 -2.485603 0.149805 -0.541262 
4.970212222 0.497781991371 -2.477632 0.137887 -0.567013 
4.980135203 0.498747092803 -2.519853 0.15149 -0.574966 
4.989934206 0.499719103293 -2.490275 0.144843 -0.570924 
5.000287056 0.500797447373 -2.51149 0.148532 -0.588119 
5.010136128 0.501776875894 -2.531563 0.151624 -0.594717 
5.019994021 0.502757181609 -2.580271 0.152978 -0.613297 
5.029908181 0.503743082725 -2.601237 0.163895 -0.621255 
5.040163994 0.50475966304 -2.572475 0.148551 -0.636245 
5.050065995 0.505729464172 -2.607888 0.159017 -0.635387 
5.059923172 0.506698600945 -2.60774 0.151123 -0.634401 
5.070247174 0.507721152811 -2.61534 0.162813 -0.624012 
5.080129147 0.508699923441 -2.615578 0.154742 -0.632453 
5.089987994 0.509678826401 -2.587632 0.163912 -0.619873 
5.09991622 0.510669829159 -2.622919 0.141457 -0.619471 
5.11016202 0.511693924892 -2.608735 0.166765 -0.608609 
5.120056153 0.512683403703 -2.616052 0.146543 -0.616792 
5.129907132 0.513668566829 -2.672832 0.167029 -0.597637 
5.140222073 0.514697894635 -2.651754 0.139754 -0.595176 
5.150133133 0.515682254003 -2.616065 0.153359 -0.601934 
5.160007 0.516672867836 -2.630617 0.15206 -0.591407 
5.170349121 0.51771261033 -2.67396 0.158481 -0.601748 
5.180197001 0.51870266443 -2.638146 0.156133 -0.589213 
5.190044165 0.519698290826 -2.673269 0.142749 -0.596654 
5.199932099 0.520716489313 -2.680362 0.146438 -0.594333 
5.210214138 0.521742432332 -2.666416 0.163674 -0.591913 
5.220079184 0.522726662927 -2.680335 0.162559 -0.602368 
5.229929209 0.523709394884 -2.708968 0.168763 -0.581806 
5.240256071 0.524785155409 -2.709297 0.160972 -0.570849 
5.250144005 0.525888704726 -2.659168 0.151851 -0.577283 
5.260016203 0.52684849198 -2.681433 0.162357 -0.577723 
5.270336152 0.527851810137 -2.703012 0.165312 -0.556489 
5.280201197 0.528810901967 -2.681218 0.16112 -0.574969 
5.290089131 0.529772268855 -2.69575 0.152765 -0.563335 
5.299984217 0.530734437131 -2.731162 0.163231 -0.562477 
5.310309172 0.531780581324 -2.724484 0.158963 -0.570437 
5.320162058 0.532780372631 -2.745242 0.171456 -0.559547 
5.330030203 0.533781712298 -2.738269 0.165793 -0.577843 
5.339956046 0.534771797341 -2.759118 0.162321 -0.574407 
5.350261212 0.535773729133 -2.78731 0.168982 -0.583093 
5.360074044 0.53676588651 -2.794454 0.156265 -0.591221 
5.369949103 0.53776790513 -2.758639 0.169032 -0.598098 
5.380267144 0.538814872971 -2.779555 0.164273 -0.595945 
5.390118122 0.539781710861 -2.800927 0.166954 -0.595024 
5.399935007 0.540714438114 -2.829064 0.149034 -0.603075 
5.410305024 0.54173436671 -2.814692 0.166728 -0.601323 
5.420161009 0.542707689769 -2.821421 0.160683 -0.610429 
5.430050135 0.543684285651 -2.871543 0.178587 -0.600826 
5.439963103 0.544677285529 -2.865042 0.175718 -0.599366 
5.450254202 0.545814914567 -2.85093 0.160316 -0.607498 
5.46013403 0.546788336063 -2.836767 0.16132 -0.605182 
5.470008135 0.547761193694 -2.85143 0.177101 -0.596261 
5.480307103 0.548775911444 -2.851466 0.167915 -0.595641 
5.49020505 0.549743388322 -2.87334 0.155299 -0.58382 
5.500080109 0.550693943078 -2.859243 0.155015 -0.582786 
5.509924174 0.551688238827 -2.881325 0.166812 -0.582859 
5.520244122 0.552730600944 -2.888828 0.171169 -0.562183 
5.530094147 0.553725498681 -2.889213 0.170993 -0.571611 
5.539940119 0.554756033744 -2.882799 0.159498 -0.560229 
5.550259114 0.555876173073 -2.883385 0.167658 -0.539072 
5.560151101 0.556867906952 -2.869299 0.168217 -0.538833 
5.570014 0.557856724575 -2.870115 0.161371 -0.518703 
5.579980135 0.558855892257 -2.87124 0.169186 -0.518232 
5.590255022 0.559838064503 -2.892284 0.147577 -0.528604 
5.600100041 0.560759258423 -2.886066 0.176619 -0.508572 
5.609969139 0.561731303971 -2.872188 0.160486 -0.507769 
5.620310069 0.562749822074 -2.879793 0.164115 -0.507653 
5.630179167 0.563721867622 -2.901799 0.175635 -0.498545 
5.640027047 0.564691823328 -2.887728 0.159951 -0.496581 
5.649990082 0.565673121094 -2.873763 0.16941 -0.48595 
5.660252095 0.566743240615 -2.867262 0.156796 -0.464591 
5.670097113 0.567773912117 -2.88933 0.152754 -0.466727 
5.679978133 0.568808352655 -2.904419 0.168077 -0.457138 
5.6902771 0.56988654792 -2.890834 0.153339 -0.445999 
5.700160027 0.57090641374 -2.877346 0.177293 -0.437708 
5.710020066 0.571875426033 -2.870364 0.150302 -0.436281 
5.720360041 0.572891604862 -2.885814 0.165732 -0.417638 
5.730212212 0.573859843913 -2.886194 0.158502 -0.39738 
5.740083218 0.574829934006 -2.880149 0.163073 -0.397153 
5.74991417 0.575796087724 -2.852068 0.164469 -0.377279 
5.760239125 0.576812977446 -2.852383 0.155954 -0.387798 
5.770109177 0.577785341963 -2.853563 0.173235 -0.36855 
5.779978037 0.578757589047 -2.860865 0.15951 -0.358561 
5.790268183 0.579771339819 -2.867938 0.155421 -0.34803 
5.800112009 0.580741120637 -2.861382 0.159331 -0.338494 
5.809985161 0.581756346523 -2.861721 0.167498 -0.347746 
5.820270062 0.582818369461 -2.86923 0.163793 -0.337343 
5.830134154 0.583836939495 -2.876882 0.159078 -0.337402 
5.840013028 0.584857035924 -2.877519 0.167799 -0.306943 
5.849961996 0.585857234841 -2.870294 0.155089 -0.325964 
5.860297203 0.58685283629 -2.863904 0.159555 -0.306212 
5.87015915 0.587802848102 -2.879166 0.167373 -0.296678 
5.880048991 0.588755546972 -2.865506 0.167473 -0.295771 
5.88995719 0.589710014288 -2.872701 0.155318 -0.294597 
5.900225163 0.590699139015 -2.886897 0.162816 -0.283648 
5.91011405 0.591688585264 -2.866543 0.159775 -0.273014 
5.91990304 0.592678402929 -2.866447 0.152442 -0.262727 
5.930269003 0.593726561452 -2.85341 0.160538 -0.252836 
5.940137148 0.594724382907 -2.860838 0.147652 -0.242728 
5.949978114 0.595719456147 -2.832746 0.157951 -0.241956 
5.960322142 0.596751489278 -2.812174 0.155643 -0.211678 
5.970231057 0.597738615568 -2.827168 0.146666 -0.21155 
5.980105162 0.598722274085 -2.820251 0.150469 -0.211068 
5.99040103 0.59974794864 -2.834794 0.142957 -0.200231 
6.000274182 0.600731512219 -2.849523 0.158173 -0.199696 
6.010154009 0.601725947249 -2.834975 0.142387 -0.207701 
6.020011187 0.602718687789 -2.864009 0.141195 -0.207635 
6.030318022 0.603756714386 -2.86381 0.149706 -0.196201 
6.040189028 0.604750847577 -2.877405 0.139298 -0.215089 
6.050064087 0.605745388956 -2.899132 0.142927 -0.23449 
6.060396195 0.606783214911 -2.898882 0.150876 -0.232356 
6.070265055 0.60776924309 -2.926628 0.141194 -0.220706 
6.080128193 0.608754699566 -2.940694 0.148695 -0.239251 
6.089943171 0.609735344228 -2.934131 0.144422 -0.246296 
6.10026002 0.610767254955 -2.954494 0.139283 -0.24493 
6.110150099 0.611769973645 -2.961471 0.142977 -0.243525 
6.119988203 0.612767422782 -2.969365 0.139095 -0.242549 
6.130330086 0.613815948216 -2.954254 0.139053 -0.230797 
6.140201092 0.614816733165 -2.975758 0.13451 -0.24003 
6.150077105 0.615818025756 -2.983095 0.138311 -0.22957 
6.159973145 0.61678596866 -2.983206 0.146368 -0.218382 
6.170270205 0.617790919434 -2.99035 0.133651 -0.226509 
6.180161 0.618756220411 -2.983286 0.12956 -0.225041 
6.189990044 0.619715494745 -2.975856 0.133423 -0.222354 
6.200321198 0.620723772953 -3.039685 0.126639 -0.240687 
6.210190058 0.621746933002 -3.032219 0.139688 -0.238621 
6.220067025 0.622779174262 -3.04596 0.137896 -0.2656 
6.229948044 0.623811838997 -3.066946 0.141475 -0.262355 
6.240245104 0.624887984153 -3.080737 0.140244 -0.280033 
6.250131131 0.62590979953 -3.094696 0.139569 -0.287494 
6.259950161 0.626865754146 -3.101955 0.143814 -0.274957 
6.27028513 0.627871939211 -3.115671 0.142305 -0.283453 
6.280169011 0.628834207548 -3.115686 0.126063 -0.281727 
6.290009022 0.62979220482 -3.123052 0.138484 -0.280273 
6.300335169 0.630797530997 -3.136884 0.136971 -0.287854 
6.310223103 0.631828251308 -3.150842 0.136296 -0.295315 
6.320066214 0.632855918339 -3.178821 0.13635 -0.301733 
6.329910994 0.633883759622 -3.185472 0.145865 -0.328174 
6.340233088 0.634961434729 -3.220133 0.133102 -0.32411 
6.350119114 0.63598285005 -3.212729 0.136681 -0.339906 
6.359966994 0.636913865057 -3.233841 0.141099 -0.336541 
6.370294094 0.637890185349 -3.240817 0.144793 -0.335136 
6.380171061 0.63882395023 -3.261997 0.130957 -0.352802 
6.390034199 0.639756407723 -3.247347 0.131014 -0.35966 
6.399922133 0.640691209421 -3.276045 0.146398 -0.367382 
6.410262108 0.641720626081 -3.310682 0.132068 -0.383997 
6.4201262 0.642703114362 -3.324375 0.155586 -0.391051 
6.429990054 0.643685578939 -3.352273 0.146458 -0.397765 
6.440327168 0.644715181397 -3.380267 0.144663 -0.414765 
6.450172186 0.64569576986 -3.386999 0.148245 -0.421498 
6.460042 0.646687725442 -3.401079 0.139504 -0.438317 
6.470370055 0.647726123056 -3.429428 0.145878 -0.435991 
6.480236054 0.648718064891 -3.435846 0.141009 -0.451954 
6.490112067 0.649711013548 -3.449992 0.147946 -0.450305 
6.499938012 0.650698928296 -3.456507 0.135295 -0.457143 
6.510259152 0.651726105206 -3.463939 0.14715 -0.464074 
6.520132065 0.652705460271 -3.484687 0.141834 -0.472137 
6.529988051 0.653683136242 -3.47813 0.146466 -0.469705 
6.540313006 0.654707332137 -3.498953 0.158393 -0.467199 
6.550199986 0.655688082594 -3.513105 0.157269 -0.475823 
6.560037136 0.656663890107 -3.506136 0.146117 -0.472333 
6.569944144 0.657692240335 -3.541351 0.148128 -0.47979 
6.58023119 0.658774601704 -3.562002 0.150594 -0.496978 
6.590106011 0.659813590426 -3.583069 0.146389 -0.513186 
6.599951029 0.660845390345 -3.596576 0.152549 -0.509452 
6.610268116 0.661841928367 -3.589354 0.149465 -0.5261 
6.62014103 0.662795563262 -3.639694 0.152242 -0.523833 
6.630022049 0.663749981028 -3.638804 0.159414 -0.519614 
6.640320063 0.664744676769 -3.653087 0.151789 -0.545494 
6.650193215 0.665698334654 -3.687693 0.16092 -0.552767 
6.660067082 0.666688048797 -3.652065 0.14994 -0.557975 
6.669864178 0.667675044456 -3.687305 0.136551 -0.5645 
6.680227042 0.668719037675 -3.757821 0.14097 -0.582287 
6.690124989 0.669716193437 -3.750478 0.145953 -0.589578 
6.699975014 0.670806244576 -3.763583 0.152287 -0.604995 
6.710303069 0.67175132766 -3.799133 0.138444 -0.611767 
6.720177174 0.672706894934 -3.798674 0.146841 -0.637051 
6.730055094 0.673692693444 -3.834005 0.148847 -0.643591 
6.739923001 0.674677492676 -3.833775 0.149459 -0.630255 
6.750155211 0.675698648687 -3.869086 0.158803 -0.647999 
6.760037184 0.676791532534 -3.840404 0.152641 -0.662693 
6.769932986 0.677771566578 -3.897047 0.149831 -0.670201 
6.780237198 0.678792047643 -3.925031 0.147194 -0.686405 
6.790124178 0.679771207997 -3.945656 0.150666 -0.692215 
6.799966097 0.68075705412 -3.966429 0.162033 -0.699011 
6.809841156 0.681854970323 -4.03015 0.162188 -0.725672 
6.820187092 0.682868543257 -3.987128 0.171874 -0.720619 
6.830044985 0.683827759277 -4.043898 0.169903 -0.728007 
6.8399961 0.684796046204 -4.050676 0.165141 -0.734916 
6.850288153 0.685797507886 -4.050309 0.173818 -0.740801 
6.860154152 0.686731860004 -4.050268 0.165076 -0.738103 
6.870037079 0.687704253715 -4.05082 0.165456 -0.737315 
6.880362988 0.688735328525 -4.079002 0.156158 -0.725792 
6.890210152 0.689718599126 -4.079883 0.148746 -0.714047 
6.900080204 0.690745903905 -4.086519 0.176354 -0.703053 
6.909932137 0.691860382877 -4.080145 0.157358 -0.721222 
6.920257092 0.692857456755 -4.094424 0.157072 -0.729726 
6.930134058 0.693799308283 -4.115992 0.16893 -0.727595 
6.939946175 0.694734975915 -4.122938 0.164724 -0.724287 
6.950312138 0.695755079668 -4.122496 0.156157 -0.74074 
6.960193158 0.696808306329 -4.172385 0.157826 -0.759821 
6.970046997 0.697791213724 -4.172251 0.165771 -0.756772 
6.979910136 0.698743900091 -4.186813 0.166037 -0.754144 
6.990240097 0.699741677067 -4.186833 0.156848 -0.782103 
7.00009799 0.700693856719 -4.208138 0.160817 -0.7799 
7.009975195 0.701731838262 -4.222497 0.159967 -0.768211 
7.020321131 0.702782474916 -4.21595 0.165442 -0.766574 
7.030197144 0.703771349447 -4.236811 0.150495 -0.776094 
7.040073157 0.704760223979 -4.237277 0.1595 -0.785227 
7.049907208 0.705744896901 -4.215691 0.155583 -0.783394 
7.060240031 0.706756391732 -4.237712 0.150861 -0.77256 
7.070082188 0.70771817483 -4.237666 0.159204 -0.772384 
7.079941988 0.708686846368 -4.245211 0.146313 -0.76136 
7.090262175 0.709700748415 -4.259645 0.145741 -0.758851 
7.100164175 0.710673565873 -4.252545 0.165951 -0.777416 
7.110033989 0.711656360644 -4.28778 0.160624 -0.77367 
7.120377064 0.712682895593 -4.280639 0.156977 -0.770124 
7.130249024 0.713657044034 -4.301651 0.159551 -0.778258 
7.14012599 0.714631686458 -4.330653 0.165576 -0.795703 
7.149979115 0.715603976292 -4.323543 0.169828 -0.794059 
7.160291195 0.716543914059 -4.281422 0.163439 -0.774122 
7.170156002 0.717344516772 -4.211189 0.159572 -0.745204 
7.180041075 0.718051785992 -4.163095 0.15928 -0.710227 
7.189954996 0.718761119265 -4.08574 0.143104 -0.674624 
7.200245142 0.719496711643 -4.0383 0.159429 -0.639669 
7.210080147 0.720004678447 -3.98936 0.158084 -0.62292 
