0.0 0.000849363288326 -0.106219 -0.019746 -0.01152 
0.009860992 0.00185563008401 -0.112765 -0.024499 -0.02026 
0.01974988 0.0028074580965 -0.119189 -0.021185 -0.019643 
0.030032873 0.00379721961364 -0.125832 -0.018605 -0.03867 
0.039862871 0.00474337932939 -0.103667 -0.021896 -0.026246 
0.049770832 0.00569704316161 -0.124173 -0.028046 -0.035344 
0.060103893 0.00669162383787 -0.138472 -0.021276 -0.044954 
0.06991601 0.00768527516459 -0.123812 -0.022783 -0.043912 
0.07981801 0.00868847314702 -0.131681 -0.011265 -0.043867 
0.089776993 0.00969744422889 -0.138268 -0.016299 -0.04251 
0.100008011 0.0107339759009 -0.166136 -0.019654 -0.052527 
0.109892845 0.0117354347501 -0.130089 -0.006878 -0.061236 
0.11975193 0.0127192717663 -0.150888 -0.011633 -0.059997 
0.130148887 0.0137567102773 -0.179466 -0.005871 -0.071008 
0.139982939 0.0147379804955 -0.171804 -0.001999 -0.070153 
0.149870872 0.0157246271161 -0.185759 -0.0123 -0.079987 
0.160145998 0.0167499089767 -0.171925 -0.004695 -0.079024 
0.170001983 0.0177368248129 -0.157606 -0.013151 -0.067822 
0.179966926 0.0187346692004 -0.158046 0.001508 -0.057987 
0.190228939 0.019762260836 -0.180007 0.004406 -0.068452 
0.200091839 0.0207498870984 -0.202023 0.022139 -0.059654 
0.210026026 0.0217446281291 -0.173845 0.014352 -0.068655 
0.219799995 0.0227225706099 -0.181015 0.017596 -0.068411 
0.230187893 0.02376194026 -0.224774 0.021994 -0.070184 
0.240042925 0.0247479935657 -0.190744 0.035294 -0.06037 
0.24989295 0.0257335458919 -0.192636 0.034981 -0.041966 
0.259775877 0.0267223902546 -0.210144 0.033687 -0.014451 
0.270038843 0.0277649079089 -0.156004 0.053804 -0.005763 
0.279875994 0.0287642830258 -0.18236 0.057857 0.029871 
0.289783001 0.0297707549482 -0.133749 0.058466 0.037678 
0.300143003 0.0308232475052 -0.160316 0.059295 -0.015409 
0.31002593 0.031821710599 -0.131045 0.071082 -0.066579 
0.319818973 0.0327747663077 -0.123856 0.069806 -0.078511 
0.330121994 0.0337774529067 -0.103772 0.06587 -0.071118 
0.339994907 0.0347382815374 -0.090913 0.060251 -0.032394 
0.349922895 0.0357044700488 -0.078485 0.060505 -0.015583 
0.359768867 0.0366626767903 -0.079272 0.069177 -0.018655 
0.370035887 0.0377337502279 -0.080084 0.06245 -0.020796 
0.379910946 0.0387693290906 -0.087397 0.073707 -0.043811 
0.389842987 0.0398108835484 -0.065923 0.071755 -0.024172 
0.400157928 0.040892592009 -0.059089 0.067051 -0.03604 
0.410047054 0.0419152006794 -0.045358 0.075778 -0.016475 
0.419857979 0.0428731622154 -0.053375 0.063109 -0.017753 
0.429776907 0.0438416694156 -0.047234 0.07474 -0.019547 
0.440120935 0.0448516843685 -0.061747 0.058608 0.000296 
0.44995594 0.0458119971318 -0.034254 0.075336 -0.010629 
0.4598279 0.0467766320275 -0.049284 0.066197 -0.022675 
0.470079899 0.0478431013597 -0.028195 0.064068 -0.012464 
0.480006933 0.048875766045 -0.050562 0.05873 -0.014051 
0.489845037 0.0498991797425 -0.065404 0.058944 -0.015459 
0.499735832 0.0509280746477 -0.051156 0.067851 -0.015961 
0.510059833 0.0519789561633 -0.036933 0.061358 -0.015532 
0.519937992 0.0529124447098 -0.036507 0.061817 -0.016201 
0.529775858 0.0538421255575 -0.043693 0.057842 -0.027026 
0.540066957 0.0548146370394 -0.028892 0.051976 -0.016007 
0.550004959 0.0557537807647 -0.013904 0.05289 -0.026407 
0.559890032 0.0566906747703 -0.048379 0.046187 -0.036659 
0.5697999 0.0576809399061 -0.047467 0.0457 -0.046501 
0.580080032 0.0587082044783 -0.054211 0.049403 -0.046927 
0.589961052 0.0596955869149 -0.053466 0.049472 -0.046553 
0.59979701 0.060678466433 -0.05946 0.04434 -0.056081 
0.610126018 0.0617106150459 -0.058755 0.044128 -0.04561 
0.620017051 0.0627061273518 -0.064703 0.047339 -0.054963 
0.629881859 0.0636993344819 -0.071599 0.04185 -0.053853 
0.640157938 0.0647339491375 -0.063044 0.037898 -0.051637 
0.650028944 0.0657277802937 -0.055241 0.025814 -0.060068 
0.659920931 0.0667237238558 -0.09009 0.035057 -0.059202 
0.669793844 0.0677070768806 -0.082494 0.023248 -0.047319 
0.680150032 0.0687377650666 -0.081652 0.0311 -0.056071 
0.690026045 0.0697206643655 -0.102102 0.027081 -0.064683 
0.69987297 0.0707006687132 -0.136116 0.020999 -0.063428 
0.710208893 0.0717293400475 -0.127951 0.025775 -0.061164 
0.720036983 0.0727423587192 -0.126556 0.018854 -0.058395 
0.72993803 0.0737648171809 -0.139653 0.018253 -0.066398 
0.740257978 0.07483053459 -0.145169 0.015591 -0.053838 
0.750118017 0.0758487582494 -0.158373 0.023166 -0.072925 
0.759978056 0.0768605147813 -0.164026 0.027555 -0.060555 
0.769819021 0.0778090009821 -0.16294 0.02018 -0.058032 
0.780158043 0.0788054906249 -0.169704 0.03166 -0.066668 
0.790047884 0.0797586875642 -0.168785 0.024842 -0.053929 
0.799902916 0.0807085295625 -0.189149 0.019703 -0.052563 
0.810173988 0.0816984700877 -0.181111 0.025316 -0.050179 
0.820021868 0.0826926019028 -0.194857 0.017313 -0.048269 
0.829885959 0.0836926038152 -0.208532 0.016086 -0.066862 
0.83981204 0.0846988901505 -0.200707 0.013913 -0.054438 
0.850128889 0.0857585499113 -0.23612 0.024379 -0.05358 
0.860034942 0.0868436638171 -0.228483 0.012852 -0.051794 
0.869904041 0.0877384274618 -0.227666 0.005304 -0.059615 
0.880215883 0.0887398035399 -0.227473 0.005754 -0.058453 
0.890069008 0.089721307906 -0.240844 0.013885 -0.067323 
0.899978876 0.0907084646415 -0.233618 0.018142 -0.066595 
0.909817934 0.0916885677444 -0.240337 0.005884 -0.07539 
0.920105934 0.0928105440588 -0.253809 0.020508 -0.065173 
0.930031061 0.0938072118739 -0.253788 0.013452 -0.064067 
0.939893007 0.0947814896969 -0.288851 0.014908 -0.05316 
0.950144052 0.0957942072485 -0.274405 0.01536 -0.061976 
0.960098982 0.0967776711134 -0.287908 0.006523 -0.061101 
0.96993804 0.0978901379018 -0.301801 0.006413 -0.060177 
0.979801893 0.0988559787628 -0.32332 0.016988 -0.060243 
0.990164041 0.0998607343399 -0.322696 0.008992 -0.069226 
1.000045061 0.10081883781 -0.329384 0.020195 -0.06868 
1.009904861 0.101774883703 -0.322467 0.023997 -0.068199 
1.019778967 0.102730827017 -0.34318 0.018123 -0.056983 
1.03006196 0.103742159709 -0.343297 0.018118 -0.056067 
1.039971828 0.104722176572 -0.350633 0.021919 -0.045608 
1.049804926 0.105694601416 -0.364709 0.020517 -0.04505 
1.060137987 0.10674191404 -0.336243 0.020239 -0.054909 
1.07002306 0.107901747646 -0.379277 0.017369 -0.045105 
1.079879045 0.108858907241 -0.372238 0.029238 -0.035267 
1.09018588 0.109839421801 -0.379576 0.016072 -0.044556 
1.100049019 0.110777726469 -0.408331 0.028604 -0.04566 
1.10995698 0.111720295165 -0.387232 0.025632 -0.034653 
1.119777918 0.112802318219 -0.401084 0.016059 -0.023927 
1.130136967 0.113837654734 -0.401444 0.031282 -0.034286 
1.140007019 0.114791987092 -0.40835 0.026636 -0.033971 
1.149855852 0.115744267791 -0.429915 0.028868 -0.034213 
1.160161018 0.116740671191 -0.422781 0.016437 -0.033836 
1.170029878 0.117752235159 -0.429991 0.019399 -0.023496 
1.179920912 0.118754402615 -0.401875 0.028131 -0.043404 
1.189776897 0.11974470963 -0.422639 0.022818 -0.022887 
1.200124979 0.120784461435 -0.437177 0.020795 -0.033835 
1.210000992 0.121776780818 -0.437136 0.021076 -0.043932 
1.219866037 0.12274350178 -0.458488 0.031095 -0.054214 
1.230151892 0.12375001273 -0.437623 0.027392 -0.034272 
1.240041017 0.124724553616 -0.451709 0.026833 -0.034511 
1.249908924 0.125697003538 -0.466388 0.040766 -0.036173 
1.25977087 0.126668866023 -0.431082 0.029453 -0.035319 
1.270112037 0.127690537113 -0.473919 0.027151 -0.046624 
1.279980898 0.128671990372 -0.459847 0.042827 -0.03722 
1.289813041 0.129657459419 -0.459934 0.034202 -0.027298 
1.300154924 0.130694019363 -0.488948 0.040348 -0.038436 
1.310036897 0.131684482837 -0.446253 0.041639 -0.037594 
1.319892883 0.132670810167 -0.481955 0.043873 -0.028773 
1.32973504 0.133656732798 -0.481919 0.05843 -0.028908 
1.340061903 0.134692084531 -0.467783 0.043312 -0.018558 
1.349964857 0.135684935949 -0.496548 0.056686 -0.020458 
1.359789848 0.136669970946 -0.468544 0.041394 -0.029514 
1.370151043 0.137761805604 -0.511299 0.046876 -0.021365 
1.380025863 0.138758705962 -0.504231 0.06524 -0.021934 
1.389888048 0.139737877754 -0.482934 0.062836 -0.032036 
1.399731874 0.140715226764 -0.525726 0.059132 -0.023266 
1.410050869 0.141739753157 -0.50487 0.071388 -0.023533 
1.419934034 0.142872065663 -0.490829 0.063603 -0.023471 
1.42977786 0.143844405866 -0.54111 0.063532 -0.015501 
1.440132856 0.144854726975 -0.491636 0.053341 -0.034603 
1.450016975 0.145819105337 -0.541445 0.062072 -0.027126 
1.459872007 0.146780210974 -0.527891 0.070348 -0.037302 
1.469799042 0.147742362083 -0.499146 0.06403 -0.036508 
1.480032921 0.148762870436 -0.56404 0.079179 -0.028919 
1.48991704 0.149763415255 -0.52131 0.072691 -0.048446 
1.499779939 0.150761812025 -0.570932 0.07381 -0.05008 
1.510089874 0.151802888837 -0.58586 0.080515 -0.060979 
1.519955873 0.152755278954 -0.550076 0.086065 -0.050347 
1.529861927 0.153742734706 -0.571945 0.078938 -0.060311 
1.540146827 0.154786213996 -0.550806 0.076248 -0.059401 
1.550032854 0.155789224666 -0.608353 0.081384 -0.061961 
1.559907913 0.15678425912 -0.594089 0.080543 -0.071143 
1.569774866 0.157746323049 -0.572513 0.077469 -0.070106 
1.58010602 0.158758195319 -0.615871 0.099008 -0.07128 
1.589971065 0.15972671364 -0.601512 0.073868 -0.089924 
1.599799871 0.160691674132 -0.630075 0.081478 -0.090352 
1.610157013 0.16170850495 -0.623427 0.085109 -0.100214 
1.620017051 0.162773212307 -0.65128 0.083603 -0.099648 
1.629911899 0.163786115692 -0.637497 0.091769 -0.089384 
1.639731884 0.164754721142 -0.64378 0.079127 -0.098053 
1.650071859 0.165774616401 -0.679385 0.089143 -0.098357 
1.659929037 0.166746711509 -0.657759 0.085508 -0.10662 
1.669785976 0.167693716592 -0.657698 0.078734 -0.115611 
1.680145025 0.168724227888 -0.678608 0.096429 -0.115494 
1.690022945 0.169721476412 -0.664273 0.089822 -0.093709 
1.699880838 0.170716703064 -0.713844 0.09038 -0.104644 
1.709804058 0.171718524956 -0.692531 0.095195 -0.103677 
1.720059871 0.172841669036 -0.72765 0.089151 -0.093742 
1.729935884 0.173850179911 -0.677917 0.102311 -0.083062 
1.739784002 0.174848500877 -0.692222 0.085904 -0.083532 
1.750113964 0.175895667214 -0.727316 0.095259 -0.074527 
1.759997844 0.176868015659 -0.684697 0.096827 -0.082867 
1.769855976 0.177750263266 -0.705487 0.100253 -0.093628 
1.780134916 0.178745721987 -0.734369 0.113623 -0.094613 
1.790035009 0.17972467301 -0.720146 0.10713 -0.094184 
1.799912929 0.180701431501 -0.748674 0.097216 -0.095082 
1.809759855 0.181675125211 -0.742832 0.117296 -0.116226 
1.82009387 0.182696983749 -0.763708 0.112096 -0.117065 
1.829992056 0.18371208769 -0.771623 0.115271 -0.117196 
1.839834928 0.184742824505 -0.750849 0.119741 -0.136917 
1.850141048 0.185822072238 -0.801073 0.121801 -0.128461 
1.860014915 0.186856054822 -0.780132 0.125716 -0.158398 
1.869869947 0.187888065021 -0.773489 0.138251 -0.158783 
1.879791975 0.188868635821 -0.837647 0.122953 -0.159056 
1.890063047 0.189878176543 -0.809774 0.132519 -0.177929 
1.899916887 0.190846707651 -0.866524 0.137163 -0.189416 
1.90982604 0.191820675458 -0.853213 0.146273 -0.198557 
1.920177936 0.192838160348 -0.916627 0.131045 -0.198456 
1.930024862 0.193806769003 -0.903148 0.139598 -0.217814 
1.939877987 0.194776322577 -0.896394 0.144798 -0.236491 
1.949815035 0.195754134225 -0.939205 0.143502 -0.236417 
1.960074901 0.196763711364 -0.917558 0.147204 -0.255884 
1.969969034 0.19773730015 -0.967403 0.125135 -0.275125 
1.979830026 0.198735917664 -0.989722 0.160221 -0.2762 
1.990161896 0.199799913617 -0.982142 0.156309 -0.294799 
2.000040054 0.200817185431 -1.046341 0.14073 -0.284974 
2.009866953 0.201829178494 -1.010689 0.154172 -0.303907 
2.020205974 0.202893910871 -1.046107 0.156576 -0.313322 
2.030045032 0.203849336397 -1.059908 0.163408 -0.292148 
2.039949894 0.20480642598 -1.044706 0.147971 -0.280381 
2.049769878 0.205755313949 -1.064937 0.157276 -0.229215 
2.06013298 0.206756682466 -0.985556 0.147556 -0.156524 
2.070003032 0.207710408419 -0.962688 0.128216 -0.107113 
2.079865932 0.208681033087 -0.919462 0.128289 -0.049105 
2.089781046 0.209682497859 -0.841019 0.136819 -0.010643 
2.100076914 0.210722420254 -0.848121 0.140025 -0.017182 
2.109940052 0.21171863525 -0.8353 0.141416 -0.04259 
2.119771957 0.212711695592 -0.857855 0.152713 -0.047862 
2.130120039 0.213747731251 -0.87354 0.159469 -0.052827 
2.139986038 0.214728812594 -0.867395 0.156826 -0.064584 
2.149808883 0.215705602674 -0.90323 0.16623 -0.078225 
2.160142898 0.216733223831 -0.868188 0.17183 -0.090237 
2.170032024 0.217716604937 -0.932571 0.163982 -0.093574 
2.179908037 0.218705793813 -0.918496 0.179777 -0.106441 
2.18975687 0.219696999757 -0.926184 0.174899 -0.118675 
2.200100899 0.220738043201 -0.969416 0.204623 -0.132764 
2.209985018 0.221732800397 -0.941843 0.212169 -0.143984 
2.219800949 0.222720695019 -0.998852 0.200684 -0.145606 
2.230150938 0.223761621413 -0.985572 0.207947 -0.136751 
2.240031957 0.224749100565 -0.991906 0.195866 -0.136119 
2.249882936 0.225733577611 -1.041705 0.203754 -0.127846 
2.260184049 0.226763039686 -1.013547 0.219989 -0.118203 
2.270094871 0.22775349726 -1.048053 0.197045 -0.098149 
2.27995491 0.228750049363 -1.019789 0.205104 -0.077423 
2.289816856 0.229752458059 -0.998111 0.202758 -0.055825 
2.300125837 0.230800305228 -1.019209 0.228066 -0.046597 
2.310014009 0.231805379641 -1.004306 0.211332 -0.034282 
2.31988287 0.232808491206 -1.017505 0.202108 -0.003784 
2.330205917 0.233826870502 -0.995574 0.198086 0.017574 
2.340060949 0.234787732394 -0.995022 0.183313 0.029095 
2.349911928 0.23574819912 -1.008809 0.189421 0.028793 
2.359768867 0.236709246944 -0.980047 0.190321 0.040656 
2.370141029 0.237720528816 -1.000168 0.184349 0.040986 
2.380007028 0.238722981689 -0.978364 0.181165 0.062464 
2.389865875 0.239755363814 -0.985281 0.177362 0.061983 
2.400174856 0.240834882314 -0.985108 0.184867 0.062039 
2.410027027 0.241866565353 -0.970236 0.185777 0.052554 
2.419913053 0.242901793564 -0.998455 0.176317 0.051902 
2.429810047 0.243884521146 -0.990991 0.171678 0.041322 
2.440088987 0.244885227281 -0.983928 0.162216 0.042305 
2.449950933 0.245845336967 -1.011954 0.167598 0.030506 
2.459820032 0.246806143034 -1.041121 0.173577 0.008109 
2.470141887 0.247811027158 -1.033642 0.170787 0.008112 
2.480026006 0.248817305022 -1.033353 0.178297 0.007253 
2.489907026 0.249846121486 -1.061612 0.1783 -0.003201 
2.50019598 0.25091741223 -1.08332 0.164406 0.005507 
2.510093927 0.251947991141 -1.076916 0.168148 0.003784 
2.51996994 0.252976286273 -1.076719 0.175937 0.022322 
2.529814005 0.253919211166 -1.070275 0.179961 0.010502 
2.540112018 0.254893292098 -1.091324 0.167256 0.009606 
2.549984932 0.255827163251 -1.062746 0.175888 0.008308 
2.559844017 0.256759726331 -1.03465 0.17656 0.006707 
2.570122003 0.257731912925 -1.055979 0.154781 0.01457 
2.580016851 0.258704194304 -1.007261 0.152584 0.033946 
2.589887857 0.259692353382 -1.013706 0.157584 0.032971 
2.599798918 0.260684522256 -1.020374 0.161009 0.041727 
2.610090017 0.261714735681 -1.034567 0.168626 0.030406 
2.61996293 0.262703085664 -1.034527 0.168908 0.020309 
2.629835844 0.263691183103 -1.02079 0.168731 0.030397 
2.640130043 0.264721281051 -1.03477 0.159996 0.041242 
2.650006056 0.265709532854 -1.056072 0.154338 0.041072 
2.65989089 0.266698667339 -1.019543 0.142992 0.032329 
2.66981101 0.267691332747 -1.018798 0.143062 0.032703 
2.680096864 0.268717823922 -1.033026 0.158459 0.041751 
2.68995285 0.269699870008 -1.025582 0.163449 0.062124 
2.699805975 0.270681631026 -1.046727 0.158077 0.050941 
2.710106849 0.271708005556 -1.025076 0.154726 0.06116 
2.720013857 0.272695135452 -1.025005 0.146387 0.060068 
2.729873895 0.273695368006 -1.018602 0.150129 0.058345 
2.740182876 0.274763360647 -1.061906 0.15611 0.045011 
2.750056028 0.275786202156 -1.020302 0.156715 0.033058 
2.759938001 0.276809957505 -1.063135 0.161753 0.039129 
2.769821882 0.277833910519 -1.063876 0.161802 0.016484 
2.780108928 0.278849899181 -1.071741 0.163694 0.014156 
2.790007829 0.279805509656 -1.079085 0.158711 0.021447 
2.799873829 0.280757943966 -1.100681 0.168841 0.019303 
2.810189962 0.281753832779 -1.100605 0.168564 0.028484 
2.820052862 0.282705967824 -1.128798 0.174502 0.026902 
2.829915046 0.28367798707 -1.107988 0.178414 0.026459 
2.839810848 0.284675843461 -1.107593 0.177748 0.036683 
2.850091934 0.285712550477 -1.128297 0.180054 0.0359 
2.859997988 0.286711440642 -1.113546 0.180118 0.056706 
2.869835853 0.287780071082 -1.106269 0.168698 0.067546 
2.880146026 0.28878623146 -1.112714 0.179068 0.067057 
2.889997959 0.289704501247 -1.127028 0.195585 0.066127 
2.899899959 0.290692605014 -1.154806 0.176836 0.056126 
2.910210848 0.291721511121 -1.176062 0.179521 0.056131 
2.920062065 0.292704547339 -1.218371 0.193522 0.045304 
2.929957866 0.293735578944 -1.218481 0.201579 0.056492 
2.939825058 0.294772284513 -1.232213 0.192851 0.036927 
2.950131893 0.295799586831 -1.260087 0.181435 0.016638 
2.960047006 0.296787845454 -1.30265 0.187367 0.025949 
2.969917059 0.29777161286 -1.316396 0.193757 0.015551 
2.979828834 0.298818838938 -1.344406 0.216103 -0.005078 
2.990087032 0.299876366154 -1.379313 0.210625 -0.044832 
2.999953031 0.300835316683 -1.421521 0.208388 -0.054848 
3.009819984 0.30179435994 -1.428123 0.21125 -0.083972 
3.020172834 0.302800631174 -1.492023 0.212083 -0.09411 
3.030035972 0.303752073116 -1.505845 0.21875 -0.11369 
3.039918899 0.304711081526 -1.527014 0.230061 -0.123606 
3.0498209 0.305697988486 -1.533798 0.248597 -0.133348 
3.060051918 0.306717687723 -1.561524 0.246253 -0.132901 
3.06993103 0.307702313394 -1.610705 0.238083 -0.143884 
3.079795837 0.308805982099 -1.624781 0.236681 -0.143326 
3.090129852 0.309897734374 -1.638334 0.243521 -0.152563 
3.10000205 0.310832865029 -1.644901 0.245824 -0.162409 
3.109835863 0.311764359716 -1.680426 0.246658 -0.163008 
3.120173931 0.312743619279 -1.672886 0.242464 -0.17151 
3.130025863 0.313767482205 -1.708141 0.243471 -0.161766 
3.139929056 0.314810794454 -1.736456 0.241343 -0.172705 
3.149761915 0.315763250151 -1.757418 0.2596 -0.163287 
3.160094976 0.316764157702 -1.77795 0.252445 -0.183764 
3.169992924 0.317722918218 -1.791646 0.243159 -0.18405 
3.179837942 0.318710133279 -1.776905 0.259181 -0.183453 
3.190144062 0.319773335788 -1.797497 0.244407 -0.18263 
3.200021028 0.320764450367 -1.804231 0.247266 -0.182259 
3.209897041 0.321755469316 -1.818064 0.245031 -0.182737 
3.219809055 0.322750100823 -1.824259 0.248235 -0.161679 
3.230093956 0.32376618872 -1.845541 0.249915 -0.173053 
3.239968061 0.324727845421 -1.823408 0.254522 -0.162531 
3.249821901 0.325695880518 -1.872909 0.246741 -0.174557 
3.260120868 0.326712372322 -1.850877 0.25062 -0.184595 
3.270017862 0.327689190024 -1.89272 0.255616 -0.186289 
3.279897928 0.328665827811 -1.885125 0.2582 -0.186715 
3.289801836 0.329646332474 -1.892184 0.253387 -0.19766 
3.300096988 0.33067978507 -1.898462 0.2632 -0.208365 
3.309944868 0.331668339406 -1.890608 0.2668 -0.199244 
3.319826841 0.332660316081 -1.904157 0.249619 -0.198544 
3.330129862 0.3337017736 -1.960923 0.269382 -0.200865 
3.340000868 0.334702020981 -1.953008 0.256462 -0.180836 
3.34987092 0.335685432396 -1.938709 0.264807 -0.190639 
3.359786987 0.336673428557 -1.930804 0.267846 -0.190818 
3.370069027 0.337697888763 -1.979863 0.267742 -0.192444 
3.37992692 0.338706323421 -1.972287 0.262989 -0.181668 
3.389787912 0.339725714919 -1.964671 0.258518 -0.180988 
3.400141001 0.340759548183 -1.977866 0.264528 -0.192175 
3.409987926 0.34174283719 -1.977956 0.279923 -0.19219 
3.419867992 0.342729435574 -2.01225 0.264766 -0.182177 
3.430184841 0.343845226977 -2.032633 0.266683 -0.181917 
3.440063953 0.344885073369 -2.003448 0.251076 -0.190473 
3.449902057 0.345846183441 -1.995446 0.261896 -0.199778 
3.459831953 0.346816260913 -2.008964 0.268177 -0.189736 
3.470131874 0.347822487094 -2.015576 0.262137 -0.199757 
3.48001194 0.348772444787 -2.015105 0.276309 -0.199765 
3.489856005 0.349727810713 -2.036097 0.271105 -0.199689 
3.500221014 0.350782011734 -2.035266 0.270054 -0.189338 
3.510050058 0.351781700997 -2.020434 0.270682 -0.188726 
3.519924879 0.352786046133 -2.047923 0.259442 -0.199587 
3.529799938 0.353755850482 -2.054926 0.26213 -0.20956 
3.5401299 0.3547624225 -2.054073 0.254024 -0.198102 
3.550005913 0.355767724251 -2.031986 0.265403 -0.207169 
3.559874058 0.3567722251 -2.045625 0.263617 -0.206484 
3.57017684 0.357820968634 -2.066572 0.266757 -0.206233 
3.580067873 0.358776442801 -2.059315 0.277508 -0.215912 
3.589933872 0.359724210747 -2.073012 0.268221 -0.216198 
3.599803924 0.360699208743 -2.07214 0.267453 -0.215944 
3.610127926 0.361719049496 -2.100348 0.257149 -0.2158 
3.620005846 0.36269482472 -2.107518 0.260393 -0.215557 
3.62984705 0.363717510842 -2.135822 0.257423 -0.225701 
3.640176058 0.364815535046 -2.135726 0.25009 -0.215413 
3.650068044 0.365783455016 -2.142595 0.276967 -0.195484 
3.659945011 0.366749905393 -2.14259 0.268062 -0.204961 
3.669797897 0.367713999471 -2.120386 0.265053 -0.202634 
3.680130958 0.368722663403 -2.141073 0.274577 -0.192349 
3.690001964 0.369693570279 -2.154926 0.27475 -0.201522 
3.69985795 0.370685598831 -2.175827 0.259521 -0.200945 
3.710170984 0.371723630357 -2.153547 0.256235 -0.189436 
3.720046997 0.372717674675 -2.23133 0.255393 -0.190751 
3.729940891 0.373787374856 -2.224034 0.266426 -0.210526 
3.739817858 0.374835441327 -2.188062 0.264365 -0.209004 
3.750149965 0.375878910899 -2.230285 0.277245 -0.209853 
3.760025024 0.376876221862 -2.208259 0.258669 -0.217855 
3.769885063 0.377872015912 -2.235965 0.239523 -0.196404 
3.78018403 0.378821863566 -2.235609 0.263436 -0.215394 
3.790025949 0.379748333155 -2.242281 0.259522 -0.224014 
3.799970865 0.380725242236 -2.291699 0.260247 -0.22369 
3.809826851 0.381693415544 -2.262578 0.26104 -0.220881 
3.820145845 0.382707071059 -2.290952 0.266409 -0.229934 
3.83000803 0.383675853307 -2.304572 0.257567 -0.228143 
3.839864969 0.384658942672 -2.28263 0.262447 -0.225887 
3.850187063 0.385744772189 -2.310513 0.259816 -0.214428 
3.860043049 0.386781569618 -2.303044 0.23188 -0.222175 
3.869920015 0.387820574032 -2.3028 0.248734 -0.210564 
3.879832983 0.388863365665 -2.309396 0.249912 -0.209518 
3.89012289 0.389906885991 -2.33054 0.245263 -0.227804 
3.900002003 0.390878224968 -2.358312 0.251541 -0.207784 
3.909832954 0.391844828537 -2.343586 0.251322 -0.205461 
3.920140028 0.392858245704 -2.36466 0.238333 -0.224838 
3.930032968 0.393830944186 -2.371383 0.24035 -0.223672 
3.939911842 0.394802376832 -2.357098 0.24942 -0.211999 
3.94983387 0.395778461438 -2.378501 0.228639 -0.220421 
3.960087061 0.396787124374 -2.371011 0.230376 -0.219135 
3.969985008 0.397760839999 -2.37029 0.247128 -0.217495 
3.979817867 0.398728152559 -2.392028 0.241855 -0.217792 
3.990140915 0.399752376373 -2.405607 0.233295 -0.226098 
4.000031948 0.40076906134 -2.405545 0.248857 -0.214854 
4.009904861 0.401783883779 -2.404794 0.240022 -0.223957 
4.020233869 0.402845587562 -2.418668 0.24725 -0.234236 
4.030107975 0.403860532628 -2.411528 0.242882 -0.223587 
4.039983988 0.404834987861 -2.403988 0.238688 -0.232088 
4.049809933 0.405784612205 -2.475006 0.244054 -0.212122 
4.060166836 0.406785550762 -2.396994 0.242935 -0.229529 
4.070036888 0.407739437808 -2.460326 0.235492 -0.209974 
4.07990694 0.408693324854 -2.453303 0.255257 -0.230617 
4.090204 0.409690173897 -2.466882 0.246697 -0.238922 
4.100077867 0.410686438501 -2.47465 0.241977 -0.238066 
4.109961986 0.411683737522 -2.452836 0.262089 -0.248 
4.119782924 0.412674661635 -2.516538 0.239352 -0.247039 
4.130136013 0.413719279322 -2.516542 0.253626 -0.237077 
4.140028 0.414715983519 -2.523342 0.25055 -0.245578 
4.149884939 0.415701475852 -2.544553 0.234867 -0.245248 
4.160214901 0.416734260812 -2.537706 0.247009 -0.243675 
4.170079946 0.417720563579 -2.565148 0.229719 -0.242051 
4.179920912 0.418704458938 -2.544586 0.258485 -0.251395 
4.189821958 0.419696119669 -2.522441 0.247856 -0.227768 
4.200116873 0.420734959599 -2.54359 0.242365 -0.216679 
4.210011959 0.421733453559 -2.53003 0.258703 -0.216583 
4.219871998 0.422728410994 -2.536272 0.222204 -0.203141 
4.230161905 0.423766745576 -2.529579 0.234178 -0.212827 
4.240040064 0.424763531465 -2.52189 0.239056 -0.200593 
4.249929905 0.425750268398 -2.535383 0.229376 -0.198922 
4.260246038 0.426773170574 -2.513711 0.234084 -0.20701 
4.270117998 0.427752030516 -2.555985 0.216166 -0.205998 
4.279971838 0.42872909376 -2.520195 0.244893 -0.204506 
4.289839029 0.429715511465 -2.533799 0.220934 -0.211881 
4.300161838 0.430769242388 -2.534335 0.228532 -0.200024 
4.310032844 0.431776854198 -2.526922 0.225177 -0.208406 
4.319902897 0.432784368728 -2.561751 0.212249 -0.187022 
4.330204963 0.433835982249 -2.533578 0.228481 -0.205958 
4.340097904 0.434831059657 -2.554722 0.231052 -0.184597 
4.349973917 0.435789675109 -2.611174 0.220028 -0.216382 
4.359878063 0.436751021292 -2.582823 0.236712 -0.205577 
4.370148897 0.437747960055 -2.646228 0.229664 -0.217475 
4.379987955 0.438702988469 -2.63919 0.224567 -0.227386 
4.389859915 0.439673411098 -2.639372 0.23302 -0.24765 
4.400141954 0.440751964292 -2.674715 0.225402 -0.227985 
4.410037994 0.441790027417 -2.61155 0.233401 -0.237324 
4.419900894 0.442824614262 -2.674739 0.226968 -0.207305 
4.4297719 0.443860051401 -2.639884 0.231157 -0.197413 
4.440114021 0.44491443804 -2.661551 0.242405 -0.238113 
4.449985027 0.445874742595 -2.69669 0.229023 -0.216975 
4.459853887 0.446834838376 -2.6684 0.24526 -0.236827 
4.470140934 0.447835617638 -2.71038 0.242914 -0.226402 
4.480036974 0.448798357636 -2.695802 0.233622 -0.244814 
4.489938974 0.449776037052 -2.710389 0.249849 -0.233816 
4.499809027 0.450804616757 -2.753246 0.240209 -0.233918 
4.510072946 0.451874242094 -2.72489 0.247989 -0.232589 
4.519999981 0.452908760017 -2.724499 0.224867 -0.220329 
4.529834986 0.453933687293 -2.717906 0.22894 -0.198618 
4.540146827 0.454962102592 -2.725105 0.240805 -0.207381 
4.550036907 0.455894237665 -2.76024 0.218518 -0.195719 
4.559885978 0.45682250766 -2.710303 0.24103 -0.202979 
4.57019186 0.457793831863 -2.759148 0.23432 -0.202337 
4.580046892 0.458722663679 -2.75893 0.233202 -0.221854 
4.589984894 0.45967357724 -2.745081 0.242656 -0.210309 
4.599808931 0.460659698843 -2.809021 0.243207 -0.210349 
4.610123873 0.46169509673 -2.765749 0.228159 -0.218666 
4.620002031 0.462686650915 -2.801232 0.246241 -0.209614 
4.629868984 0.463677080361 -2.787121 0.230839 -0.217746 
4.640166044 0.464711095513 -2.822498 0.240746 -0.19761 
4.650040865 0.465704048478 -2.864883 0.238058 -0.237367 
4.65991497 0.466696929446 -2.821606 0.231071 -0.235411 
4.669826031 0.467693526489 -2.870791 0.217412 -0.224608 
4.680119991 0.468728625566 -2.828003 0.250505 -0.242828 
4.690003872 0.469721705744 -2.898637 0.239083 -0.233183 
4.699849844 0.470698259582 -2.891177 0.24407 -0.241389 
4.710166931 0.471721540056 -2.883348 0.247386 -0.25075 
4.720027923 0.472699583624 -2.889742 0.242801 -0.248231 
4.729902029 0.473678927878 -2.904319 0.241218 -0.256186 
4.740223884 0.474702681257 -2.911164 0.229799 -0.264862 
4.75009799 0.475682025511 -2.94649 0.239144 -0.254027 
4.759979963 0.476720476022 -2.911071 0.237462 -0.251716 
4.769829988 0.477757277364 -2.960312 0.231418 -0.261298 
4.780128956 0.478841333885 -2.946427 0.255428 -0.249886 
4.789979934 0.479846475217 -2.960918 0.247355 -0.24835 
4.79986906 0.480801127157 -2.960847 0.239738 -0.256544 
4.809772968 0.481757206085 -2.94682 0.247793 -0.254419 
4.820116997 0.482755772324 -2.960774 0.240064 -0.232195 
4.830037832 0.483713485309 -2.981918 0.235415 -0.250482 
4.839835882 0.484666826567 -2.960245 0.230377 -0.238671 
4.850128889 0.485703105839 -2.996322 0.241337 -0.25838 
4.860007047 0.486697618947 -2.98112 0.2259 -0.246614 
4.869874 0.487691003958 -2.995687 0.249464 -0.246819 
4.880168915 0.48874586422 -3.024067 0.24677 -0.266144 
4.890039921 0.489808175886 -3.023975 0.263457 -0.265792 
4.899935007 0.490686609265 -3.017454 0.243787 -0.243327 
4.909774065 0.491665791063 -3.01076 0.255761 -0.253013 
4.920109033 0.492703015886 -3.017732 0.235434 -0.241672 
4.930055857 0.493701286298 -3.032938 0.250753 -0.231167 
4.939870834 0.494706094937 -3.004237 0.227067 -0.217753 
4.950197935 0.495822691792 -3.03287 0.243017 -0.21709 
4.960084915 0.49679941792 -3.018586 0.23512 -0.225166 
4.969926834 0.497771692512 -3.039166 0.246214 -0.223696 
4.97983098 0.498750114454 -3.024836 0.246661 -0.231597 
4.990104914 0.499815551203 -3.073575 0.24152 -0.239769 
4.999979973 0.500885166576 -3.038286 0.254951 -0.227377 
5.009888887 0.501842736373 -3.074109 0.249841 -0.235016 
5.020179033 0.502837147367 -3.089077 0.24187 -0.22351 
5.030030966 0.503789210679 -3.074144 0.241376 -0.241499 
5.039914846 0.504743179296 -3.081059 0.22855 -0.229186 
5.049845934 0.505698987022 -3.095955 0.244322 -0.218434 
5.06011486 0.506727277979 -3.088112 0.232521 -0.236962 
5.069967985 0.507713932215 -3.095944 0.244201 -0.224742 
5.079836845 0.508702162093 -3.116622 0.230547 -0.233896 
5.090123892 0.509809559495 -3.109876 0.244532 -0.220825 
5.100019932 0.510896235228 -3.138585 0.251014 -0.209444 
5.109859943 0.511824644165 -3.102811 0.241163 -0.22646 
5.120234012 0.512803441687 -3.095427 0.236682 -0.22395 
5.130105018 0.513734775015 -3.115901 0.2396 -0.211396 
5.139981985 0.514734290295 -3.137355 0.234496 -0.229929 
5.149814844 0.515789615808 -3.130513 0.224183 -0.22632 
5.160125971 0.516804229025 -3.130304 0.246244 -0.226399 
5.169992924 0.517763881217 -3.15838 0.22155 -0.24344 
5.179877996 0.518725295649 -3.187048 0.259673 -0.234717 
5.190211057 0.519751404683 -3.185913 0.236621 -0.222082 
5.200082063 0.520780129946 -3.173042 0.26039 -0.221388 
5.209907055 0.521757386911 -3.179923 0.239784 -0.229444 
5.219764948 0.522737692626 -3.215649 0.2587 -0.219357 
5.230062961 0.523761765518 -3.208008 0.238268 -0.227047 
5.239948034 0.524741753062 -3.229365 0.240225 -0.247602 
5.249812841 0.525707911417 -3.214998 0.240835 -0.243328 
5.260164022 0.526725733923 -3.243556 0.239541 -0.253233 
5.270030975 0.527703016881 -3.2572 0.247382 -0.250175 
5.279906034 0.528681102706 -3.257047 0.245698 -0.278078 
5.289825916 0.529665951544 -3.285183 0.244744 -0.26638 
5.300106048 0.530692080398 -3.284856 0.253139 -0.262168 
5.309938907 0.531674921633 -3.291767 0.241153 -0.27923 
5.31980896 0.532661992285 -3.29204 0.240862 -0.267302 
5.330173015 0.533698466408 -3.298985 0.236657 -0.263994 
5.340051889 0.534684278855 -3.271186 0.239327 -0.240092 
5.349900007 0.535662386869 -3.278148 0.242296 -0.260162 
5.36023283 0.536698898594 -3.27154 0.231252 -0.247618 
5.370077848 0.537688664964 -3.286269 0.246467 -0.247082 
5.379971981 0.538683369098 -3.271508 0.238468 -0.265128 
5.389796018 0.53967614589 -3.32882 0.252278 -0.244079 
5.400132894 0.540739933445 -3.321569 0.240575 -0.251721 
5.409992933 0.541723664494 -3.314534 0.245104 -0.259259 
5.419904947 0.542712581062 -3.336139 0.247775 -0.256507 
5.430235863 0.543743291269 -3.336164 0.247491 -0.274989 
5.440130949 0.54477439703 -3.350629 0.240424 -0.262074 
5.449947834 0.545872850082 -3.36517 0.238282 -0.250751 
5.459872007 0.546837690409 -3.329284 0.228317 -0.24641 
5.470111847 0.547833220271 -3.365138 0.231106 -0.255952 
5.480012893 0.548795812162 -3.372975 0.251691 -0.234256 
5.489871025 0.54975427875 -3.372347 0.23479 -0.252716 
5.50019288 0.550757944754 -3.351044 0.231424 -0.23975 
5.510043859 0.551757017514 -3.372953 0.250727 -0.239767 
5.51989603 0.552756736268 -3.408752 0.228934 -0.248674 
5.529753923 0.553757035645 -3.387276 0.233074 -0.235652 
5.540122032 0.55479115303 -3.387692 0.226403 -0.234673 
5.549964905 0.555748137845 -3.37371 0.24308 -0.212974 
5.559880972 0.556749653499 -3.37437 0.234669 -0.243019 
5.570171833 0.557793863396 -3.395768 0.238195 -0.214315 
5.580060005 0.558797212587 -3.41033 0.252854 -0.223996 
5.589923858 0.559766397594 -3.445916 0.238849 -0.242943 
5.599799871 0.560704742749 -3.424836 0.243655 -0.240146 
5.610107899 0.561718167809 -3.446051 0.246622 -0.250237 
5.619958877 0.562690996404 -3.481885 0.232609 -0.238774 
5.62984705 0.563667498173 -3.482421 0.240208 -0.226917 
5.640177011 0.564704844238 -3.439868 0.226095 -0.22423 
5.650059938 0.565799035007 -3.433032 0.239079 -0.223453 
5.659893036 0.566767852376 -3.462527 0.254233 -0.215144 
5.670191049 0.567782476034 -3.469832 0.250135 -0.202782 
5.680112839 0.568760031884 -3.456087 0.226778 -0.212133 
5.689987898 0.569725683532 -3.456101 0.227502 -0.190657 
5.699838877 0.570673257503 -3.456354 0.234549 -0.189932 
5.710106849 0.571710032385 -3.463715 0.238065 -0.197955 
5.719981909 0.572707458772 -3.471214 0.233518 -0.186755 
5.729853868 0.573704571944 -3.47133 0.233513 -0.18584 
5.740196943 0.574788515464 -3.45734 0.227011 -0.18358 
5.750092983 0.575862835177 -3.450843 0.238417 -0.172157 
5.759886026 0.576844649298 -3.457876 0.23461 -0.171723 
5.76978898 0.577837482687 -3.487143 0.232687 -0.162723 
5.780123949 0.578873628296 -3.494469 0.235645 -0.151467 
5.790029049 0.579820196491 -3.516066 0.214416 -0.161051 
5.799865961 0.580739462438 -3.487521 0.231549 -0.149083 
5.81012392 0.581749808406 -3.473699 0.239997 -0.148916 
5.820050955 0.582727560393 -3.495724 0.24418 -0.128605 
5.829949856 0.583702541354 -3.503209 0.238908 -0.138881 
5.839858055 0.584678438111 -3.495664 0.210694 -0.137447 
5.850148916 0.585692024725 -3.517331 0.229163 -0.138499 
5.859982967 0.586718530193 -3.489289 0.231 -0.115631 
5.869835853 0.587750025393 -3.51098 0.23407 -0.115754 
5.88013792 0.588828545195 -3.510808 0.241575 -0.115697 
5.890012979 0.589862361679 -3.539522 0.239994 -0.11459 
5.899888992 0.590883029581 -3.532528 0.244242 -0.11203 
5.910210848 0.591897427734 -3.560787 0.218255 -0.129438 
5.920053959 0.592864776398 -3.553787 0.230564 -0.116606 
5.92996788 0.593839084037 -3.553619 0.230729 -0.133927 
5.939807892 0.594806128142 -3.567825 0.230047 -0.110978 
5.950122833 0.595819846711 -3.5822 0.237094 -0.129769 
5.960003853 0.596793059447 -3.575019 0.233729 -0.13632 
5.969877004 0.597765729267 -3.60362 0.232035 -0.113856 
5.980208874 0.598783590548 -3.617528 0.230799 -0.130619 
5.990071058 0.599755179935 -3.66048 0.229214 -0.148112 
5.999915838 0.600725054738 -3.652457 0.223956 -0.143516 
6.009829044 0.601743643017 -3.681028 0.224108 -0.139049 
6.020081997 0.602802366991 -3.680919 0.231769 -0.154482 
6.029983997 0.60382485142 -3.69476 0.222075 -0.150064 
6.039831877 0.604841747397 -3.680439 0.224087 -0.165864 
6.050132036 0.605876802858 -3.708468 0.230072 -0.162495 
6.060009956 0.606828353366 -3.751167 0.226811 -0.180227 
6.069886923 0.60777981207 -3.765352 0.219073 -0.156172 
6.079761028 0.608730995075 -3.7581 0.222484 -0.183227 
6.090065956 0.609723679716 -3.764686 0.218172 -0.188974 
6.099936962 0.610674564191 -3.793156 0.21648 -0.196005 
6.10977602 0.611657751436 -3.786212 0.22201 -0.191248 
6.120087862 0.612700437492 -3.807406 0.208898 -0.187439 
6.129984855 0.613701175925 -3.807439 0.2174 -0.174173 
6.139842987 0.614697984911 -3.778819 0.218012 -0.179877 
6.149730921 0.615697807339 -3.814652 0.213744 -0.188313 
6.160002947 0.616722987792 -3.800433 0.222248 -0.185025 
6.169893026 0.617708237639 -3.849866 0.206731 -0.182974 
6.179767847 0.618691967484 -3.8431 0.211088 -0.200855 
6.19006896 0.619718164546 -3.871895 0.21869 -0.199452 
6.199947834 0.620702298151 -3.878628 0.222271 -0.206185 
6.209810018 0.62169463595 -3.878353 0.214261 -0.212422 
6.220128059 0.622733791131 -3.892514 0.204956 -0.209047 
6.230034828 0.623731526102 -3.892851 0.221065 -0.185755 
6.239907026 0.624725779342 -3.906501 0.203878 -0.212719 
6.24979186 0.625721305186 -3.935767 0.202677 -0.210823 
6.260038852 0.626750818096 -3.921122 0.21164 -0.208204 
6.269948959 0.627740967389 -3.956388 0.197245 -0.226109 
6.279823065 0.628727519712 -3.970534 0.204183 -0.22446 
6.290127039 0.629757021469 -3.984882 0.212235 -0.231873 
6.300029039 0.630747191819 -4.013713 0.21065 -0.229849 
6.309838056 0.631741691932 -3.99959 0.211372 -0.217436 
6.319731951 0.632744797513 -4.006805 0.206273 -0.217369 
6.33007884 0.633793830487 -4.014477 0.19422 -0.206225 
6.339936971 0.634793310087 -3.985938 0.203291 -0.20453 
6.349802017 0.635793490774 -3.986663 0.196166 -0.203798 
6.360086918 0.636800302179 -3.979838 0.200248 -0.183919 
6.369997024 0.637767487831 -3.980314 0.20035 -0.173949 
6.379865885 0.63873064814 -3.988087 0.187569 -0.183365 
6.389744043 0.639694715798 -4.017029 0.203065 -0.182949 
6.400063991 0.640701900346 -4.017059 0.20194 -0.172056 
6.409904957 0.64172059566 -4.010275 0.198519 -0.181727 
6.419785023 0.642753160797 -4.032316 0.200853 -0.171999 
6.430135011 0.643834837455 -3.997526 0.199106 -0.170977 
6.440009832 0.644866854437 -3.997567 0.198824 -0.16088 
6.449864864 0.64588709833 -3.970403 0.192646 -0.141436 
6.459743976 0.64684890237 -3.949675 0.190624 -0.12217 
6.470052004 0.64785246453 -3.950578 0.189546 -0.104428 
6.479934931 0.648814639989 -3.951374 0.190038 -0.095501 
6.489786863 0.649773797857 -3.916898 0.196741 -0.085249 
6.50009489 0.65077735992 -3.917578 0.197237 -0.077238 
6.509914875 0.651799525921 -3.896839 0.194373 -0.057176 
6.51984787 0.652836577264 -3.897666 0.202763 -0.050151 
6.530156851 0.653912883313 -3.884123 0.187021 -0.021812 
6.540032863 0.654943985363 -3.899421 0.194676 -0.024453 
6.549901962 0.655965449179 -3.857164 0.19563 -0.016635 
6.559758901 0.65689732062 -3.858031 0.203738 0.000487 
6.570081949 0.657873257838 -3.858884 0.196729 0.008443 
6.579949856 0.65880616619 -3.852399 0.208256 0.026173 
6.589804888 0.659737857345 -3.824516 0.201141 0.034613 
6.600111007 0.66071284713 -3.854276 0.192103 0.042514 
6.609973907 0.661695216685 -3.832772 0.196645 0.051746 
6.61988306 0.662682193155 -3.826844 0.20049 0.059993 
6.629737854 0.663663755332 -3.806425 0.198014 0.079012 
6.640063047 0.664692170429 -3.79276 0.200084 0.096809 
6.649941921 0.665676131035 -3.765612 0.209023 0.12542 
6.659800052 0.666666726857 -3.730676 0.19866 0.134532 
6.670091867 0.66770148085 -3.71767 0.19954 0.161933 
6.679951906 0.668692823458 -3.711662 0.203949 0.149986 
6.689841986 0.669687186431 -3.69752 0.196892 0.170609 
6.699724912 0.670680830131 -3.712615 0.204154 0.169926 
6.710016012 0.67170526935 -3.670066 0.198946 0.18209 
6.71992898 0.672688597717 -3.698978 0.205821 0.191512 
6.729774952 0.673665280338 -3.706457 0.208611 0.191509 
6.740067005 0.674686212481 -3.706507 0.209894 0.193706 
6.750002861 0.67567181125 -3.713961 0.196723 0.185332 
6.759886026 0.676652183273 -3.678845 0.202649 0.197669 
6.770246029 0.677727485365 -3.707955 0.201735 0.188553 
6.780087948 0.678763012272 -3.714698 0.196414 0.200922 
6.789978027 0.679803606379 -3.728804 0.203633 0.192474 
6.799813986 0.680835349708 -3.764814 0.206135 0.193945 
6.810119867 0.68183080533 -3.743079 0.195045 0.189662 
6.820046902 0.682789667829 -3.821693 0.195977 0.170893 
6.829879999 0.68373945676 -3.807307 0.203924 0.163964 
6.840234995 0.684739656451 -3.807193 0.204532 0.178216 
6.85008502 0.685691080475 -3.843042 0.198416 0.159198 
6.859963894 0.686680987168 -3.78593 0.18464 0.174426 
6.87024498 0.687716741768 -3.857825 0.197829 0.164453 
6.880105018 0.688710078437 -3.836199 0.194194 0.156189 
6.890012979 0.689708243046 -3.828622 0.190163 0.159862 
6.899855852 0.690796463876 -3.892719 0.200173 0.150935 
6.910166979 0.6917421122 -3.899369 0.195294 0.136803 
6.920058012 0.692698305404 -3.885225 0.204075 0.13091 
6.929921865 0.693682700053 -3.927736 0.210168 0.123816 
6.940245867 0.694713016739 -3.941394 0.201767 0.1286 
6.950120926 0.695698529727 -3.96991 0.191731 0.121394 
6.960027933 0.696793893734 -3.976785 0.194302 0.104197 
6.969846964 0.697766324737 -3.962308 0.186855 0.097283 
6.980154037 0.698787089142 -4.01969 0.192038 0.099675 
6.990016937 0.699763864725 -4.01222 0.196182 0.092264 
6.999913931 0.70075493357 -4.047601 0.198749 0.095024 
7.01025486 0.701904645536 -4.033316 0.191575 0.079845 
7.020093918 0.702862697114 -4.068926 0.194251 0.062164 
7.02998805 0.703825439346 -4.110924 0.199682 0.064379 
7.039810896 0.704781245139 -4.096872 0.191777 0.058134 
7.050144911 0.705786789908 -4.12552 0.191484 0.060524 
7.060030937 0.706723329415 -4.10405 0.187562 0.063273 
7.069855928 0.707689469653 -4.089927 0.188283 0.075686 
7.080173015 0.708719663559 -4.105032 0.180143 0.047354 
7.090046882 0.709705600539 -4.126252 0.182992 0.059534 
7.099936962 0.710733443533 -4.119171 0.195864 0.052172 
7.110255003 0.711900649982 -4.154093 0.181365 0.053792 
7.120139837 0.712849431203 -4.16157 0.184877 0.046685 
7.129993915 0.713789100168 -4.190365 0.192478 0.048088 
7.139868021 0.714730678971 -4.183057 0.188275 0.041418 
7.150181055 0.715744634827 -4.190155 0.183902 0.033466 
7.160053968 0.716796997356 -4.169289 0.180921 0.046305 
7.169934034 0.717783499034 -4.162012 0.184616 0.037732 
7.180251837 0.718780101662 -4.198393 0.188068 0.047461 
7.190136909 0.71973490655 -4.198498 0.187221 0.049172 
7.199980974 0.720685750547 -4.213086 0.186481 0.040422 
7.209872007 0.721724461825 -4.241486 0.17645 0.0323 
7.220188856 0.722772543929 -4.269937 0.16698 0.033479 
7.230041981 0.72375912671 -4.256087 0.191549 0.025612 
7.239923954 0.72474859801 -4.270213 0.191431 0.028367 
7.250246048 0.725782138151 -4.263457 0.172492 0.041897 
7.260120868 0.72674798129 -4.256225 0.185532 0.045794 
7.269930839 0.727706575337 -4.277718 0.180146 0.037358 
7.27983284 0.728679374379 -4.270558 0.183837 0.029701 
7.290123939 0.72969041869 -4.284465 0.182601 0.012938 
7.300008058 0.730661479436 -4.312986 0.18147 0.015208 
7.309876919 0.731644010004 -4.363417 0.182676 -0.002288 
7.320225 0.732671155734 -4.362848 0.190237 0.000888 
7.330065965 0.73364224564 -4.405507 0.172142 -0.007528 
7.339920044 0.734614629614 -4.419728 0.179356 -0.01506 
7.349782944 0.735587884029 -4.362916 0.173308 -0.012078 
7.360118866 0.736531338358 -4.334972 0.176385 0.00712 
7.369997024 0.737335509799 -4.271479 0.167316 0.026136 
7.379873037 0.738042130784 -4.165306 0.169286 0.054675 
7.390171051 0.738778945609 -4.152124 0.162674 0.079273 
7.400066852 0.73948698241 -4.067473 0.152161 0.094615 
7.409915924 0.739997905732 -4.018736 0.15121 0.109406 
