0.0 0.000498796917924 0.006711 -0.018873 0.000719 
0.009891033 0.00150364601094 0.035273 -0.026484 0.001147 
0.02027607 0.0025586819218 0.014012 -0.03186 -0.00912 
0.030055046 0.00351610123385 0.020655 -0.019325 -0.009506 
0.039915085 0.00447567697107 0.028048 -0.015625 -0.018994 
0.050189018 0.00547553273559 -0.000394 -0.02666 -0.009915 
0.060081005 0.00643821764162 0.020918 -0.021844 -0.008949 
0.069993973 0.00740294441162 0.007131 -0.015736 -0.009251 
0.080276966 0.00845554716798 0.013779 -0.012106 -0.019113 
0.090121031 0.00948787574815 0.007142 -0.016579 -0.008455 
0.100083113 0.0105325805491 -0.007223 -0.011097 -0.019347 
0.109910965 0.0115632089025 8.3e-05 -0.016022 -0.018914 
0.120295048 0.0126521681546 4.2e-05 -0.03327 -0.028566 
0.130138159 0.0136179462663 0.007253 -0.013896 -0.018671 
0.140020132 0.0145828450943 -0.006224 -0.007334 -0.018726 
0.149764061 0.0155342649852 0.000646 -0.011875 -0.01842 
0.160187006 0.0165519855775 0.008202 0.000173 -0.028648 
0.17010212 0.0175201203699 -0.012974 -0.006323 -0.028938 
0.179967165 0.0185303280939 -0.01342 0.000274 -0.029376 
0.190222979 0.0195971942835 0.015412 -0.007164 -0.018604 
0.200104952 0.0206251714757 -0.020119 -0.014391 -0.029476 
0.209963083 0.0216506684919 -0.006169 -0.006782 -0.029429 
0.220284939 0.0227244047335 -0.020083 0.000165 -0.029611 
0.230090141 0.0236533424926 -0.020057 0.015564 -0.030541 
0.240041018 0.0245937029086 0.001959 0.003201 -0.038853 
0.249859095 0.0255215136908 -0.012264 0.009694 -0.039282 
0.260206938 0.0264993874951 0.009302 0.012832 -0.038555 
0.269996166 0.0274244720394 -0.040349 0.012826 -0.029295 
0.279907942 0.0284025505847 -0.033306 0.015791 -0.028933 
0.290192127 0.0294302201617 -0.01851 0.007232 -0.027701 
0.300148964 0.0304251787771 -0.032257 0.013622 -0.0381 
0.309963942 0.0314059618231 -0.03176 -0.003281 -0.027065 
0.319936037 0.0324024451274 -0.017121 0.012013 -0.047028 
0.330144167 0.0334275559735 -0.059511 0.02545 -0.037661 
0.340008021 0.0344206670531 -0.037809 0.021537 -0.036743 
0.349879027 0.0354144982093 -0.051991 0.028312 -0.047268 
0.360248089 0.0364584745655 -0.043813 0.022618 -0.046581 
0.370028973 0.0374432320719 -0.064901 0.024747 -0.056792 
0.379897118 0.038429336537 -0.064809 0.031688 -0.036543 
0.390254975 0.0394601908284 -0.043153 0.019432 -0.0358 
0.400155068 0.0404454866627 -0.050556 0.03169 -0.046521 
0.410033941 0.0414286705999 -0.035477 0.02258 -0.05642 
0.420042992 0.0424248103589 -0.077999 0.028794 -0.057206 
0.430145979 0.0434547614482 -0.063309 0.045378 -0.047308 
0.440101147 0.0444828088617 -0.055257 0.040522 -0.046501 
0.449959994 0.045500909426 -0.076473 0.04349 -0.056593 
0.460253 0.0465638445965 -0.047631 0.035208 -0.045026 
0.470141173 0.0475849735896 -0.06872 0.037337 -0.055237 
0.480008125 0.0485483027289 -0.061509 0.039745 -0.065091 
0.489827156 0.0494946748997 -0.089402 0.037957 -0.054428 
0.500234127 0.0504977135637 -0.096176 0.040535 -0.043961 
0.510043144 0.0514431205709 -0.088676 0.036059 -0.042366 
0.519896984 0.0523928476826 -0.102114 0.042903 -0.052518 
0.530217171 0.0534190170219 -0.094751 0.045478 -0.051113 
0.540104151 0.0544213393756 -0.108993 0.044633 -0.040339 
0.549879074 0.0554123016137 -0.087387 0.048054 -0.049708 
0.5603261 0.0564714003162 -0.108537 0.042563 -0.03862 
0.570187092 0.0575649195008 -0.115276 0.037361 -0.048522 
0.580060005 0.0584901917455 -0.136136 0.03938 -0.038293 
0.589911938 0.0594212485997 -0.135507 0.039445 -0.037004 
0.600295067 0.0604555485245 -0.128159 0.051768 -0.026918 
0.610080004 0.0614302604446 -0.113586 0.051381 -0.035854 
0.620069981 0.0624253971188 -0.120183 0.04719 -0.035293 
0.630244017 0.0635064983317 -0.141408 0.05637 -0.045695 
0.640157938 0.0645338468099 -0.119873 0.053014 -0.03456 
0.649964094 0.0655026130474 -0.140551 0.056325 -0.023965 
0.659831047 0.0664773855202 -0.140237 0.047875 -0.033195 
0.670228958 0.0675046122048 -0.154089 0.048047 -0.042368 
0.680063963 0.0685762364683 -0.153354 0.05433 -0.042304 
0.689839125 0.0695789785299 -0.159489 0.05076 -0.030237 
0.700242043 0.0705876873303 -0.166451 0.053729 -0.050307 
0.710090161 0.0715426004896 -0.15852 0.057773 -0.039108 
0.72003603 0.0725069919794 -0.215062 0.054971 -0.018952 
0.729845047 0.0734570669013 -0.15822 0.050047 -0.026863 
0.740165949 0.0744662506309 -0.178944 0.045015 -0.016443 
0.750036955 0.0754424243125 -0.200463 0.05559 -0.016509 
0.759931088 0.0764208850932 -0.157322 0.050284 -0.01523 
0.770240069 0.0774403714491 -0.207709 0.043996 -0.006034 
0.780190945 0.0785818918356 -0.172006 0.058728 0.004894 
0.789947987 0.0795901559511 -0.163042 0.048015 -0.004628 
0.800215006 0.0805668827169 -0.198628 0.059999 -0.016621 
0.810173989 0.0815143052606 -0.183807 0.061471 -0.016805 
0.820091009 0.0824577357608 -0.162328 0.060359 -0.026541 
0.829794169 0.0834830904343 -0.183473 0.054988 -0.037723 
0.840214968 0.0845653801188 -0.176334 0.045249 -0.02756 
0.850033999 0.0855147792717 -0.18428 0.056322 -0.029592 
0.859991074 0.0864775258574 -0.156184 0.042601 -0.018884 
0.870259047 0.0874703330771 -0.170934 0.059503 -0.019941 
0.880088091 0.0884598670776 -0.164388 0.047289 -0.03095 
0.889995098 0.0894710777185 -0.129304 0.055743 -0.021001 
0.899880171 0.0904643074296 -0.165082 0.058255 -0.021362 
0.910202027 0.0915014241056 -0.158349 0.055395 -0.021732 
0.920120955 0.0924980554903 -0.158166 0.056687 -0.021366 
0.929960013 0.0934695917798 -0.151306 0.052989 -0.021856 
0.940195084 0.0944708418929 -0.151164 0.037033 -0.031142 
0.950155974 0.0954506915763 -0.172511 0.049744 -0.031638 
0.959937096 0.0964145891207 -0.143452 0.034975 -0.040073 
0.969941139 0.0974004547996 -0.164738 0.031165 -0.029661 
0.980189085 0.0984121707173 -0.143533 0.044156 -0.039778 
0.990054131 0.0993892704098 -0.164555 0.032458 -0.029295 
0.999957085 0.100381836796 -0.157598 0.036542 -0.03891 
1.01020217 0.101408694741 -0.164642 0.033578 -0.039272 
1.020128966 0.102403650795 -0.192901 0.023835 -0.029827 
1.029935122 0.10338549727 -0.178768 0.032737 -0.029413 
1.040307045 0.104423937585 -0.199797 0.012977 -0.029203 
1.050135136 0.105409283381 -0.178459 0.033191 -0.029167 
1.06001997 0.106400318123 -0.157285 0.022721 -0.048626 
1.069841147 0.107384970735 -0.192409 0.025581 -0.029214 
1.080239058 0.108463409321 -0.149983 0.026701 -0.038716 
1.090024948 0.109471286505 -0.185234 0.013433 -0.038934 
1.099905014 0.110452233621 -0.185858 0.02143 -0.029951 
1.110233069 0.111477659541 -0.158111 0.016718 -0.029292 
1.120150089 0.112462275652 -0.185848 0.015217 -0.029641 
1.129923105 0.113537598319 -0.172203 0.008098 -0.039802 
1.140300036 0.114612994141 -0.143589 0.011522 -0.029412 
1.150213957 0.115580280238 -0.186735 0.025733 -0.021215 
1.160079003 0.116542797676 -0.158269 0.020085 -0.03156 
1.169929028 0.117503849539 -0.144482 0.013977 -0.031258 
1.180281162 0.118508600604 -0.180448 0.0241 -0.022508 
1.190075159 0.119474197296 -0.130796 0.024106 -0.031767 
1.200034142 0.120482320411 -0.194729 0.000756 -0.044143 
1.210237026 0.121515133018 -0.138839 0.027397 -0.024675 
1.220204115 0.122524076683 -0.175632 0.014551 -0.016339 
1.229959011 0.123476220127 -0.139823 0.035501 -0.006637 
1.239838123 0.124446705529 -0.132502 0.010088 -0.015856 
1.250175953 0.12549555496 -0.182473 0.020217 -0.027538 
1.260151148 0.126507612384 -0.126355 0.039527 -0.027277 
1.269979 0.127504720769 -0.154741 0.030623 -0.017712 
1.280246973 0.128510183152 -0.148306 0.026466 -0.017533 
1.290116072 0.129475062134 -0.112158 0.017635 -0.025917 
1.300101996 0.130455447966 -0.183066 0.014945 -0.017139 
1.309864044 0.131413854373 -0.125955 0.010193 -0.014706 
1.320178032 0.13242644847 -0.175951 0.004922 -0.025457 
1.330024004 0.133455586701 -0.147859 0.015221 -0.024686 
1.340054035 0.13451468599 -0.154111 0.02067 -0.024498 
1.350180149 0.135513486825 -0.168198 0.020111 -0.024736 
1.360145092 0.136496390373 -0.11848 0.011659 -0.012815 
1.36994195 0.137462714665 -0.147175 0.012047 -0.023396 
1.379899979 0.138426631932 -0.154435 0.01557 -0.003755 
1.390146017 0.139432161131 -0.118729 -0.000939 -0.022538 
1.400098086 0.140436895541 -0.168477 0.001019 -0.024052 
1.409881115 0.141424564123 -0.126035 0.003987 -0.022972 
1.420359135 0.142482397147 -0.154507 -0.003797 -0.023384 
1.430108071 0.143528484279 -0.139996 -0.00278 -0.023815 
1.440021992 0.144565542632 -0.147256 0.010488 -0.024073 
1.450272083 0.145604612305 -0.154385 0.014014 -0.033926 
1.460191965 0.146610208113 -0.111417 0.001203 -0.032703 
1.469978094 0.147602245146 -0.139676 -0.008539 -0.023258 
1.479885101 0.148493876219 -0.13273 -0.003612 -0.03367 
1.49013114 0.149459184725 -0.111164 -0.005843 -0.033428 
1.500179053 0.150452752636 -0.133035 -0.01834 -0.043879 
1.509880066 0.151412018029 -0.083428 -0.004342 -0.033079 
1.520313025 0.152443660447 -0.147206 -0.000813 -0.034345 
1.530051947 0.153406674397 -0.118724 0.000758 -0.033622 
1.539960146 0.154405692763 -0.125393 -0.027176 -0.032306 
1.549904108 0.155447015633 -0.13997 -0.002769 -0.033307 
1.560204983 0.156525714115 -0.111382 -0.009374 -0.0215 
1.570091963 0.15756106988 -0.147298 -0.022148 -0.042286 
1.579884052 0.158586488744 -0.112148 -0.033747 -0.03042 
1.590280056 0.159632162271 -0.118652 -0.021252 -0.029507 
1.600084067 0.160595795701 -0.147525 -0.031062 -0.049931 
1.60995698 0.161566201489 -0.125761 -0.024782 -0.038255 
1.620321036 0.162584881581 -0.168176 -0.026744 -0.027957 
1.630069971 0.163543101607 -0.161416 -0.023228 -0.016463 
1.64005208 0.16452467943 -0.168242 -0.02731 -0.036343 
1.64980197 0.165484074616 -0.189624 -0.023786 -0.036218 
1.660139084 0.166501253005 -0.167212 -0.036816 -0.034306 
1.670083046 0.167479744995 -0.188351 -0.048519 -0.022907 
1.679972172 0.168452841089 -0.194866 -0.029811 -0.022305 
1.690271139 0.169483318324 -0.15888 -0.04699 -0.029949 
1.700392962 0.170525683231 -0.215828 -0.042913 -0.020327 
1.709975958 0.171512558692 -0.145097 -0.023708 -0.039098 
1.720370054 0.172582962799 -0.223057 -0.037543 -0.018682 
1.73013401 0.17358847387 -0.200868 -0.042402 -0.026938 
1.74004817 0.17457000091 -0.179058 -0.027779 -0.015086 
1.749916077 0.175523519596 -0.243055 -0.034728 -0.016098 
1.760190964 0.17651636405 -0.143468 -0.038922 -0.032468 
1.770087004 0.177472601179 -0.206485 -0.03785 -0.002394 
1.779958964 0.178426511499 -0.191867 -0.061975 -0.01149 
1.78986001 0.179388133412 -0.184605 -0.048532 -0.011382 
1.800203085 0.180432823896 -0.219419 -0.030102 -0.011137 
1.809978962 0.181420225194 -0.190051 -0.044417 -0.019326 
1.819890976 0.182421376854 -0.239606 -0.042011 -0.019678 
1.830144167 0.183456988708 -0.196935 -0.024037 -0.017569 
1.840054989 0.184453484979 -0.217081 -0.045409 -0.016308 
1.849995136 0.185441939647 -0.259603 -0.039195 -0.017094 
1.860212088 0.186457919983 -0.194258 -0.047511 -0.013488 
1.870125055 0.187443671854 -0.250598 -0.058649 -0.023917 
1.880031109 0.188428736291 -0.214865 -0.037423 -0.023397 
1.889836073 0.18940729698 -0.20663 -0.040986 -0.022223 
1.900367975 0.190467248333 -0.234544 -0.035718 -0.012667 
1.909929991 0.191429588449 -0.177407 -0.025071 -0.011164 
1.9199121 0.192434207551 -0.225873 -0.039666 -0.011366 
1.930184126 0.193468004472 -0.204607 -0.043194 -0.010575 
1.940117121 0.194467680645 -0.218298 -0.044419 -0.00059 
1.94997406 0.195454100505 -0.232663 -0.038937 -0.011482 
1.960225105 0.196478558937 -0.203958 -0.045537 -0.000591 
1.970190048 0.197474425199 -0.239011 -0.0359 -0.001683 
1.980139971 0.198468790409 -0.224697 -0.035451 0.018996 
1.989866018 0.199446859628 -0.195825 -0.042608 0.01967 
2.000226975 0.200499989851 -0.238631 -0.021449 0.017707 
2.010028124 0.20149621889 -0.174985 -0.032201 0.008821 
2.019962073 0.202505946266 -0.224717 -0.038141 0.037788 
2.030174017 0.203543930196 -0.168095 -0.04452 0.017336 
2.040182114 0.204542389324 -0.217741 -0.041834 0.036383 
2.049967051 0.20549641698 -0.218091 -0.018431 0.014025 
2.059913159 0.206466158747 -0.190421 -0.018217 0.013093 
2.070135117 0.207462795785 -0.1774 -0.032455 0.031327 
2.080101013 0.208434466875 -0.199295 -0.023621 0.029733 
2.08990717 0.209409479682 -0.157356 -0.021557 0.029405 
2.100366116 0.210504701963 -0.194053 -0.012227 0.016306 
2.110048056 0.21151855904 -0.145248 -0.005798 0.02576 
2.119974137 0.212557981662 -0.188648 -0.016623 0.034346 
2.12984705 0.213591836728 -0.132577 -0.032368 0.034582 
2.140161991 0.214637042806 -0.154204 -0.028732 0.042845 
2.150078058 0.215602421443 -0.17003 -0.022265 0.020313 
2.159878969 0.216556589067 -0.149397 -0.016953 0.029291 
2.170282126 0.217569388347 -0.142937 -0.005711 0.028539 
2.180196047 0.218534558059 -0.158707 -0.006858 0.026391 
2.189962149 0.219509335304 -0.138156 -0.019076 0.035814 
2.200312138 0.220586981041 -0.167075 -0.00587 0.022654 
2.210106135 0.221606736629 -0.153354 0.00185 0.002262 
2.220137119 0.222651167415 -0.18866 0.003417 0.021307 
2.229906082 0.223668316451 -0.174752 -0.006221 0.011702 
2.24029994 0.2246914376 -0.174169 -0.014499 0.012816 
2.250113011 0.225619648252 -0.21733 -0.002138 0.010431 
2.259968996 0.226551918104 -0.216985 0.012873 0.010543 
2.27027297 0.227526562883 -0.238408 0.016115 0.020764 
2.280208111 0.228466320039 -0.216894 0.002848 0.011043 
2.289968014 0.229409598644 -0.216894 0.002848 0.011043 
2.29993701 0.23040756723 -0.230874 0.008507 0.009579 
2.310179949 0.231432959491 -0.231244 0.024572 -0.001575 
2.320147991 0.232430832575 -0.259559 0.022445 -0.012515 
2.329967022 0.23341378858 -0.266774 0.017345 -0.012447 
2.340322018 0.234450245509 -0.287625 0.013152 -0.001908 
2.350120068 0.235430695877 -0.294145 0.023798 -0.011578 
2.360025168 0.236421858297 -0.300803 0.036126 -0.021925 
2.370285034 0.237448520683 -0.307496 0.049013 -0.05155 
2.380341053 0.238454784943 -0.336094 0.047437 -0.051358 
2.389995098 0.23941933071 -0.3208 0.048687 -0.03924 
2.399981022 0.240414323761 -0.349308 0.031717 -0.039032 
2.410199166 0.24143245511 -0.348959 0.015486 -0.068632 
2.420094967 0.242418468346 -0.362786 0.031058 -0.078735 
2.429945946 0.243400015537 -0.377566 0.046835 -0.068899 
2.440248013 0.244434316309 -0.391632 0.03922 -0.068031 
2.450073004 0.245452168421 -0.398776 0.057864 -0.068718 
2.459969998 0.24647747992 -0.419864 0.059993 -0.07893 
2.469861984 0.247502272598 -0.426964 0.064643 -0.099676 
2.480172157 0.248570388728 -0.455172 0.05434 -0.099532 
2.490025044 0.249562426587 -0.447845 0.042359 -0.097993 
2.499989033 0.250524320465 -0.476113 0.048574 -0.108757 
2.510159969 0.25150619239 -0.454634 0.052833 -0.118007 
2.520143032 0.252469927614 -0.468979 0.051259 -0.127793 
2.529940128 0.253415710138 -0.490209 0.069344 -0.128718 
2.540363074 0.254431347852 -0.504123 0.076291 -0.128901 
2.550127983 0.255416005473 -0.490219 0.075557 -0.129029 
2.560068131 0.256418333551 -0.496958 0.070355 -0.138931 
2.569867134 0.257406429085 -0.524568 0.068015 -0.1394 
2.580297947 0.258501506136 -0.531617 0.062359 -0.149548 
2.590074063 0.25951754003 -0.531014 0.061418 -0.159638 
2.599967003 0.260413768494 -0.559323 0.067352 -0.160305 
2.610157967 0.26142956744 -0.55903 0.065958 -0.170641 
2.620140076 0.262425665149 -0.552037 0.069483 -0.160978 
2.630037069 0.263413269277 -0.573044 0.079396 -0.151735 
2.639992953 0.264423114519 -0.594722 0.081742 -0.173333 
2.650248051 0.265525998021 -0.580631 0.08779 -0.194881 
2.660072088 0.266505178922 -0.580718 0.079164 -0.184959 
2.669896126 0.267484359923 -0.574162 0.066108 -0.195173 
2.68018508 0.268509880007 -0.596062 0.083846 -0.18729 
2.690134049 0.269533467614 -0.602868 0.077356 -0.198474 
2.700006008 0.27058720473 -0.61741 0.084238 -0.199946 
2.709831953 0.271542262111 -0.639169 0.08602 -0.20135 
2.720208168 0.272550804365 -0.631826 0.090281 -0.201537 
2.730062008 0.27350857307 -0.610804 0.10198 -0.21202 
2.739866972 0.274458315444 -0.63211 0.105226 -0.202714 
2.750170946 0.275447768457 -0.646299 0.094194 -0.203614 
2.760077 0.276435079369 -0.638729 0.081379 -0.20311 
2.769948006 0.277418897136 -0.644991 0.093041 -0.203232 
2.78023696 0.278444370705 -0.645523 0.100758 -0.213647 
2.790066004 0.279505120956 -0.652307 0.104179 -0.203976 
2.79995513 0.280607057227 -0.66646 0.102332 -0.205496 
2.809780121 0.281537716263 -0.680856 0.10132 -0.205981 
2.820197106 0.282524451132 -0.687829 0.095387 -0.206948 
2.830036163 0.28345644255 -0.680623 0.106699 -0.207326 
2.839946985 0.284449768368 -0.709069 0.114314 -0.208669 
2.849884033 0.285511761454 -0.68077 0.114593 -0.208312 
2.860133171 0.286518889116 -0.694822 0.096509 -0.209021 
2.869970083 0.287471737405 -0.687662 0.099478 -0.209575 
2.879821062 0.288425948289 -0.694543 0.110232 -0.210191 
2.890146017 0.289440815564 -0.722594 0.117181 -0.201311 
2.899995089 0.290466586417 -0.716032 0.112186 -0.201251 
2.909881115 0.291460012777 -0.72265 0.115051 -0.201796 
2.920233965 0.292498880438 -0.736615 0.105592 -0.212427 
2.93005395 0.293484277198 -0.758327 0.115718 -0.213655 
2.939942122 0.294469553019 -0.743643 0.12424 -0.214029 
2.950201988 0.295468779672 -0.758221 0.121935 -0.214881 
2.960092068 0.296436915892 -0.765407 0.117961 -0.225706 
2.969994068 0.297414227678 -0.778971 0.115898 -0.21584 
2.979905129 0.298392433771 -0.807595 0.113316 -0.227026 
2.990129948 0.299402450002 -0.786288 0.127036 -0.216583 
3.000058174 0.30038476759 -0.786161 0.126197 -0.216702 
3.009912014 0.301370713726 -0.778545 0.121726 -0.216023 
3.020246983 0.30240816325 -0.806935 0.136842 -0.216394 
3.030068159 0.303394036972 -0.821077 0.134153 -0.217119 
3.039958954 0.30439021689 -0.820246 0.133102 -0.206767 
3.049862147 0.305396916756 -0.84889 0.123183 -0.206751 
3.060096026 0.306419518354 -0.827415 0.136346 -0.206524 
3.070104122 0.307416683906 -0.86971 0.125484 -0.206618 
3.079874993 0.308390213334 -0.869405 0.140213 -0.196409 
3.090226174 0.309433369345 -0.847616 0.144925 -0.205413 
3.100100041 0.310467899411 -0.861925 0.142793 -0.19592 
3.109920025 0.311448498158 -0.876276 0.133157 -0.215979 
3.120347977 0.312489807051 -0.904053 0.131374 -0.206231 
3.130110026 0.313464620556 -0.882654 0.135069 -0.195287 
3.140063048 0.314500001493 -0.918438 0.129519 -0.20592 
3.149883986 0.315584773022 -0.91756 0.136812 -0.195393 
3.16018796 0.316591395151 -0.882162 0.142185 -0.194189 
3.170088053 0.31755856109 -0.909772 0.139845 -0.194658 
3.179988146 0.31852572703 -0.938476 0.146446 -0.205549 
3.190190077 0.319513376139 -0.923518 0.146236 -0.205056 
3.200063944 0.320455265801 -0.923239 0.145565 -0.193917 
3.210024119 0.321467647635 -0.972364 0.12978 -0.184515 
3.220352173 0.322518090048 -0.97242 0.137395 -0.2049 
3.23013711 0.323513293291 -0.971978 0.145072 -0.1945 
3.240170002 0.324513568101 -0.985897 0.143957 -0.204955 
3.249876976 0.325445391381 -1.013563 0.149232 -0.225808 
3.260271073 0.326500132332 -0.999076 0.14022 -0.224823 
3.270123005 0.327502982823 -0.998205 0.139451 -0.224568 
3.280048132 0.328513284 -1.04778 0.148914 -0.226026 
3.289868117 0.329481547122 -1.018837 0.1655 -0.226106 
3.300202131 0.330466592983 -1.026042 0.159557 -0.225243 
3.309911966 0.331424005698 -1.03984 0.149542 -0.24609 
3.319947958 0.332415395823 -1.053429 0.149046 -0.215544 
3.330176115 0.333425768674 -1.053205 0.15599 -0.224789 
3.340114117 0.334424559779 -1.066845 0.154204 -0.224104 
3.349925995 0.335507895456 -1.080242 0.151585 -0.224454 
3.360224009 0.33651554482 -1.058241 0.164084 -0.243498 
3.37014699 0.337486497616 -1.079273 0.158598 -0.233325 
3.379981041 0.33844874871 -1.08627 0.169348 -0.233026 
3.389811993 0.339409440698 -1.100083 0.160057 -0.232397 
3.40013814 0.340416118312 -1.106594 0.154745 -0.221859 
3.410020113 0.34141063653 -1.092026 0.146296 -0.241067 
3.41999507 0.342414639798 -1.140932 0.14636 -0.231434 
3.430253029 0.343447127893 -1.140532 0.146535 -0.250585 
3.440197945 0.344484874541 -1.146956 0.149849 -0.249968 
3.450011015 0.345562678963 -1.153958 0.169502 -0.240192 
3.460387945 0.346610675341 -1.145865 0.164928 -0.249482 
3.470191956 0.34760081096 -1.159511 0.155081 -0.25907 
3.480062962 0.348597712599 -1.152432 0.167232 -0.259328 
3.48984313 0.34952663624 -1.151682 0.158397 -0.268431 
3.500175953 0.350478788451 -1.222352 0.161926 -0.290373 
3.510040045 0.351447758028 -1.200817 0.15857 -0.279238 
3.519925118 0.352418788611 -1.214563 0.16496 -0.289637 
3.530167103 0.353424879376 -1.21466 0.172293 -0.299924 
3.540171147 0.354407596719 -1.235429 0.158918 -0.28968 
3.549983978 0.355371530825 -1.263566 0.172357 -0.290291 
3.559895992 0.356409723408 -1.242137 0.177177 -0.29024 
3.570168019 0.357490286142 -1.2556 0.158876 -0.279563 
3.580079079 0.358532877064 -1.262161 0.169241 -0.279137 
3.589925051 0.359568621073 -1.268687 0.171826 -0.29908 
3.600301981 0.360639952921 -1.282237 0.154645 -0.29838 
3.610135079 0.361606767588 -1.274235 0.165466 -0.307685 
3.619989157 0.362575645062 -1.29506 0.176672 -0.298076 
3.62983799 0.363544006834 -1.301895 0.178803 -0.318266 
3.640241146 0.364566871022 -1.322492 0.172933 -0.307965 
3.650092125 0.365535443794 -1.308233 0.180996 -0.307671 
3.659963131 0.366506482359 -1.329105 0.166892 -0.317987 
3.670261145 0.367519554781 -1.342841 0.157324 -0.308177 
3.680120945 0.368489517675 -1.350208 0.184139 -0.319032 
3.68988204 0.369449770414 -1.335033 0.167696 -0.318644 
3.700305939 0.370475226838 -1.363337 0.164725 -0.328788 
3.710133076 0.37148198977 -1.398162 0.183998 -0.329339 
3.720080137 0.372504433774 -1.397843 0.166642 -0.348045 
3.729864121 0.373510115329 -1.390277 0.177848 -0.357477 
3.740215063 0.374574073677 -1.396311 0.172433 -0.356909 
3.750013113 0.375558116695 -1.453022 0.17736 -0.378493 
3.75988698 0.37651237244 -1.417228 0.182067 -0.367064 
3.770213127 0.377510338596 -1.43143 0.181504 -0.366387 
3.780174017 0.378473004643 -1.437733 0.175918 -0.376162 
3.790006161 0.379423228086 -1.429534 0.163168 -0.374368 
3.799901962 0.380379603634 -1.471392 0.168888 -0.354586 
3.81013608 0.381400313688 -1.449283 0.173212 -0.362547 
3.820048094 0.382400427291 -1.441784 0.168736 -0.360952 
3.829965115 0.383401046095 -1.455914 0.191915 -0.361029 
3.840270996 0.384440900536 -1.497464 0.181123 -0.36075 
3.850115061 0.385434158143 -1.482764 0.179898 -0.369805 
3.859986067 0.386422249363 -1.489497 0.182757 -0.369435 
3.869846106 0.387408051633 -1.488859 0.149898 -0.367686 
3.880103111 0.388433542384 -1.495704 0.184953 -0.388335 
3.89001894 0.389424922513 -1.495025 0.169342 -0.376934 
3.899878979 0.390410724783 -1.537289 0.164974 -0.387435 
3.91012311 0.391443564661 -1.558285 0.18379 -0.397295 
3.920058012 0.392446076377 -1.557479 0.16734 -0.386014 
3.929886103 0.393437810001 -1.550933 0.187208 -0.396687 
3.940144062 0.394472920772 -1.564 0.177987 -0.395684 
3.95009017 0.395476563264 -1.556521 0.180567 -0.395195 
3.959979057 0.396468189408 -1.569953 0.178506 -0.414824 
3.969889164 0.397450831839 -1.605519 0.173689 -0.405812 
3.980172157 0.398470447998 -1.605488 0.180184 -0.416219 
3.990036011 0.399448504185 -1.60529 0.171729 -0.424533 
3.999907017 0.400427269533 -1.633594 0.185724 -0.414928 
4.01019001 0.401476708287 -1.598013 0.182645 -0.393458 
4.02017498 0.402495953306 -1.654226 0.187634 -0.384258 
4.029983044 0.403497140127 -1.611556 0.188641 -0.401899 
4.040302992 0.404550579005 -1.639312 0.179802 -0.391045 
4.050163984 0.405556571025 -1.652774 0.193583 -0.380032 
4.060016155 0.406512872253 -1.60225 0.166831 -0.395991 
4.069961071 0.407478175777 -1.680241 0.17601 -0.39689 
4.080230951 0.408475021939 -1.615438 0.181625 -0.404009 
4.090027094 0.409425884808 -1.643138 0.180286 -0.392184 
4.100054026 0.410399149217 -1.678241 0.191206 -0.391079 
4.110255957 0.411460355223 -1.663318 0.181809 -0.389966 
4.120202065 0.412503670323 -1.67716 0.181139 -0.398343 
4.130069018 0.413538682315 -1.683676 0.182881 -0.41749 
4.139976025 0.414577895844 -1.676637 0.180356 -0.395343 
4.150136948 0.415635128119 -1.73998 0.171905 -0.415745 
4.160145044 0.416608769527 -1.696417 0.182054 -0.412276 
4.169948101 0.417562463638 -1.752752 0.162011 -0.432182 
4.180336952 0.41857314694 -1.745509 0.190452 -0.400636 
4.190181971 0.41953092334 -1.773678 0.17321 -0.450237 
4.200025082 0.42048851412 -1.75851 0.180668 -0.437514 
4.209900141 0.421512525658 -1.758306 0.180274 -0.435556 
4.220258951 0.422592039793 -1.77909 0.182738 -0.423249 
4.230090141 0.4236165695 -1.771246 0.161191 -0.421878 
4.23990202 0.424639086765 -1.778394 0.174345 -0.400779 
4.250255108 0.425699553369 -1.792065 0.164214 -0.428849 
4.260004044 0.42661838569 -1.741402 0.169713 -0.404634 
4.269932985 0.427554183393 -1.826462 0.165898 -0.404479 
4.280185938 0.428520519064 -1.769051 0.167813 -0.40211 
4.290133953 0.429458114481 -1.831912 0.167321 -0.42221 
4.300030947 0.430390901195 -1.845404 0.174607 -0.400789 
4.309792996 0.431367607693 -1.803044 0.17516 -0.418676 
4.320240975 0.432416359627 -1.845059 0.158258 -0.408117 
4.330018997 0.433397862317 -1.837798 0.160104 -0.427272 
4.339918137 0.434391522643 -1.844364 0.148014 -0.424809 
4.350244999 0.435428117041 -1.887184 0.169897 -0.405297 
4.360129118 0.436421922954 -1.893792 0.154952 -0.424795 
4.36996603 0.437411064016 -1.908313 0.171744 -0.405411 
4.380290985 0.438449279765 -1.865253 0.18099 -0.403351 
4.390161038 0.439441753288 -1.900555 0.166433 -0.43343 
4.40003109 0.44043422671 -1.928778 0.180992 -0.444019 
4.409888983 0.441415109243 -1.928403 0.161392 -0.441855 
4.420225144 0.442440281535 -1.942422 0.179087 -0.421062 
4.430083037 0.443418017734 -1.906993 0.159596 -0.437704 
4.439996958 0.444401310963 -1.934191 0.173554 -0.436779 
4.450221062 0.445415369097 -1.976388 0.170474 -0.445999 
4.460170984 0.446402233016 -1.911919 0.177202 -0.432685 
4.470025063 0.447420608152 -1.974415 0.169549 -0.432154 
4.479848147 0.448454573718 -1.960703 0.169088 -0.440548 
4.490157128 0.449539684195 -1.973678 0.176554 -0.439194 
4.500154019 0.450583910278 -1.994823 0.162158 -0.437582 
4.509960175 0.451530552666 -1.98754 0.173916 -0.435882 
4.520180941 0.452517219646 -1.98677 0.158025 -0.443879 
4.530121088 0.453476796925 -2.036593 0.165629 -0.454088 
4.539999962 0.454430459183 -2.007289 0.167715 -0.450914 
4.550250054 0.455419957165 -2.042042 0.169625 -0.439761 
4.560120106 0.456410863101 -1.991863 0.159943 -0.455496 
4.570000172 0.457405568302 -2.083686 0.166887 -0.456872 
4.579847098 0.458396937035 -2.033709 0.179936 -0.454331 
4.590176106 0.459436840815 -2.061587 0.16303 -0.452834 
4.600100041 0.460552696669 -2.089739 0.160227 -0.451719 
4.609925986 0.461428897617 -2.089247 0.160122 -0.490268 
4.620334149 0.462431561187 -2.131399 0.165386 -0.499312 
4.630181074 0.463419805663 -2.1165 0.172672 -0.496932 
4.640136004 0.4644188896 -2.12337 0.177935 -0.504342 
4.649837017 0.465392490243 -2.172504 0.178108 -0.515149 
4.660211086 0.466537202888 -2.151035 0.174186 -0.5124 
4.670082092 0.46751324686 -2.150613 0.174526 -0.490798 
4.680021048 0.468495107652 -2.150424 0.18925 -0.479673 
4.690231085 0.469503748299 -2.143082 0.162151 -0.4873 
4.700139046 0.470490464266 -2.143142 0.169647 -0.485413 
4.709905148 0.471598271091 -2.120907 0.173133 -0.493493 
4.720200062 0.472593142852 -2.176992 0.16289 -0.472104 
4.730095148 0.47354937635 -2.184167 0.173188 -0.501546 
4.740056992 0.474512061154 -2.148037 0.179355 -0.478492 
4.749796152 0.475453226399 -2.233173 0.190211 -0.499827 
4.76019001 0.476453459933 -2.168821 0.164853 -0.485934 
4.769974947 0.477423477145 -2.196937 0.171236 -0.485439 
4.77999115 0.478426461388 -2.19678 0.162499 -0.483656 
4.790214062 0.479450144679 -2.210717 0.186128 -0.482572 
4.800106049 0.480478601146 -2.231456 0.164854 -0.470425 
4.810024023 0.481605886128 -2.203049 0.181818 -0.498296 
4.819857121 0.482551331258 -2.237667 0.15971 -0.506702 
4.830151081 0.483522570464 -2.266097 0.18966 -0.51639 
4.840049029 0.48445644578 -2.25814 0.177743 -0.513561 
4.84986496 0.485411131638 -2.300835 0.191567 -0.533816 
4.860247135 0.486525413268 -2.265126 0.188372 -0.51957 
4.870098114 0.487520054982 -2.299905 0.167662 -0.547134 
4.879989147 0.488482049176 -2.271726 0.167817 -0.52359 
4.889887095 0.489444715918 -2.271344 0.192735 -0.531202 
4.900207997 0.490449485935 -2.305849 0.170514 -0.518251 
4.910007954 0.491470806694 -2.284804 0.175879 -0.534732 
4.919970036 0.492475863383 -2.298372 0.183442 -0.522493 
4.930217028 0.493494862556 -2.339955 0.20529 -0.541155 
4.940127134 0.494480360527 -2.339919 0.188487 -0.54873 
4.949954987 0.495457678952 -2.346576 0.191791 -0.546281 
4.960225105 0.496464853931 -2.353244 0.178972 -0.564378 
4.970201016 0.497442762261 -2.402823 0.188316 -0.543565 
4.980102062 0.498423421997 -2.395988 0.184334 -0.562537 
4.989909172 0.49939477774 -2.381429 0.184671 -0.549997 
5.000206947 0.500415118864 -2.402704 0.195134 -0.558202 
5.010049105 0.501397530598 -2.423033 0.182215 -0.577206 
5.019924164 0.502384031674 -2.42971 0.192576 -0.575864 
5.030215025 0.503413185912 -2.42228 0.196439 -0.573177 
5.04015708 0.504407457241 -2.464174 0.185751 -0.592423 
5.049976111 0.505389326211 -2.48514 0.196668 -0.600381 
5.059895992 0.506374561674 -2.470683 0.196277 -0.608401 
5.070177078 0.507402349649 -2.519873 0.189672 -0.627284 
5.080003023 0.50839019852 -2.483794 0.194549 -0.634091 
5.089871168 0.509382289957 -2.511819 0.200653 -0.652993 
5.100187063 0.510419395826 -2.53999 0.207479 -0.620926 
5.110059977 0.511435062542 -2.532485 0.203844 -0.648706 
5.120033026 0.512438935244 -2.55375 0.198349 -0.636702 
5.129838944 0.513417266668 -2.567896 0.205286 -0.635053 
5.14014101 0.514445098525 -2.581668 0.196277 -0.644521 
5.150032044 0.515431921929 -2.595338 0.203112 -0.652842 
5.159872055 0.516574841987 -2.609479 0.201144 -0.66067 
5.170202971 0.517588512391 -2.629964 0.187939 -0.668661 
5.180145025 0.518555091131 -2.629461 0.194212 -0.666766 
5.189954996 0.519508828599 -2.622219 0.215433 -0.674868 
5.200255156 0.52051023017 -2.64314 0.217727 -0.7024 
5.210031033 0.521460806922 -2.65617 0.208669 -0.689223 
5.220067024 0.522465712013 -2.691035 0.211415 -0.706529 
5.229863167 0.523459745499 -2.654495 0.199948 -0.721579 
5.240206957 0.524509349779 -2.725178 0.204923 -0.729149 
5.250013113 0.525499194225 -2.746002 0.216851 -0.726644 
5.259946108 0.526464941257 -2.738086 0.202802 -0.752881 
5.270250082 0.527493457488 -2.708832 0.189204 -0.767258 
5.280085087 0.528491411844 -2.758325 0.222289 -0.775779 
5.289910078 0.529488350082 -2.778444 0.217038 -0.782552 
5.300306082 0.530527750777 -2.792376 0.217369 -0.778635 
5.310166121 0.531464578202 -2.7981 0.21313 -0.784923 
5.320062161 0.532427858951 -2.790965 0.201422 -0.79165 
5.329823017 0.533391787592 -2.811302 0.212404 -0.798318 
5.340362072 0.5344325669 -2.824905 0.20356 -0.825107 
5.35002017 0.535386347724 -2.824457 0.220021 -0.811538 
5.359980107 0.536475718676 -2.838228 0.211734 -0.82811 
5.370172024 0.537510208837 -2.880096 0.202052 -0.835977 
5.380161047 0.538494388897 -2.850923 0.202284 -0.842469 
5.390028 0.539466541869 -2.871361 0.229504 -0.849949 
5.399898052 0.540438668334 -2.906292 0.230962 -0.868537 
5.410192013 0.541428853117 -2.905536 0.213945 -0.89422 
5.420194149 0.542426546439 -2.954786 0.19972 -0.891803 
5.429893971 0.543406272983 -2.939634 0.200681 -0.897252 
5.440327168 0.544460073769 -2.988265 0.20248 -0.913754 
5.450126171 0.545456352376 -3.029884 0.215142 -0.931797 
5.459929943 0.546554747371 -3.02904 0.223716 -0.947652 
5.469992161 0.547565151916 -3.063951 0.218118 -0.965134 
5.48022604 0.548591162617 -3.0845 0.221313 -0.961762 
5.490038157 0.549574889026 -3.083637 0.237225 -0.98882 
5.499912977 0.550541352862 -3.11155 0.226248 -1.006116 
5.510173083 0.551491828267 -3.103847 0.221379 -1.002562 
5.520158053 0.552468132615 -3.167057 0.215503 -1.020402 
5.529932022 0.553430808541 -3.15946 0.218809 -1.027932 
5.540364027 0.554458296972 -3.173007 0.219317 -1.014586 
5.550106049 0.555417826314 -3.187062 0.225975 -1.032335 
5.560083151 0.556400509593 -3.193262 0.221839 -1.028654 
5.569905996 0.557407504044 -3.214801 0.240192 -1.03693 
5.58018899 0.5584840271 -3.242172 0.215285 -1.043501 
5.590000153 0.559511154334 -3.242151 0.223345 -1.061807 
5.599918127 0.560549463574 -3.262935 0.208843 -1.06925 
5.610154152 0.561621069462 -3.241717 0.238679 -1.065925 
5.620205164 0.562612459839 -3.255717 0.20564 -1.063626 
5.629981041 0.563573200966 -3.25562 0.213423 -1.072751 
5.639929056 0.564550859252 -3.262738 0.233072 -1.06206 
5.650171995 0.5655575017 -3.262869 0.216825 -1.059418 
5.660046101 0.566527896451 -3.284251 0.235464 -1.078706 
5.669928074 0.567500490298 -3.298783 0.227109 -1.067072 
5.680183172 0.568510788259 -3.340793 0.216417 -1.085403 
5.690076113 0.569485407723 -3.340736 0.223918 -1.084431 
5.700138092 0.570476680245 -3.341131 0.215561 -1.08186 
5.709783077 0.571426871913 -3.362624 0.227141 -1.070547 
5.720219135 0.572485092102 -3.355488 0.215433 -1.077274 
5.730047941 0.57350001849 -3.369158 0.222268 -1.085595 
5.7399261 0.574520041088 -3.384222 0.22163 -1.084376 
5.750187159 0.575579602091 -3.384459 0.230526 -1.073068 
5.760096073 0.576594559883 -3.384342 0.221507 -1.061189 
5.769951105 0.577543905566 -3.385228 0.223 -1.039967 
5.780332089 0.578543916762 -3.357222 0.224673 -1.029274 
5.790187121 0.579493262445 -3.365543 0.219611 -1.020526 
5.800114155 0.580449544156 -3.380522 0.226877 -1.022125 
5.809923172 0.581394457165 -3.381567 0.210395 -1.002537 
5.820325136 0.582420651186 -3.382519 0.210601 -0.982597 
5.830068112 0.583405816128 -3.36925 0.218706 -0.974538 
5.840008974 0.584410990392 -3.391084 0.222617 -0.945961 
5.850187063 0.58544015196 -3.364046 0.232392 -0.94581 
5.860177994 0.586450388971 -3.321579 0.22477 -0.952613 
5.870057106 0.587440086367 -3.378557 0.222351 -0.932584 
5.879919052 0.588422533604 -3.406795 0.220669 -0.941446 
5.890164137 0.589443149156 -3.428411 0.207217 -0.95924 
5.900014162 0.590424408823 -3.399359 0.216349 -0.95534 
5.909922123 0.591411440075 -3.420898 0.219586 -0.944203 
5.920246124 0.592447099051 -3.414595 0.225173 -0.934428 
5.93011713 0.593441232242 -3.387812 0.226157 -0.907035 
5.939898014 0.594426289026 -3.354062 0.225013 -0.888948 
5.949736118 0.595417108576 -3.341452 0.216814 -0.851872 
5.960114002 0.596462290693 -3.321829 0.21483 -0.823926 
5.970008135 0.597458604215 -3.337518 0.206352 -0.787207 
5.980038166 0.598460735484 -3.281899 0.200739 -0.778418 
5.990185023 0.599474539199 -3.283634 0.200712 -0.771027 
6.00013113 0.600468285363 -3.29165 0.205008 -0.752556 
6.009963036 0.601450621354 -3.292643 0.204932 -0.722519 
6.020358086 0.602501007505 -3.300447 0.217015 -0.714089 
6.030152083 0.603493984796 -3.279566 0.21331 -0.722726 
6.040020943 0.60449455217 -3.315344 0.215821 -0.723086 
6.049868107 0.605492919867 -3.322842 0.211274 -0.711886 
6.060178042 0.606538206211 -3.294593 0.212836 -0.709332 
6.07009697 0.60751884421 -3.322648 0.2027 -0.697929 
6.079893112 0.608474907443 -3.329899 0.198159 -0.71714 
6.09020114 0.609480928648 -3.301964 0.208172 -0.705356 
6.10010314 0.610447323188 -3.330369 0.207045 -0.704001 
6.109905958 0.611404037972 -3.330748 0.21493 -0.703157 
6.119907141 0.612418375897 -3.359392 0.205011 -0.70314 
6.130123139 0.613486049268 -3.34569 0.222359 -0.692581 
6.140126944 0.61453154636 -3.345898 0.205667 -0.692016 
6.149847031 0.6155473921 -3.346501 0.206608 -0.681927 
6.160253048 0.616634924346 -3.339362 0.20224 -0.671278 
6.170097113 0.617601534219 -3.347054 0.197243 -0.66124 
6.179962158 0.618561968733 -3.333479 0.198463 -0.67031 
6.19029212 0.61956766633 -3.361808 0.197059 -0.659774 
6.20014596 0.620527009955 -3.355088 0.210039 -0.658082 
6.209969998 0.621483452138 -3.376273 0.205107 -0.666272 
6.219980002 0.622504182048 -3.411365 0.215184 -0.664371 
6.230179072 0.623569012872 -3.367919 0.208363 -0.679736 
6.240163088 0.624611391047 -3.410526 0.206673 -0.677704 
6.249940157 0.625632162984 -3.445458 0.208132 -0.696292 
6.260269165 0.626710559945 -3.451876 0.203262 -0.712255 
6.270141125 0.627659861631 -3.487096 0.197211 -0.729984 
6.280042172 0.628595903027 -3.493828 0.200793 -0.736717 
6.290289164 0.629564649938 -3.51452 0.202978 -0.743808 
6.300296068 0.630510699016 -3.556828 0.2177 -0.761739 
6.310059071 0.631433689782 -3.570152 0.225152 -0.757638 
6.319965124 0.63240609581 -3.576763 0.219833 -0.774764 
6.330229998 0.633428502983 -3.605117 0.218146 -0.78271 
6.34008503 0.634410088866 -3.604944 0.211258 -0.770345 
6.349976063 0.635395260538 -3.611896 0.213384 -0.789619 
6.36026001 0.63641956743 -3.611763 0.206214 -0.767157 
6.370140076 0.637409950029 -3.633404 0.208723 -0.77658 
6.380059958 0.638407309339 -3.611893 0.205083 -0.783928 
6.389804125 0.639387002008 -3.654532 0.211292 -0.783798 
6.400196076 0.640431823819 -3.669113 0.218613 -0.782276 
6.410011053 0.641418635828 -3.661796 0.222591 -0.800946 
6.420021057 0.642418699677 -3.697032 0.216542 -0.790095 
6.430248022 0.643433175341 -3.690211 0.213284 -0.787592 
6.440184117 0.644418797817 -3.711629 0.207621 -0.786847 
6.449967146 0.645389236734 -3.726094 0.214947 -0.786241 
6.459828139 0.64636740938 -3.697581 0.20862 -0.783616 
6.47014308 0.647390611925 -3.733086 0.202399 -0.783109 
6.480153084 0.648413214882 -3.712326 0.207593 -0.781354 
6.489869118 0.649435496679 -3.698309 0.216491 -0.780025 
6.500252009 0.650527942471 -3.741207 0.20657 -0.77003 
6.509958029 0.651549170634 -3.727049 0.199511 -0.777986 
6.520087004 0.652548100107 -3.748897 0.202295 -0.767096 
6.529814005 0.653487641116 -3.720481 0.2033 -0.774758 
6.540138006 0.654484846968 -3.741012 0.181751 -0.782925 
6.54995203 0.655432793618 -3.770091 0.204298 -0.782699 
6.55991602 0.656395225638 -3.762885 0.201217 -0.770768 
6.570132017 0.657406375871 -3.812628 0.19427 -0.781759 
6.580111027 0.658411698219 -3.770531 0.204563 -0.760555 
6.589934111 0.659401312006 -3.756996 0.205502 -0.759528 
6.600229025 0.66043845969 -3.792694 0.198831 -0.760184 
6.610094071 0.661494670599 -3.778414 0.199839 -0.758783 
6.620013952 0.662469488499 -3.785873 0.195573 -0.757681 
6.629884005 0.663392127459 -3.807291 0.189911 -0.756936 
6.640185118 0.664420159864 -3.779168 0.192311 -0.754262 
6.649996996 0.665399367503 -3.843742 0.201702 -0.746115 
6.65989399 0.666387069564 -3.808024 0.206686 -0.743868 
6.670247078 0.667500576194 -3.829579 0.202705 -0.743799 
6.680084944 0.668503288478 -3.843964 0.200849 -0.743488 
6.689963103 0.669481575241 -3.823128 0.205767 -0.732552 
6.69997716 0.670473320709 -3.816303 0.178489 -0.720113 
6.710190058 0.671484758461 -3.816612 0.178035 -0.720359 
6.720165014 0.672572903382 -3.810252 0.191122 -0.709613 
6.729907036 0.67356291735 -3.817639 0.195484 -0.689852 
6.740208149 0.67456526061 -3.796379 0.183894 -0.699334 
6.750028134 0.675520788015 -3.832633 0.186508 -0.689724 
6.759922028 0.676483507089 -3.826416 0.198584 -0.689441 
6.769770146 0.677424712917 -3.818774 0.195119 -0.677382 
6.780146122 0.678429474949 -3.861733 0.184751 -0.698044 
6.790007115 0.67941412642 -3.854733 0.19706 -0.685212 
6.799852133 0.680397182736 -3.854845 0.18815 -0.693773 
6.810106039 0.681425196485 -3.875796 0.174205 -0.690999 
6.820100069 0.682555749879 -3.889496 0.157578 -0.708662 
6.829857111 0.683546507174 -3.91755 0.179524 -0.696923 
6.840247154 0.684537284897 -3.903802 0.188971 -0.713041 
6.850116015 0.685478363545 -3.924621 0.191994 -0.720012 
6.860023976 0.686423170706 -3.960037 0.19512 -0.73653 
6.86977911 0.687459229816 -3.966972 0.190072 -0.732427 
6.88024807 0.688534302279 -4.009219 0.188275 -0.739449 
6.890014172 0.689477615785 -4.001825 0.192697 -0.756041 
6.899873018 0.690429887488 -3.994228 0.18161 -0.751262 
6.910212994 0.691428631819 -4.015335 0.177123 -0.757374 
6.920114041 0.692445386347 -4.043552 0.1835 -0.784543 
6.929908037 0.693454656331 -4.036121 0.188085 -0.78896 
6.940240145 0.694489199163 -4.057056 0.191103 -0.795016 
6.950006962 0.695467140017 -4.112684 0.203651 -0.811219 
6.959995985 0.696467330118 -4.141083 0.194342 -0.826444 
6.969912052 0.697444789116 -4.133404 0.198934 -0.861272 
6.98021698 0.698451748528 -4.182558 0.192492 -0.86798 
6.990070105 0.699418368202 -4.197063 0.183292 -0.884129 
7.000020027 0.700395893734 -4.232095 0.186595 -0.89122 
7.010251045 0.701401035414 -4.231987 0.179141 -0.88724 
7.020182133 0.702386117647 -4.231742 0.194144 -0.914791 
7.029921055 0.703355591443 -4.267753 0.196646 -0.913321 
7.040234089 0.704373264325 -4.26695 0.204938 -0.919079 
7.050042153 0.705341107616 -4.309795 0.195178 -0.925489 
7.059983015 0.70632205519 -4.344695 0.188738 -0.942175 
7.069877148 0.70724812568 -4.287451 0.191931 -0.936693 
7.080290079 0.7081494168 -4.27314 0.18504 -0.93339 
7.090016127 0.708845307906 -4.202739 0.181338 -0.921792 
7.100012064 0.709560509359 -4.20349 0.190173 -0.912689 
7.109812975 0.710261756855 -4.153569 0.180606 -0.891706 
7.120172978 0.710861712334 -4.118926 0.186753 -0.891671 
