0.0 0.00101533105559 -0.105243 0.012911 -0.048297 
0.009879112 0.00205024663696 -0.119319 0.01151 -0.04774 
0.019731998 0.00308241483616 -0.125986 0.015657 -0.046088 
0.030035972 0.00416183809228 -0.125443 0.007097 -0.034877 
0.039964914 0.0052019737626 -0.153828 0.013308 -0.044725 
0.049819946 0.00620273181967 -0.118303 0.017843 -0.04364 
0.059756994 0.00718208949883 -0.131659 0.001112 -0.041778 
0.070033073 0.00819486078465 -0.124696 0.013258 -0.041121 
0.079942941 0.00917153970632 -0.137854 0.019431 -0.040133 
0.089751959 0.0101382792353 -0.13754 0.010981 -0.049363 
0.100084066 0.0111535145694 -0.115847 -0.001112 -0.036446 
0.109925985 0.0121168548437 -0.13003 0.005662 -0.046972 
0.119831085 0.0130863793592 -0.165635 0.015678 -0.047276 
0.129772901 0.0140594976863 -0.143786 0.003872 -0.045372 
0.140063047 0.0150667110224 -0.164606 0.006173 -0.04524 
0.149993896 0.0160568001014 -0.143334 0.010706 -0.034176 
0.159790039 0.017066734507 -0.143247 0.019331 -0.044097 
0.170066118 0.0181261479656 -0.178772 0.020166 -0.044697 
0.179978132 0.0191480281042 -0.18653 0.023627 -0.05584 
0.189826011 0.0201632962382 -0.143723 0.024804 -0.033642 
0.200129032 0.0211912723706 -0.157942 0.017022 -0.044033 
0.210030079 0.0221442707146 -0.165558 0.021493 -0.044713 
0.219908952 0.0230951347605 -0.152794 0.038322 -0.03569 
0.229758024 0.0240431303922 -0.174938 0.034557 -0.047007 
0.240108967 0.0250394322518 -0.155045 0.047861 -0.02813 
0.249958038 0.0260025390618 -0.163154 0.045216 -0.029909 
0.259817123 0.0270013892113 -0.127938 0.043927 -0.029556 
0.269716024 0.0280042732258 -0.12878 0.045821 -0.040703 
0.279985904 0.0290447421104 -0.128538 0.039617 -0.042224 
0.289866924 0.0300458145532 -0.101658 0.058129 -0.043855 
0.29975295 0.031042752691 -0.124076 0.053352 -0.036141 
0.310045957 0.0320698187697 -0.090093 0.052939 -0.026989 
0.319934129 0.0330564892384 -0.098039 0.058642 -0.029507 
0.329834938 0.0340444206636 -0.083984 0.06173 -0.031656 
0.340157985 0.0350744842205 -0.084304 0.062119 -0.032699 
0.350028991 0.0360605175665 -0.077936 0.051304 -0.034288 
0.360031128 0.0370620863932 -0.063981 0.061606 -0.024453 
0.369791984 0.0380394944302 -0.050032 0.0541 -0.004993 
0.380084038 0.0390700942359 -0.057401 0.043463 -0.01667 
0.389986992 0.0400617313248 -0.086649 0.048878 -0.018873 
0.399881124 0.0410522165285 -0.036637 0.039032 -0.017288 
0.410203933 0.0420850736454 -0.036648 0.039875 -0.018084 
0.420023918 0.0430676202947 -0.037357 0.054361 -0.018592 
0.42991209 0.0440569894503 -0.037702 0.039351 -0.018705 
0.439790964 0.0450454282868 -0.051783 0.046854 -0.00867 
0.450127125 0.0460849889083 -0.038052 0.038615 -0.008854 
0.460078954 0.047096014384 -0.052275 0.045108 -0.009283 
0.469872951 0.0480910054029 -0.059891 0.049579 -0.009963 
0.479784965 0.0490979859961 -0.038006 0.046959 -0.008679 
0.49002099 0.0501378834909 -0.066803 0.036872 -0.019921 
0.499969005 0.0511294495055 -0.052401 0.045946 -0.009164 
0.509840011 0.0520900925475 -0.044912 0.042313 -0.008364 
0.520126104 0.0530911317192 -0.066275 0.053175 -0.019443 
0.529994964 0.0540515659133 -0.058952 0.050098 -0.008427 
0.539896965 0.0550152253785 -0.065839 0.05279 -0.019316 
0.549813032 0.0559992764689 -0.065616 0.044619 -0.009148 
0.56012702 0.0570808849902 -0.06557 0.052962 -0.008972 
0.569994926 0.0581157137312 -0.079803 0.060298 -0.010197 
0.579818964 0.0591459421175 -0.058051 0.050454 -0.019066 
0.590161085 0.0602305008936 -0.072137 0.049896 -0.019304 
0.600024938 0.0612273587037 -0.078567 0.045148 -0.028959 
0.609946966 0.0621961685951 -0.063689 0.054119 -0.028172 
0.619811058 0.0631593214807 -0.077461 0.04511 -0.03764 
0.630052089 0.064159279567 -0.069891 0.042041 -0.057034 
0.639965057 0.0651272048189 -0.055054 0.05073 -0.04615 
0.649838924 0.0661126441741 -0.068659 0.041165 -0.065834 
0.660187959 0.0671892077249 -0.075256 0.036973 -0.065273 
0.670043945 0.0682144816064 -0.067467 0.040007 -0.064537 
0.679848909 0.0692344478988 -0.066844 0.03201 -0.073521 
0.690207004 0.0703119539206 -0.080758 0.038957 -0.073703 
0.700107097 0.0712876255599 -0.100959 0.042166 -0.073077 
0.709995985 0.0722221279996 -0.093302 0.037977 -0.082494 
0.719835043 0.0731519214917 -0.100472 0.041221 -0.082251 
0.730116129 0.0741234867425 -0.085377 0.033959 -0.081568 
0.740042925 0.0750615714979 -0.106096 0.020023 -0.080625 
0.749897003 0.076013043941 -0.098977 0.032455 -0.09098 
0.760193109 0.0770419047499 -0.091487 0.028822 -0.090181 
0.770164013 0.0780382690409 -0.084697 0.033463 -0.08958 
0.779964924 0.0790176464113 -0.084347 0.034199 -0.09943 
0.789808035 0.0800012407085 -0.105213 0.028156 -0.099473 
0.800126075 0.0810343875054 -0.090965 0.037063 -0.099975 
0.809998035 0.0820283147121 -0.133802 0.034761 -0.11128 
0.819958925 0.0830311955558 -0.126616 0.038736 -0.100455 
0.829736948 0.0840156650114 -0.10538 0.028713 -0.089257 
0.840028047 0.0850517919085 -0.10535 0.035208 -0.099664 
0.849896908 0.0860424696338 -0.126394 0.013598 -0.110036 
0.859838962 0.0870319415904 -0.112389 0.023339 -0.109503 
0.870249986 0.0880680872688 -0.112479 0.038733 -0.109518 
0.879996061 0.0890380546315 -0.147771 0.025184 -0.099639 
0.889842987 0.0900180590788 -0.133908 0.033914 -0.109568 
0.899771929 0.0910147360787 -0.141169 0.020471 -0.109676 
0.909979105 0.0920688077815 -0.133994 0.025289 -0.099647 
0.920000076 0.0931036505202 -0.14807 0.023887 -0.09909 
0.929831028 0.0941188704317 -0.154834 0.020252 -0.088312 
0.940046072 0.0951737546449 -0.154834 0.020252 -0.088312 
0.949928045 0.0961659531942 -0.16174 0.015607 -0.087998 
0.959835052 0.0971208046169 -0.140387 0.020703 -0.097128 
0.970199108 0.0981197070722 -0.140428 0.020422 -0.087031 
0.98002696 0.0990669294235 -0.139971 0.012981 -0.085798 
0.98993206 0.100021597047 -0.175319 0.007047 -0.096304 
0.99979496 0.100982161234 -0.17543 0.015104 -0.085115 
1.010081053 0.10202494487 -0.161034 0.016116 -0.084631 
1.020075083 0.103038119739 -0.147171 0.024846 -0.09456 
1.029891014 0.104033239287 -0.189328 0.006933 -0.094464 
1.03985095 0.105089588365 -0.161003 0.008217 -0.082728 
1.050028085 0.10613489318 -0.181783 0.0108 -0.092693 
1.059876919 0.107030565907 -0.1956 0.010414 -0.082588 
1.069858074 0.108024823791 -0.174247 0.015511 -0.091718 
1.080085993 0.109043662703 -0.20927 0.002133 -0.071496 
1.09002304 0.110033526834 -0.209493 0.010305 -0.081664 
1.099890947 0.111038711505 -0.202004 0.006672 -0.080865 
1.109746933 0.112109243204 -0.222697 0.008135 -0.080852 
1.120135069 0.113135504201 -0.180296 0.010821 -0.069674 
1.129925966 0.114102762977 -0.229856 0.005166 -0.080298 
1.139784097 0.115076663909 -0.215638 0.012948 -0.069907 
1.150118112 0.116141587289 -0.215268 -0.003118 -0.058753 
1.15999794 0.117217482003 -0.222139 0.001423 -0.059059 
1.169950008 0.118182474573 -0.214893 0.013017 -0.069533 
1.179795027 0.119137087241 -0.221925 0.00921 -0.069099 
1.190067053 0.120133104226 -0.214436 0.005577 -0.0683 
1.199964046 0.121092299788 -0.21439 0.013921 -0.068124 
1.209824085 0.122048048823 -0.249342 0.00732 -0.068406 
1.220144033 0.123068619739 -0.22117 0.008437 -0.06793 
1.229990959 0.124042412077 -0.242289 0.004071 -0.067734 
1.239856958 0.125018090601 -0.248866 0.007217 -0.078376 
1.250207901 0.126127816519 -0.234384 0.007109 -0.067914 
1.260085106 0.127233423784 -0.256128 -0.006226 -0.078484 
1.27005291 0.128181685492 -0.220607 0.007214 -0.067922 
1.279778957 0.129106948261 -0.263043 0.012308 -0.058731 
1.290096998 0.130088528875 -0.263667 0.003338 -0.069496 
1.299999952 0.131074732862 -0.235053 0.012133 -0.05862 
1.309849977 0.132154259676 -0.277667 0.00166 -0.059757 
1.319730043 0.133109560285 -0.270771 0.012518 -0.060382 
1.330073118 0.134109629094 -0.257115 0.021523 -0.049998 
1.339955091 0.13506511409 -0.2639 0.007977 -0.060076 
1.349769115 0.136026231263 -0.264048 0.015871 -0.061063 
1.360122919 0.137093367356 -0.271263 0.010772 -0.060995 
1.369973898 0.13808317138 -0.2714 0.017823 -0.061185 
1.379895925 0.139080114145 -0.271303 0.01049 -0.050898 
1.390166044 0.140112032404 -0.271314 0.016703 -0.051208 
1.400068998 0.141100009204 -0.256918 0.017715 -0.050723 
1.409882068 0.142059976892 -0.328404 0.014399 -0.052535 
1.419821024 0.143034635579 -0.278068 0.026618 -0.051944 
1.430134058 0.14405095131 -0.328191 0.012441 -0.042677 
1.43996191 0.145019453942 -0.299557 0.028573 -0.043004 
1.449858904 0.145995434113 -0.27137 0.014572 -0.051694 
1.459748029 0.146972673079 -0.320859 0.022915 -0.043175 
1.470052957 0.148001858007 -0.257334 0.021062 -0.041669 
1.479949951 0.148993827026 -0.306773 0.023473 -0.042936 
1.489795923 0.149980682145 -0.299821 0.00975 -0.042926 
1.500142097 0.151017316996 -0.263946 0.015022 -0.051691 
1.509969949 0.152000586043 -0.32848 0.014949 -0.033742 
1.519840002 0.152989993953 -0.279533 0.020537 -0.052987 
1.529717922 0.15398033551 -0.293087 0.012261 -0.04281 
1.540028095 0.155014013935 -0.328713 0.029333 -0.044221 
1.549947977 0.156019098433 -0.279138 0.019871 -0.042763 
1.559794903 0.157062527084 -0.343008 0.012083 -0.043895 
1.570101976 0.158085869795 -0.301225 0.013861 -0.03321 
1.579979896 0.159066603844 -0.328739 0.004188 -0.023392 
1.589849949 0.160046556814 -0.350324 0.023221 -0.044638 
1.599802017 0.161076113791 -0.329205 0.027587 -0.044834 
1.61005497 0.162209838103 -0.314576 0.019585 -0.033385 
1.619841099 0.163164655731 -0.371844 0.024051 -0.024805 
1.629782915 0.1641346635 -0.314713 0.026636 -0.033575 
1.640100956 0.165141378967 -0.385677 0.021815 -0.025283 
1.649972915 0.166101990893 -0.328982 0.024785 -0.03418 
1.659852028 0.167059497291 -0.363797 0.011133 -0.034271 
1.669765949 0.168061703985 -0.328728 0.023109 -0.034419 
1.680052042 0.169102939633 -0.356759 0.023002 -0.024432 
1.689840078 0.170093758208 -0.392288 0.032741 -0.015555 
1.699790954 0.171084778385 -0.335446 0.027817 -0.023466 
1.710098028 0.172079746601 -0.391416 0.031973 -0.015301 
1.719985962 0.173081917472 -0.334762 0.034661 -0.014101 
1.729856014 0.17408330736 -0.369943 0.02817 -0.034823 
1.739778042 0.175089970598 -0.377157 0.040036 -0.015007 
1.750066042 0.176113548349 -0.334732 0.041156 -0.024508 
1.759948015 0.177077076782 -0.355668 0.028337 -0.004048 
1.769793033 0.178043505181 -0.405467 0.04597 -0.015674 
1.780107975 0.179056192939 -0.348382 0.040213 -0.024619 
1.789985895 0.180025975285 -0.398384 0.034101 -0.005996 
1.799886942 0.181012867801 -0.362524 0.037524 -0.025344 
1.809762954 0.182099415202 -0.39809 0.032706 -0.016332 
1.820056915 0.183117936162 -0.377218 0.05218 -0.00553 
1.829895973 0.184088422899 -0.355552 0.033711 -0.004478 
1.839792967 0.18506462422 -0.426582 0.037348 -0.017365 
1.850097894 0.186072206481 -0.355593 0.047823 -0.00669 
1.859976053 0.187022584271 -0.398643 0.037734 -0.007954 
1.869852066 0.18801964027 -0.405281 0.047654 -0.009605 
1.879780054 0.189021943526 -0.384583 0.037287 -0.019094 
1.88996911 0.190050603514 -0.427526 0.050382 -0.001835 
1.899934053 0.191081560963 -0.370623 0.060298 0.008602 
1.909785032 0.192147493032 -0.420033 0.037122 -0.003409 
1.92010498 0.193193644231 -0.371278 0.059227 -0.004066 
1.929908991 0.194187493994 -0.406504 0.061359 -0.005215 
1.939779997 0.195188135157 -0.42812 0.064151 0.003845 
1.949764013 0.196135177832 -0.392221 0.05274 -0.006187 
1.960063934 0.197068184285 -0.406885 0.068522 0.002733 
1.969928026 0.198043575421 -0.420987 0.066114 -0.008088 
1.979788065 0.199018565784 -0.385026 0.064895 -0.007361 
1.99010396 0.200038632562 -0.442441 0.077255 0.000232 
1.999982118 0.201015414586 -0.377907 0.067582 0.002182 
2.009855985 0.201991772303 -0.441828 0.060356 0.010351 
2.0197649 0.203025398267 -0.392317 0.081687 0.010864 
2.030057907 0.204103272819 -0.391993 0.067024 0.001944 
2.03986907 0.205130689095 -0.449225 0.080676 0.009903 
2.049834013 0.206174209077 -0.434896 0.080401 0.009107 
2.060141086 0.207236454176 -0.449413 0.071322 -0.000735 
2.07003498 0.20820892218 -0.448845 0.078161 0.009545 
2.079905987 0.209179140628 -0.420186 0.072963 0.000362 
2.089810133 0.210152616298 -0.469848 0.0738 0.008825 
2.100119114 0.211165883085 -0.448729 0.078165 0.008629 
2.109951973 0.212132351977 -0.476815 0.075928 0.01813 
2.119828939 0.213104248532 -0.462957 0.076596 -0.002072 
2.130158901 0.21412072316 -0.447811 0.08574 0.009059 
2.139987945 0.215087907148 -0.455027 0.080641 0.009127 
2.149914026 0.216064639637 -0.455032 0.072579 -0.001146 
2.159795999 0.217037031871 -0.49799 0.079177 -0.002059 
2.170083046 0.218093480207 -0.505403 0.097648 -0.013089 
2.179963112 0.21911094851 -0.484523 0.078828 -0.002314 
2.189819097 0.220125936906 -0.526949 0.060742 -0.012561 
2.2001791 0.22119283005 -0.484315 0.078553 -0.022627 
2.21005392 0.22219496576 -0.526883 0.076424 -0.023589 
2.219932079 0.223149475079 -0.491896 0.080615 -0.043191 
2.229769945 0.224100090955 -0.506296 0.074113 -0.02189 
2.24005413 0.225093833859 -0.577705 0.085635 -0.033933 
2.249922037 0.226047352545 -0.506483 0.096841 -0.032192 
2.259824037 0.227004165577 -0.548372 0.0791 -0.021753 
2.270136118 0.228033461407 -0.527226 0.084471 -0.01057 
2.279992103 0.229028953922 -0.555029 0.067289 0.000109 
2.289885997 0.230028275392 -0.590259 0.083695 0.008922 
2.29975605 0.231025188829 -0.533062 0.077823 0.021332 
2.310045004 0.232064412883 -0.59646 0.078837 0.019707 
2.319952011 0.233051128848 -0.57529 0.082642 0.010211 
2.329852104 0.234035600519 -0.553405 0.080021 0.011495 
2.340176105 0.235062225878 -0.60292 0.072964 0.020945 
2.350064993 0.236045583317 -0.538832 0.079634 0.002559 
2.359944105 0.237027968624 -0.581709 0.094017 0.0211 
2.369765997 0.23801547217 -0.596126 0.083094 -0.00024 
2.380079984 0.239053492129 -0.581487 0.06888 0.011519 
2.389979124 0.240049761068 -0.596126 0.083094 -0.00024 
2.399871111 0.241045310115 -0.567786 0.083655 -0.00998 
2.410185098 0.242083330073 -0.632178 0.084592 0.018431 
2.420066118 0.243074848878 -0.568633 0.090077 0.008734 
2.429898023 0.244057419726 -0.582643 0.089242 0.017677 
2.439800024 0.245046995755 -0.59029 0.091866 0.034994 
2.450092077 0.246075552402 -0.554939 0.088175 0.043127 
2.459964037 0.247062126225 -0.555797 0.080325 0.080457 
2.469835043 0.248065065085 -0.534841 0.099759 0.055897 
2.480165004 0.249115044747 -0.535685 0.100931 0.051854 
2.490031957 0.250117962375 -0.514218 0.088344 0.029163 
2.499913931 0.251122406798 -0.493125 0.086334 0.017102 
2.509763956 0.252122641362 -0.500616 0.098991 0.003508 
2.520056963 0.253126205651 -0.451385 0.115623 -0.007605 
2.529953956 0.254091158725 -0.457835 0.098167 -0.006543 
2.53986001 0.255056995242 -0.457152 0.082675 -0.017413 
2.549703121 0.256016694841 -0.455905 0.092671 -0.028425 
2.560008049 0.257021421423 -0.470083 0.102137 -0.029164 
2.569828033 0.258041327139 -0.456148 0.119494 -0.020436 
2.579750061 0.259080325347 -0.463821 0.116465 -0.022087 
2.590080976 0.260162140694 -0.471539 0.105092 -0.023914 
2.599956035 0.26119622048 -0.479161 0.101502 -0.034867 
2.609812021 0.262224555931 -0.494763 0.12651 -0.047381 
2.619720936 0.263189238284 -0.510051 0.133322 -0.049226 
2.629976034 0.264187623281 -0.531738 0.122117 -0.05931 
2.63984394 0.265148313203 -0.546438 0.128712 -0.049769 
2.649753093 0.266113018726 -0.540627 0.125332 -0.080255 
2.660079002 0.267118297528 -0.577404 0.143843 -0.093059 
2.669949054 0.268144463831 -0.594097 0.149396 -0.085675 
2.679830074 0.269173280294 -0.602504 0.145454 -0.086904 
2.690181017 0.270251025362 -0.652876 0.138442 -0.099184 
2.700021028 0.271275571949 -0.638927 0.155797 -0.119035 
2.709921121 0.27228794036 -0.689207 0.165471 -0.130963 
2.719782114 0.273220683915 -0.675678 0.158348 -0.140209 
2.730122089 0.274198734 -0.731709 0.147663 -0.150392 
2.739994049 0.275132514915 -0.774374 0.152866 -0.161641 
2.749871015 0.276066769344 -0.738687 0.158529 -0.200944 
2.76019907 0.277043691926 -0.774343 0.169106 -0.191947 
2.770075083 0.278032275932 -0.781594 0.164566 -0.211157 
2.779941082 0.279019933774 -0.82288 0.145884 -0.210807 
2.78976798 0.280003677322 -0.850967 0.136426 -0.240954 
2.800085067 0.281036492334 -0.857696 0.140126 -0.269959 
2.809951067 0.282024150276 -0.906779 0.156705 -0.270318 
2.819843054 0.283014023608 -0.906535 0.156593 -0.278457 
2.829741955 0.284004565719 -0.877282 0.142273 -0.28573 
2.84006691 0.285037741293 -0.940001 0.133046 -0.275468 
2.849954128 0.286027114335 -0.93198 0.119845 -0.303416 
2.859822988 0.287014650367 -0.931694 0.136981 -0.301903 
2.870131015 0.288041973424 -0.952874 0.154505 -0.312129 
2.880002975 0.289025611152 -0.952655 0.146215 -0.27969 
2.889884948 0.290010246572 -0.967045 0.136298 -0.289651 
2.899775028 0.290995689769 -0.966731 0.127847 -0.298881 
2.910056114 0.292020092632 -0.987861 0.129694 -0.298996 
2.919925928 0.293034248632 -0.98108 0.140548 -0.298705 
2.92978692 0.294055830385 -0.987946 0.15315 -0.288738 
2.940097093 0.295123946515 -1.023607 0.161036 -0.289528 
2.949969053 0.296146664535 -1.016123 0.149342 -0.299001 
2.959841966 0.297169481283 -1.022715 0.136245 -0.307917 
2.969748974 0.29812590974 -1.043489 0.14689 -0.307609 
2.980044126 0.299119773109 -1.035948 0.159662 -0.296362 
2.989926099 0.300073749405 -1.063867 0.156868 -0.297077 
2.999815941 0.301028485351 -1.056571 0.152786 -0.29744 
3.010123968 0.302023591634 -1.056049 0.161027 -0.307234 
3.019911051 0.303002183445 -1.076656 0.171115 -0.317143 
3.029825926 0.304001963087 -1.076113 0.162555 -0.305932 
3.040179014 0.305045930521 -1.097106 0.171744 -0.318165 
3.050050974 0.306041382772 -1.09665 0.164304 -0.316932 
3.059900999 0.307149730819 -1.089308 0.168565 -0.317119 
3.069772958 0.308044058558 -1.132155 0.172476 -0.328734 
3.080091953 0.309035106278 -1.124422 0.177755 -0.348869 
3.089946985 0.310018523189 -1.145597 0.188225 -0.32941 
3.099826097 0.311004343002 -1.124163 0.18414 -0.338835 
3.110155105 0.312035057173 -1.173831 0.176915 -0.340645 
3.120031118 0.313095417266 -1.166529 0.180895 -0.330735 
3.129899025 0.314100507924 -1.187852 0.182293 -0.332012 
3.139826059 0.315089954737 -1.187745 0.18851 -0.333237 
3.150118112 0.316115783704 -1.166586 0.183412 -0.323631 
3.159991979 0.317099931258 -1.180946 0.181841 -0.304838 
3.169874906 0.318178772596 -1.180571 0.188231 -0.29572 
3.1802001 0.319200241668 -1.201944 0.190189 -0.287696 
3.190076112 0.320160165437 -1.209226 0.183802 -0.28891 
3.199914932 0.321116474235 -1.223151 0.181846 -0.26999 
3.209764003 0.322073779406 -1.20873 0.181292 -0.290184 
3.220084905 0.323065495328 -1.222877 0.187507 -0.281432 
3.229937076 0.324033729605 -1.229328 0.189815 -0.292193 
3.239872932 0.325024010805 -1.229632 0.197423 -0.282167 
3.250191927 0.326052478483 -1.250108 0.182653 -0.282259 
3.260066032 0.327059420084 -1.242492 0.178182 -0.28158 
3.269948005 0.328192549551 -1.277667 0.179752 -0.292029 
3.279796123 0.329171044413 -1.255929 0.185026 -0.291732 
3.290123939 0.330149332869 -1.290851 0.184919 -0.30242 
3.299994945 0.331084350613 -1.247801 0.195008 -0.301156 
3.309900999 0.332029445569 -1.282327 0.188866 -0.302107 
3.320161104 0.333125964432 -1.289376 0.18321 -0.312255 
3.330018997 0.334131320395 -1.288854 0.181705 -0.302151 
3.339905023 0.335088926091 -1.323786 0.182442 -0.313636 
3.349767923 0.336044291697 -1.309532 0.19941 -0.303865 
3.36008501 0.337043651933 -1.316534 0.202098 -0.313838 
3.369955063 0.338057594186 -1.315931 0.201157 -0.323927 
3.379852056 0.339067055115 -1.344287 0.198747 -0.32477 
3.390151024 0.34010051593 -1.329992 0.206252 -0.305197 
3.40001297 0.341090123311 -1.329207 0.196858 -0.295022 
3.409970998 0.342089372142 -1.31398 0.19682 -0.284186 
3.419781923 0.34304931024 -1.320591 0.207746 -0.274458 
3.430085897 0.34405283265 -1.334551 0.206349 -0.274816 
3.439954042 0.34502663976 -1.319466 0.205301 -0.274443 
3.449841976 0.346002563254 -1.311769 0.208614 -0.25431 
3.460125923 0.347017572608 -1.304037 0.187181 -0.274295 
3.470041036 0.347998488105 -1.324776 0.197267 -0.254709 
3.479926109 0.348981945441 -1.345444 0.208759 -0.256112 
3.489773988 0.349970499676 -1.338522 0.220623 -0.245358 
3.50011301 0.35100835605 -1.352193 0.20977 -0.266324 
3.510019064 0.352002750035 -1.36632 0.20893 -0.256466 
3.519870996 0.353002690382 -1.380427 0.215427 -0.25781 
3.529772997 0.354000051756 -1.373211 0.210781 -0.237979 
3.54006195 0.355025200745 -1.387125 0.217727 -0.238161 
3.549926996 0.356008113382 -1.394178 0.220976 -0.238834 
3.559834003 0.356995206842 -1.400852 0.231455 -0.259763 
3.570118904 0.358065153922 -1.421454 0.217523 -0.259735 
3.579983949 0.35906673886 -1.421328 0.216685 -0.259855 
3.589879036 0.360054837203 -1.406947 0.232815 -0.250204 
3.600214958 0.361086956214 -1.441677 0.201076 -0.260067 
3.610071897 0.362071245194 -1.433989 0.220348 -0.260142 
3.619944095 0.363186167358 -1.476917 0.233441 -0.271462 
3.629795074 0.364173285232 -1.447635 0.2105 -0.269729 
3.640082121 0.365178253719 -1.468065 0.204074 -0.269646 
3.64994502 0.366141786079 -1.453593 0.219924 -0.279392 
3.659842968 0.367108742467 -1.459941 0.222961 -0.269594 
3.669749975 0.368054529469 -1.473434 0.213281 -0.267922 
3.680064916 0.369076462708 -1.473428 0.221343 -0.25765 
3.689925909 0.370079401431 -1.451244 0.225389 -0.256429 
3.699796915 0.371083358552 -1.486095 0.20255 -0.2559 
3.71013999 0.372135328716 -1.485334 0.209839 -0.244458 
3.720006942 0.373084737272 -1.491758 0.213152 -0.24384 
3.729905128 0.374067218881 -1.491251 0.205151 -0.251908 
3.74014306 0.375109361187 -1.512167 0.214785 -0.262063 
3.750095129 0.37612240485 -1.476129 0.204266 -0.239361 
3.759921074 0.377116086547 -1.496808 0.190611 -0.248514 
3.769747972 0.378052793735 -1.496492 0.214242 -0.257408 
3.78008008 0.379056644589 -1.474334 0.202889 -0.255257 
3.790023088 0.380038849432 -1.516313 0.200543 -0.244832 
3.799911976 0.381015708114 -1.508869 0.203681 -0.263621 
3.810171127 0.382029142659 -1.529816 0.206821 -0.263369 
3.820060968 0.383100357023 -1.536402 0.201786 -0.262012 
3.829967022 0.384110063568 -1.571704 0.204195 -0.272342 
3.839774131 0.385069678417 -1.578701 0.214944 -0.272043 
3.85009098 0.386079170765 -1.5779 0.190433 -0.271034 
3.859999895 0.387048747218 -1.570405 0.209977 -0.279375 
3.869833946 0.388007529615 -1.570186 0.225825 -0.279143 
3.879722118 0.388989410201 -1.590661 0.196662 -0.266926 
3.89005208 0.39002914557 -1.611075 0.207199 -0.275672 
3.899967909 0.391027197464 -1.582846 0.215817 -0.274224 
3.909825086 0.392019345893 -1.624775 0.197794 -0.253688 
3.920162916 0.393182129444 -1.595421 0.213712 -0.272123 
3.930030107 0.394181980224 -1.616697 0.20906 -0.260915 
3.939888 0.395177557543 -1.62308 0.212655 -0.270395 
3.949747085 0.396173255246 -1.594045 0.204823 -0.257665 
3.960129976 0.397198074111 -1.622207 0.202863 -0.257345 
3.969978094 0.398096854877 -1.642936 0.204885 -0.276611 
3.979890108 0.399051204935 -1.621046 0.19336 -0.284803 
3.990130901 0.400057178608 -1.634787 0.207811 -0.28493 
4.000025987 0.401029192788 -1.669693 0.209554 -0.285036 
4.009866953 0.401995890651 -1.647661 0.199039 -0.282765 
4.019763946 0.40296809216 -1.675854 0.220093 -0.30376 
4.030045032 0.404016513427 -1.689403 0.202913 -0.30306 
4.039911985 0.405054464526 -1.710928 0.205426 -0.313399 
4.049767971 0.406091261955 -1.724527 0.203922 -0.322811 
4.060061931 0.407174131925 -1.745535 0.213835 -0.313569 
4.069950103 0.40821431515 -1.723862 0.218543 -0.321656 
4.07980299 0.409191939601 -1.75207 0.20824 -0.321512 
4.08971405 0.410166419686 -1.730495 0.205165 -0.320475 
4.10000205 0.41117796145 -1.736792 0.207641 -0.319977 
4.109930038 0.412154105939 -1.757769 0.209655 -0.308833 
4.119790077 0.413123569512 -1.735934 0.222711 -0.31766 
4.13006711 0.414134329068 -1.756992 0.201826 -0.306557 
4.139964103 0.415107950842 -1.763467 0.220816 -0.316052 
4.149817943 0.416077327419 -1.762803 0.203356 -0.315233 
4.16012311 0.417091103521 -1.748686 0.196016 -0.313093 
4.17003107 0.41806580418 -1.748421 0.220208 -0.312685 
4.179898023 0.419058293402 -1.740511 0.199949 -0.310033 
4.189733982 0.420069317393 -1.761285 0.210593 -0.309725 
4.200057029 0.421130408454 -1.746828 0.210202 -0.317745 
4.209954977 0.422147804204 -1.781278 0.204504 -0.316618 
4.219840049 0.423163876449 -1.760188 0.21749 -0.325819 
4.230150938 0.424162228347 -1.787824 0.199751 -0.325357 
4.240037918 0.425117751393 -1.83027 0.220803 -0.336375 
4.249931097 0.426073873538 -1.808426 0.200935 -0.344743 
4.259802103 0.427027852783 -1.843332 0.202677 -0.344849 
4.270112037 0.428024252041 -1.829559 0.226802 -0.354793 
4.279942035 0.428988543223 -1.850208 0.204526 -0.354941 
4.289809942 0.429984206468 -1.857458 0.216952 -0.354403 
4.300137043 0.431026201988 -1.814662 0.202006 -0.35275 
4.310018062 0.432023188222 -1.843259 0.217397 -0.332809 
4.319898128 0.433020078299 -1.835243 0.2131 -0.35128 
4.329732895 0.434008320226 -1.84869 0.211763 -0.349433 
4.340085029 0.435043321932 -1.841311 0.216188 -0.337446 
4.34999299 0.436033915422 -1.84089 0.199561 -0.335592 
4.359875917 0.437022006023 -1.854484 0.206119 -0.334732 
4.37016797 0.438051000858 -1.847328 0.218714 -0.332912 
4.380017996 0.439040731602 -1.839995 0.214795 -0.3211 
4.389924049 0.440040332221 -1.86085 0.217655 -0.340247 
4.399780035 0.441034880675 -1.831506 0.210277 -0.32727 
4.410080909 0.442074321916 -1.874231 0.20786 -0.317219 
4.419960975 0.443071300237 -1.845257 0.209327 -0.355045 
4.429845094 0.444068687538 -1.866583 0.205236 -0.334536 
4.440158128 0.445092086743 -1.880254 0.226464 -0.355166 
4.450031995 0.446071135776 -1.872658 0.197689 -0.363032 
4.45996499 0.447056047679 -1.929358 0.203623 -0.344659 
4.469788074 0.448030061294 -1.936304 0.213811 -0.35366 
4.480139017 0.449074729604 -1.92882 0.202117 -0.363133 
4.489985943 0.450079883377 -1.9572 0.21639 -0.362709 
4.499835014 0.451085256108 -1.907178 0.2057 -0.360328 
4.510159015 0.452139108708 -1.991989 0.209113 -0.350936 
4.519993067 0.453142948331 -1.920269 0.213161 -0.358059 
4.529918909 0.454126144614 -1.934319 0.212765 -0.346123 
4.53975296 0.455080687024 -1.962551 0.219144 -0.344712 
4.550107002 0.456085702373 -1.926261 0.199727 -0.361896 
4.559963941 0.457042466407 -1.96186 0.203412 -0.339618 
4.569832086 0.458000318152 -1.961489 0.202462 -0.347877 
4.580163955 0.459042974133 -1.975813 0.210798 -0.336807 
4.590028047 0.460077686016 -1.975523 0.21903 -0.34477 
4.599916935 0.461114998919 -1.946883 0.211864 -0.342265 
4.609760046 0.462147509961 -2.01703 0.199496 -0.341793 
4.620115995 0.463233816078 -1.981621 0.213772 -0.359691 
4.629971981 0.464213788068 -1.99517 0.196592 -0.358991 
4.639841079 0.465173907003 -2.023807 0.226816 -0.348366 
4.650166988 0.466178466969 -1.973381 0.192281 -0.355199 
4.66002202 0.467137217488 -1.987765 0.217137 -0.355038 
4.669925928 0.468100722927 -2.015227 0.222018 -0.373933 
4.679764032 0.469093272256 -2.036056 0.216139 -0.361802 
4.690086126 0.470168960137 -2.050751 0.223575 -0.381636 
4.699928999 0.471194707355 -2.014318 0.205168 -0.388357 
4.709820986 0.472225572849 -2.070394 0.218221 -0.398379 
4.720147133 0.473301683102 -2.077238 0.229138 -0.386821 
4.730013132 0.474252897636 -2.083951 0.224942 -0.385344 
4.739885092 0.475183324908 -2.13275 0.226575 -0.384526 
4.749731064 0.476111302825 -2.082617 0.20855 -0.400437 
4.760080099 0.477086694176 -2.153575 0.221537 -0.40177 
4.769937992 0.47801579564 -2.110712 0.213248 -0.39835 
4.779818058 0.478979955757 -2.11035 0.230829 -0.394759 
4.790128946 0.480014946709 -2.130829 0.225685 -0.392478 
4.799979925 0.481003772709 -2.116448 0.225571 -0.409679 
4.809893131 0.481998844958 -2.17228 0.223397 -0.408427 
4.819745064 0.482987766719 -2.129726 0.2244 -0.425152 
4.830089092 0.484027048115 -2.164541 0.21147 -0.432347 
4.839957952 0.485019401677 -2.214292 0.228423 -0.431002 
4.849864006 0.486015495246 -2.171399 0.221259 -0.438475 
4.860147953 0.487049587475 -2.192477 0.234142 -0.428627 
4.869976043 0.48803784145 -2.143276 0.22366 -0.435801 
4.879859924 0.489026705819 -2.185007 0.238286 -0.436037 
4.889717102 0.490004371101 -2.177872 0.226578 -0.442764 
4.900063991 0.49103060743 -2.170179 0.222551 -0.440007 
4.909924984 0.492008651097 -2.219627 0.231897 -0.448688 
4.919807911 0.492988870245 -2.21241 0.227973 -0.43596 
4.929717064 0.493971690568 -2.204991 0.232679 -0.43407 
4.940036058 0.495012628281 -2.211942 0.220412 -0.441035 
4.949898958 0.496050784829 -2.183641 0.238379 -0.428033 
4.959794998 0.497092429652 -2.268579 0.225665 -0.43827 
4.970079899 0.498175005499 -2.211757 0.228518 -0.45439 
4.979945898 0.499153944136 -2.225061 0.228192 -0.44208 
4.989804029 0.500105603958 -2.253466 0.227066 -0.440725 
5.00013113 0.501102536043 -2.23195 0.231487 -0.437801 
5.010006904 0.502055899041 -2.281454 0.233333 -0.447454 
5.019870043 0.503008042313 -2.238565 0.235796 -0.452553 
5.029747009 0.503981968514 -2.281062 0.226049 -0.461709 
5.040084123 0.50502268839 -2.309025 0.2326 -0.449955 
5.049989938 0.506019985949 -2.287307 0.228685 -0.477616 
5.059864044 0.50701409111 -2.329727 0.219383 -0.484695 
5.070137977 0.508111393441 -2.336145 0.245874 -0.493218 
5.08003807 0.509093783566 -2.32759 0.227528 -0.478693 
5.089914083 0.509999304357 -2.355994 0.241517 -0.496751 
5.099776029 0.510989056352 -2.334297 0.230265 -0.51321 
5.110117912 0.51202697517 -2.369445 0.247956 -0.531693 
5.119998932 0.513018641445 -2.368242 0.231562 -0.517291 
5.129837036 0.514061615014 -2.403654 0.251773 -0.536332 
5.140162945 0.515137244277 -2.382174 0.247008 -0.532787 
5.15006113 0.516115077338 -2.359929 0.244281 -0.540557 
5.159934997 0.517090508044 -2.445302 0.248917 -0.531172 
5.169768095 0.518061911217 -2.416829 0.257423 -0.537863 
5.180115938 0.519182727094 -2.423517 0.237266 -0.544757 
5.189990043 0.520197221654 -2.41628 0.24068 -0.543233 
5.19987607 0.521152579716 -2.423058 0.252884 -0.530392 
5.210168123 0.522147174997 -2.452168 0.25197 -0.539509 
5.22005105 0.523102233483 -2.409396 0.253706 -0.536589 
5.229854107 0.524047100252 -2.451604 0.251469 -0.546605 
5.239733934 0.525010117123 -2.494156 0.256558 -0.536498 
5.250067949 0.526044925843 -2.458524 0.262663 -0.544227 
5.259946108 0.527034086888 -2.49422 0.256714 -0.551987 
5.269815922 0.528022412297 -2.501339 0.259397 -0.561044 
5.280118942 0.529174878985 -2.486076 0.252301 -0.577681 
5.290020942 0.530200051052 -2.543702 0.257596 -0.567151 
5.299875974 0.531129877227 -2.506524 0.254374 -0.592911 
5.309709072 0.53205763392 -2.570144 0.254536 -0.591909 
5.320032119 0.533031617495 -2.541539 0.264896 -0.588933 
5.329909086 0.534071957551 -2.569604 0.270718 -0.597739 
5.339787006 0.535111753562 -2.554985 0.264281 -0.594189 
5.350121021 0.536116831842 -2.540477 0.263328 -0.61151 
5.35998106 0.537075811584 -2.596724 0.259853 -0.608794 
5.369882107 0.538038779732 -2.596176 0.252134 -0.626958 
5.379787922 0.539042788253 -2.610063 0.275201 -0.635175 
5.390069961 0.540099265875 -2.623925 0.267193 -0.632349 
5.399946928 0.54108146838 -2.616724 0.271166 -0.650103 
5.409815073 0.542062793592 -2.673773 0.26012 -0.648731 
5.420143127 0.543089853874 -2.659073 0.285607 -0.657936 
5.430023908 0.544064459596 -2.644889 0.269809 -0.634615 
5.439909935 0.545032696236 -2.644874 0.269807 -0.663194 
5.449790001 0.546007524857 -2.645135 0.285639 -0.630721 
5.460067033 0.54702542453 -2.665819 0.263923 -0.650148 
5.469945907 0.548003888216 -2.687723 0.274321 -0.659642 
5.479835033 0.548988178518 -2.722471 0.294038 -0.658115 
5.49012804 0.550015698288 -2.701397 0.273816 -0.685339 
5.499985933 0.551001552859 -2.728853 0.272366 -0.681652 
5.509829044 0.551985929133 -2.757091 0.270683 -0.690514 
5.519834041 0.552986495078 -2.72051 0.276464 -0.695912 
5.53007102 0.554005894655 -2.769724 0.286541 -0.713528 
5.539993047 0.554993073006 -2.811799 0.292249 -0.720495 
5.54983592 0.555982623729 -2.804015 0.287943 -0.737135 
5.560147047 0.557019250248 -2.838809 0.282351 -0.755533 
5.570079088 0.558017765453 -2.817288 0.277868 -0.762085 
5.579888105 0.559017108426 -2.838472 0.289902 -0.750525 
5.589741945 0.560022093631 -2.831875 0.294094 -0.751086 
5.600008011 0.561046333786 -2.832219 0.27006 -0.738403 
5.609956979 0.562038937236 -2.875591 0.292323 -0.718102 
5.619836092 0.563024571288 -2.854138 0.281182 -0.726422 
5.630115986 0.564148963716 -2.861536 0.284536 -0.746619 
5.639924049 0.565183499627 -2.862198 0.292973 -0.734643 
5.649791956 0.566142869704 -2.862476 0.301586 -0.713238 
5.659718036 0.567107895432 -2.890299 0.275215 -0.730519 
5.670038938 0.568111306241 -2.904404 0.282434 -0.738967 
5.679953098 0.569075271925 -2.904012 0.291395 -0.72637 
5.689804077 0.570044612354 -2.939851 0.284436 -0.744592 
5.700118065 0.571091192568 -2.946827 0.288129 -0.743187 
5.70997405 0.572091298336 -2.939524 0.29283 -0.740381 
5.719774008 0.573085718937 -2.93928 0.292718 -0.748519 
5.729758978 0.574068832518 -2.953472 0.291312 -0.747046 
5.740025997 0.575076310649 -2.981882 0.299091 -0.736215 
5.749821901 0.57607029744 -2.960853 0.287491 -0.743866 
5.759717941 0.577074444995 -2.981789 0.289788 -0.742818 
5.770002126 0.57811797748 -3.003694 0.300186 -0.752312 
5.779940128 0.579073795489 -3.031749 0.299795 -0.760808 
5.789906025 0.580028584358 -2.988749 0.284455 -0.757197 
5.799653053 0.58099114742 -3.010304 0.295589 -0.776541 
5.80994296 0.582007322238 -3.053225 0.30235 -0.765279 
5.819849968 0.582985684049 -3.06766 0.301778 -0.762771 
5.829764127 0.584017939581 -3.045927 0.289967 -0.759951 
5.840146064 0.585124683271 -3.039034 0.310452 -0.758202 
5.850023031 0.586097822884 -3.046493 0.306186 -0.7571 
5.85987401 0.587068401999 -3.054194 0.302754 -0.754962 
5.869745969 0.588041048192 -3.061557 0.305548 -0.755881 
5.880069971 0.589043223259 -3.090545 0.3127 -0.75564 
5.889939069 0.590008180781 -3.105269 0.303896 -0.745168 
5.899729967 0.590997106419 -3.091442 0.288325 -0.735065 
5.909986019 0.592033014747 -3.063816 0.297883 -0.723527 
5.919898033 0.593034173657 -3.064992 0.306259 -0.713756 
5.929847002 0.594109966935 -3.094077 0.305629 -0.70439 
5.940129041 0.595189182221 -3.058678 0.311003 -0.703185 
5.949942112 0.596173004275 -3.037751 0.300526 -0.692234 
5.959825039 0.597163829831 -3.060137 0.304816 -0.662868 
5.969733953 0.598157260748 -3.060918 0.29556 -0.662622 
5.980031013 0.599118586546 -3.061521 0.296501 -0.652533 
5.990036964 0.60007336381 -3.083259 0.291227 -0.65283 
5.999826908 0.601037613175 -3.076859 0.304596 -0.652181 
6.009759903 0.602015952186 -3.070591 0.300996 -0.641785 
6.020020008 0.603026509523 -3.056525 0.294217 -0.630344 
6.029870033 0.603996676497 -3.050337 0.299798 -0.619653 
6.039777994 0.604987178444 -3.050642 0.29044 -0.629377 
6.050081968 0.606065897889 -3.037513 0.300108 -0.599722 
6.059981107 0.6071022353 -3.059616 0.303846 -0.581489 
6.069755077 0.608125468811 -3.053501 0.300079 -0.582353 
6.079745054 0.60917131602 -3.025714 0.285904 -0.571892 
6.089955091 0.610205885215 -3.047781 0.304198 -0.553793 
6.099842071 0.611177545181 -3.041397 0.300603 -0.544313 
6.109762907 0.612152532403 -3.020253 0.289008 -0.552879 
6.120072126 0.613165688633 -3.041797 0.284184 -0.552015 
6.129981994 0.614139597956 -3.070222 0.307079 -0.532017 
6.139858007 0.61511065664 -3.034555 0.295659 -0.540218 
6.149729013 0.616083115141 -3.049027 0.294924 -0.549884 
6.160036087 0.617098533603 -3.084845 0.297153 -0.540148 
6.169913053 0.618071579264 -3.063573 0.301686 -0.529084 
6.179836034 0.619049158168 -3.071184 0.297253 -0.539241 
6.190077066 0.620069052357 -3.078485 0.300495 -0.509503 
6.199903011 0.621083683317 -3.072005 0.304682 -0.509148 
6.209806919 0.622106364767 -3.072041 0.28038 -0.489115 
6.219767093 0.623134856266 -3.073358 0.304712 -0.470057 
6.230075121 0.624199267307 -3.07347 0.280688 -0.459206 
6.239918947 0.625166372195 -3.05274 0.293781 -0.459353 
6.24981308 0.626119484518 -3.038862 0.294614 -0.438801 
6.260143995 0.627114672515 -3.075188 0.287879 -0.440746 
6.269985914 0.628062755008 -3.061538 0.288822 -0.440635 
6.279916048 0.629019335346 -3.075664 0.287981 -0.430776 
6.289783001 0.629972800855 -3.07609 0.287523 -0.430107 
6.30004096 0.63101003851 -3.061851 0.288249 -0.41861 
6.309936046 0.632010584116 -3.104368 0.285558 -0.428872 
6.31975007 0.633002933104 -3.076312 0.286671 -0.42748 
6.329999923 0.634039351118 -3.097278 0.282472 -0.416025 
6.339909076 0.635038119993 -3.111891 0.297693 -0.416406 
6.349877119 0.636031136616 -3.083252 0.290527 -0.4139 
6.35978508 0.637018167868 -3.097799 0.274953 -0.413335 
6.370018005 0.63803757204 -3.105546 0.294538 -0.403933 
6.379899978 0.639022014367 -3.106155 0.287417 -0.404116 
6.389673948 0.639998007938 -3.091526 0.279415 -0.392667 
6.400021076 0.641040092542 -3.078139 0.288247 -0.392627 
6.409981966 0.642043278171 -3.099517 0.282867 -0.401979 
6.419806957 0.643032777079 -3.099947 0.291313 -0.391834 
6.429745912 0.644033753581 -3.09948 0.28303 -0.389804 
6.439918995 0.645058309687 -3.120979 0.286549 -0.388764 
6.449831009 0.646051679054 -3.120659 0.28616 -0.387722 
6.459785938 0.647046306651 -3.142153 0.280774 -0.396158 
6.470109939 0.648077809368 -3.156188 0.279655 -0.405697 
6.479978084 0.649063766109 -3.170461 0.28743 -0.403929 
6.48984909 0.650055317106 -3.191037 0.28962 -0.411935 
6.499979019 0.651082353305 -3.184099 0.286366 -0.410347 
6.510097027 0.652108180877 -3.21217 0.284127 -0.429426 
6.519838094 0.65309579179 -3.212453 0.284679 -0.418294 
6.529742002 0.654099912552 -3.226529 0.283277 -0.417736 
6.540018081 0.655131793047 -3.226686 0.282991 -0.406724 
6.549875974 0.656093882924 -3.226762 0.283268 -0.415905 
6.559817075 0.657064093561 -3.212533 0.284837 -0.405204 
6.570029974 0.658060830566 -3.22709 0.290592 -0.424362 
6.579994917 0.659033368084 -3.2483 0.301621 -0.424181 
6.589787006 0.659999593999 -3.269231 0.295013 -0.43261 
6.599694967 0.66103507444 -3.269139 0.28034 -0.439698 
6.610074043 0.662119791084 -3.297482 0.294776 -0.4271 
6.619904995 0.663147223319 -3.282716 0.294838 -0.434873 
6.629801035 0.664181457897 -3.297156 0.286204 -0.442637 
6.640180111 0.665231190022 -3.303651 0.297857 -0.440929 
6.650017976 0.666188978365 -3.317706 0.289399 -0.439265 
6.659888982 0.667149993227 -3.353073 0.291242 -0.457981 
6.66982007 0.668116857512 -3.346003 0.295212 -0.44624 
6.680145025 0.66912206764 -3.381538 0.297612 -0.454739 
6.689909935 0.670091049213 -3.381025 0.297672 -0.452534 
6.699711084 0.671114335214 -3.381019 0.289489 -0.469114 
6.710114956 0.672200548329 -3.387751 0.293071 -0.475848 
6.719985008 0.673231028128 -3.408524 0.304437 -0.482643 
6.729809999 0.674256803346 -3.443864 0.307286 -0.48998 
6.739699125 0.675250602754 -3.450638 0.29362 -0.506366 
6.750036955 0.676227937456 -3.464642 0.301568 -0.494254 
6.759941101 0.67716427183 -3.471567 0.3047 -0.502149 
6.76979804 0.678096143272 -3.492123 0.299833 -0.509049 
6.780098915 0.679069984262 -3.506197 0.299154 -0.515595 
6.789984941 0.680020918079 -3.512783 0.294841 -0.521342 
6.79993391 0.681011860322 -3.526664 0.294611 -0.526726 
6.809745073 0.681989076743 -3.555008 0.29208 -0.533876 
6.820056915 0.683016162046 -3.554398 0.299923 -0.540797 
6.829914093 0.683997961676 -3.58259 0.306584 -0.549483 
6.839819908 0.684986958681 -3.611624 0.305392 -0.549418 
6.85015893 0.686026458934 -3.590311 0.310208 -0.548451 
6.859978914 0.687013774354 -3.604823 0.30919 -0.548021 
6.869898081 0.688011061776 -3.590706 0.30185 -0.54588 
6.879782915 0.689004897309 -3.605293 0.30111 -0.554631 
6.890110969 0.690042046498 -3.647515 0.299597 -0.543171 
6.899960041 0.691019036627 -3.626121 0.295953 -0.549603 
6.9097929 0.691994418489 -3.647477 0.315598 -0.557513 
6.919766903 0.692983801293 -3.68257 0.308708 -0.575361 
6.930046081 0.694003456286 -3.696382 0.300139 -0.581836 
6.939923048 0.694983213491 -3.717966 0.310148 -0.590288 
6.949754953 0.695962354309 -3.717529 0.310486 -0.597264 
6.960052967 0.697045869687 -3.738485 0.305445 -0.585014 
6.969964981 0.698088771706 -3.746059 0.301174 -0.582995 
6.979869127 0.699130845886 -3.738863 0.314051 -0.591273 
6.990159988 0.700179703671 -3.767567 0.311628 -0.589369 
7.00000596 0.701130736211 -3.745747 0.308442 -0.59647 
7.009872913 0.702083795328 -3.817349 0.305121 -0.597366 
7.019755125 0.703038328327 -3.78872 0.313913 -0.615069 
7.030048132 0.704032540437 -3.802769 0.313518 -0.603133 
7.039927005 0.704994134884 -3.824897 0.316972 -0.603382 
7.049804926 0.705989273153 -3.781999 0.31787 -0.600582 
7.060102939 0.707026733042 -3.817701 0.320104 -0.591761 
7.070006132 0.708024417305 -3.810753 0.316007 -0.589377 
7.079885959 0.709029314547 -3.824768 0.307832 -0.59781 
7.08972001 0.710095409741 -3.874576 0.317285 -0.597437 
7.100055933 0.711021373401 -3.860134 0.300651 -0.603731 
7.109918117 0.712005601487 -3.853221 0.314081 -0.600876 
7.119780063 0.712989805822 -3.881575 0.312393 -0.608823 
7.130162954 0.714025999523 -3.89533 0.311324 -0.614326 
7.139984131 0.715031487888 -3.937673 0.316861 -0.631636 
7.149924993 0.716102500706 -3.951864 0.316177 -0.637266 
7.159784078 0.71707889847 -3.943881 0.320382 -0.642472 
7.170133114 0.718103818694 -3.993451 0.321661 -0.66051 
7.179959058 0.719076934328 -4.014802 0.332402 -0.677896 
7.189800024 0.720100167839 -4.021276 0.320032 -0.694831 
7.200175047 0.721210777231 -4.035006 0.319248 -0.681852 
7.210036993 0.722170387625 -4.035508 0.319066 -0.690365 
7.219902992 0.723130392394 -4.085122 0.328969 -0.688829 
7.229737043 0.724087288483 -4.064291 0.326547 -0.695269 
7.240114927 0.725089423844 -4.085282 0.322064 -0.702297 
7.249994993 0.726026258338 -4.092313 0.324349 -0.708481 
7.259867906 0.727012100058 -4.099213 0.328487 -0.704997 
7.270184993 0.728042293964 -4.141293 0.326134 -0.722236 
7.28006196 0.729028540489 -4.141195 0.334638 -0.738465 
7.289899111 0.730093312168 -4.191043 0.327565 -0.754848 
7.299791097 0.731169557385 -4.197415 0.315924 -0.751223 
7.310107946 0.732153355445 -4.19 0.31866 -0.766223 
7.320019006 0.733098458122 -4.24001 0.329229 -0.774911 
7.329849958 0.73403592183 -4.253958 0.327711 -0.781577 
7.339798927 0.735047026984 -4.253516 0.33611 -0.778281 
7.350079059 0.736142533088 -4.260999 0.331561 -0.79566 
7.359926939 0.737093745579 -4.289044 0.330327 -0.80336 
7.369805097 0.738047882639 -4.281837 0.342361 -0.810842 
7.380126953 0.739044876749 -4.31738 0.33658 -0.807342 
7.389943123 0.740018355499 -4.35294 0.32358 -0.81491 
7.399825096 0.741057153824 -4.345266 0.327332 -0.820362 
7.410192966 0.742095277467 -4.380192 0.336852 -0.828678 
7.420057058 0.743082958361 -4.373147 0.340538 -0.83542 
7.429928064 0.744071331547 -4.415497 0.322897 -0.84359 
7.439815044 0.745055489926 -4.41621 0.347011 -0.841725 
7.450062036 0.746056788047 -4.402116 0.356353 -0.838318 
7.459942102 0.74702391941 -4.415858 0.339445 -0.845884 
7.469849109 0.747997228778 -4.465514 0.332099 -0.854001 
7.480139017 0.749008156079 -4.480045 0.33886 -0.86178 
7.490051985 0.749985931072 -4.479997 0.347925 -0.868708 
7.499908924 0.750967883453 -4.493688 0.330456 -0.885575 
7.509725094 0.751939478273 -4.5008 0.326807 -0.872051 
7.520093918 0.752962656419 -4.522126 0.352947 -0.890368 
7.529983043 0.753938498673 -4.522084 0.344205 -0.88767 
7.539844989 0.75489415296 -4.507677 0.329981 -0.874079 
7.550161123 0.755825899207 -4.451819 0.333161 -0.863953 
7.560039997 0.756568906417 -4.431552 0.347484 -0.836444 
7.569891929 0.757273804425 -4.33262 0.328955 -0.806907 
7.579756975 0.75797964073 -4.312181 0.318702 -0.779678 
7.590054035 0.758654811698 -4.24991 0.318689 -0.763861 
