0.0 0.000440646216215 0.001387 -0.030041 -0.02887 
0.009874106 0.0014437756627 0.023003 -0.042579 -0.018031 
0.019727946 0.00241331288011 0.02276 -0.027352 -0.029305 
0.030070067 0.00341980467826 0.007579 -0.028716 -0.020067 
0.039927006 0.00437907872451 -0.006701 -0.029724 -0.021467 
0.049792052 0.00533914174131 0.000505 -0.018411 -0.021845 
0.060112 0.00634347567043 0.007076 -0.029619 -0.021476 
0.069987059 0.00734868655468 0.013657 -0.027276 -0.032619 
0.07990098 0.00838834080218 -0.000885 -0.020395 -0.034091 
0.089802981 0.0094267450217 0.005443 -0.016375 -0.044996 
0.100090981 0.0105056282303 0.005838 -0.017041 -0.034772 
0.109967947 0.0115414070765 0.013408 -0.029856 -0.034268 
0.119837046 0.0125173545563 0.019909 -0.018332 -0.045116 
0.130149126 0.0135242500322 0.027378 -0.014909 -0.045423 
0.140049935 0.0144909880511 -0.001627 -0.024721 -0.036352 
0.149914026 0.0154541408391 0.005579 -0.013408 -0.03673 
0.159743071 0.0164138716541 0.020238 -0.020285 -0.036174 
0.170058012 0.017463934234 -0.001434 -0.009878 -0.047499 
0.179978132 0.018495879687 0.006142 -0.014631 -0.036722 
0.189811945 0.0195188470111 0.006314 -0.007126 -0.036666 
0.200129032 0.0205920871551 -0.029693 -0.01425 -0.037568 
0.210019112 0.0216209076821 -0.015084 -0.005451 -0.047124 
0.219820976 0.0225590068568 -0.014506 -0.004825 -0.036534 
0.229737044 0.0234960778135 -0.036076 -0.010655 -0.047048 
0.240042925 0.0244699861981 -0.007595 -0.009084 -0.046325 
0.249953985 0.0254065838975 -0.021503 -0.011042 -0.055984 
0.259776116 0.0263347777837 0.014858 -0.021832 -0.05451 
0.270133972 0.0273522809192 -0.020611 -0.018866 -0.054623 
0.280030966 0.0283412595925 -0.012686 -0.022884 -0.053697 
0.289914131 0.0293288563729 -0.02633 -0.015765 -0.043536 
0.299777985 0.0303145234596 -0.040782 -0.009163 -0.064405 
0.310048104 0.0313407874609 -0.03307 -0.020967 -0.053438 
0.319922924 0.0323318743858 -0.039889 -0.016987 -0.063045 
0.329811096 0.0333274338467 -0.018187 -0.0209 -0.062127 
0.340129137 0.0343662733142 -0.038744 -0.026488 -0.061923 
0.350014925 0.0353615927495 -0.052926 -0.019714 -0.072449 
0.359889984 0.0363558319692 -0.038418 -0.018816 -0.050608 
0.369678974 0.0373350638195 -0.045117 -0.023736 -0.070607 
0.380013943 0.038363640208 -0.045031 -0.024856 -0.06063 
0.389884949 0.0393460411907 -0.058641 -0.025517 -0.070838 
0.399768114 0.0403296522844 -0.05863 -0.02636 -0.070042 
0.41010499 0.041358418465 -0.064751 -0.030654 -0.079451 
0.420011997 0.0423656336684 -0.071961 -0.027692 -0.06911 
0.42987895 0.0433845713207 -0.078816 -0.032898 -0.078097 
0.439721108 0.0444009484502 -0.064192 -0.031996 -0.057171 
0.450037956 0.0454663457295 -0.085448 -0.02931 -0.057166 
0.459918976 0.0464867360487 -0.04931 -0.031928 -0.06586 
0.469810009 0.047458937007 -0.070515 -0.04492 -0.055743 
0.480131149 0.0484537031572 -0.091558 -0.034447 -0.065779 
0.490005017 0.049405360596 -0.076716 -0.034662 -0.064371 
0.499899149 0.0503589711079 -0.090798 -0.044125 -0.074086 
0.509698153 0.051303413048 -0.076275 -0.043951 -0.073721 
0.520008087 0.052323906505 -0.111186 -0.033304 -0.06435 
0.529873133 0.0533240052334 -0.082654 -0.032294 -0.072928 
0.539768934 0.0543272218426 -0.089251 -0.036485 -0.072367 
0.550090075 0.0553735585743 -0.089017 -0.045499 -0.061403 
0.559944153 0.0564555126196 -0.088977 -0.045218 -0.0715 
0.569826126 0.0574028856665 -0.117087 -0.030773 -0.060732 
0.579683066 0.0583258223435 -0.109471 -0.035244 -0.060052 
0.590001106 0.0593536385246 -0.12302 -0.052424 -0.059353 
0.599879027 0.0603376129073 -0.10187 -0.055957 -0.057646 
0.609746933 0.0613205896607 -0.115165 -0.048103 -0.057335 
0.620084048 0.0624084115485 -0.122335 -0.044859 -0.057092 
0.629956007 0.0634418694217 -0.129504 -0.041615 -0.056848 
0.63984704 0.0644190207972 -0.129438 -0.050073 -0.035668 
0.649658919 0.0653883524192 -0.122441 -0.055452 -0.035482 
0.659992933 0.0664092666144 -0.129474 -0.059259 -0.035048 
0.66988802 0.0674736035602 -0.136618 -0.040616 -0.035735 
0.679764033 0.0685010015155 -0.13678 -0.048964 -0.034995 
0.690093041 0.0695025437048 -0.157778 -0.062229 -0.045191 
0.699953079 0.0704586126753 -0.150699 -0.050079 -0.04545 
0.709834099 0.071416716145 -0.164826 -0.050919 -0.035591 
0.719663143 0.0723688756443 -0.136648 -0.04174 -0.024842 
0.730016947 0.0733794131566 -0.151043 -0.042753 -0.025327 
0.739880085 0.0743548087479 -0.186751 -0.04858 -0.026778 
0.749789953 0.0753348256104 -0.151373 -0.036151 -0.02668 
0.760113955 0.0763557974385 -0.180028 -0.045227 -0.027459 
0.769994974 0.0774733523928 -0.179855 -0.037722 -0.027403 
0.779847145 0.0785112021936 -0.180159 -0.030114 -0.017377 
0.789678097 0.0794464448333 -0.187197 -0.041983 -0.027216 
0.800039053 0.080432108057 -0.194514 -0.030845 -0.027959 
0.809908152 0.0813709797147 -0.208767 -0.030847 -0.017981 
0.819777966 0.0824004139508 -0.194078 -0.031229 -0.027832 
0.83010006 0.0834837739161 -0.180473 -0.03863 -0.027896 
0.839967013 0.0844378066327 -0.208514 -0.032524 -0.01822 
0.849843025 0.0853927152613 -0.201993 -0.028055 -0.027962 
0.85968709 0.0863445349441 -0.223173 -0.025647 -0.018776 
0.869997978 0.0873754063168 -0.223173 -0.025647 -0.018776 
0.879873991 0.0883856515512 -0.194873 -0.025368 -0.018419 
0.889747143 0.0893776834672 -0.237482 -0.027779 -0.009283 
0.900078058 0.090415710371 -0.210197 -0.027742 -0.019644 
0.909929991 0.09140561025 -0.231686 -0.025788 -0.010704 
0.919842005 0.0923867237692 -0.252912 -0.031723 -0.001693 
0.929665089 0.0933476710812 -0.217717 -0.010841 -0.021859 
0.940005064 0.0943639701623 -0.239399 -0.023729 -0.001773 
0.949872017 0.0953363260706 -0.246594 -0.021491 -0.012908 
0.959764958 0.0963112430113 -0.232675 -0.020376 -0.002453 
0.970093966 0.0973307224514 -0.28291 -0.012103 0.005692 
0.979970932 0.0983078549316 -0.240221 -0.018874 -0.003738 
0.989824057 0.099295426991 -0.268606 -0.027778 0.005826 
1.000112057 0.100326586278 -0.240408 -0.011261 0.005372 
1.010050059 0.101322665501 -0.261447 -0.024809 0.005272 
1.01989913 0.102308951103 -0.290192 -0.01849 0.004478 
1.029760122 0.103296006637 -0.261624 -0.018039 0.015179 
1.04006505 0.104329159208 -0.29007 -0.010424 0.013835 
1.04995513 0.105320719904 -0.290086 -0.012273 0.003253 
1.05984211 0.106311969799 -0.275427 -0.01915 0.003808 
1.069652081 0.107323452966 -0.311129 -0.016916 0.01263 
1.079957962 0.108392247418 -0.24657 -0.011189 0.01365 
1.089849949 0.109374378116 -0.275016 -0.003574 0.012306 
1.099766016 0.110358899608 -0.303331 -0.015447 0.021265 
1.110017061 0.111376679553 -0.261032 -0.013489 0.011883 
1.119938135 0.112455381606 -0.331914 -0.00078 0.019731 
1.129848004 0.113497753582 -0.275346 -0.006717 0.030852 
1.139775038 0.114466319095 -0.289316 -0.007271 0.029698 
1.150047064 0.115468544949 -0.282896 0.00369 0.039043 
1.15991807 0.116431643895 -0.275519 0.000171 0.018487 
1.169809103 0.117392182185 -0.325348 0.001565 0.037166 
1.180042982 0.118397135825 -0.28311 0.010296 0.036775 
1.18994093 0.119399080518 -0.304027 0.004815 0.046032 
1.199851036 0.120402255936 -0.332605 0.010577 0.035022 
1.209700108 0.121399253033 -0.282736 -0.00028 0.026144 
1.220004082 0.122410189734 -0.346611 0.000837 0.034488 
1.22991395 0.123380426854 -0.317956 0.009913 0.035268 
1.239782095 0.124381623263 -0.31074 0.015012 0.0352 
1.250087977 0.125427231333 -0.30387 0.010471 0.035506 
1.259966135 0.126429443634 -0.289561 0.002859 0.045912 
1.269860029 0.127401365472 -0.33223 0.016967 0.04414 
1.279740095 0.128366569924 -0.3035 0.008799 0.034351 
1.290056944 0.129379444905 -0.323874 0.004503 0.034921 
1.29995513 0.130351216902 -0.345794 0.014904 0.054006 
1.309785128 0.131316294421 -0.302755 0.008869 0.034725 
1.320094109 0.132383085604 -0.352108 0.01016 0.043435 
1.329970122 0.133434494214 -0.295763 0.012394 0.044388 
1.339862108 0.134410201565 -0.303079 0.023532 0.043645 
1.349763155 0.135386802658 -0.353537 0.024861 0.061035 
1.360003948 0.136396914987 -0.296458 0.011042 0.041817 
1.369930983 0.137359563055 -0.317846 0.006504 0.031669 
1.379780054 0.13832160719 -0.332459 0.021724 0.031289 
1.39004612 0.139358041902 -0.325142 0.010586 0.032032 
1.399883986 0.140351246682 -0.361017 0.02043 0.021384 
1.409810066 0.141353357311 -0.318302 0.014666 0.023332 
1.419661999 0.14239915389 -0.35377 0.017631 0.023218 
1.429971934 0.14348655873 -0.361102 0.012527 0.024202 
1.439882994 0.144491260237 -0.35386 0.018632 0.035513 
1.449728966 0.14548936366 -0.389425 0.02893 0.025112 
1.459990025 0.146529545178 -0.339703 0.011574 0.027556 
1.469892025 0.147429246138 -0.389125 0.021204 0.037357 
1.479808092 0.148355145853 -0.381778 0.01656 0.027693 
1.490117073 0.149374528954 -0.395408 0.008562 0.028688 
1.499964953 0.150348316999 -0.402988 0.027589 0.027874 
1.509869099 0.151327668795 -0.360157 0.021829 0.028907 
1.519736052 0.152303342835 -0.39516 0.01579 0.037926 
1.530051947 0.153338956111 -0.366542 0.024703 0.02653 
1.539914131 0.154371715261 -0.387859 0.028792 0.035041 
1.549791098 0.155406022474 -0.395105 0.031592 0.033206 
1.560099125 0.156485469907 -0.360043 0.030136 0.0223 
1.569968939 0.157519028064 -0.403215 0.04334 0.019119 
1.579864025 0.158519608361 -0.389058 0.03556 0.018266 
1.589704991 0.159486874088 -0.367777 0.048274 0.01733 
1.600041151 0.16050281229 -0.404316 0.033751 0.025426 
1.609869957 0.161468882814 -0.362337 0.036098 0.015001 
1.619784117 0.162443342758 -0.398019 0.045669 0.012619 
1.630089045 0.163456573608 -0.356034 0.056078 0.012467 
1.639946938 0.164426596356 -0.391438 0.042642 0.00099 
1.649845123 0.165400583861 -0.384675 0.046277 -0.009788 
1.659702063 0.166370512833 -0.384989 0.054728 -0.000558 
1.669999123 0.167383749884 -0.442449 0.068489 -0.013039 
1.679892063 0.168369196938 -0.421934 0.05683 -0.022895 
1.689757109 0.169385118453 -0.407954 0.065564 -0.03374 
1.700084925 0.170448696917 -0.444053 0.051498 -0.054892 
1.709933043 0.171462875154 -0.437329 0.064597 -0.075471 
1.719912052 0.172490532799 -0.466384 0.070461 -0.076512 
1.72974205 0.173469970079 -0.459477 0.075107 -0.076826 
1.740080118 0.174468919604 -0.488045 0.074656 -0.087527 
1.749938965 0.175421562837 -0.481322 0.078009 -0.088208 
1.759828091 0.176377131878 -0.49589 0.079237 -0.108647 
1.770138979 0.177373455047 -0.538595 0.084158 -0.109799 
1.779994965 0.178328123181 -0.510018 0.06143 -0.118538 
1.789891958 0.179327757662 -0.552712 0.060139 -0.119379 
1.799767018 0.180325176826 -0.58847 0.069987 -0.130943 
1.810117006 0.18137056555 -0.553198 0.076199 -0.129618 
1.819972992 0.182366058166 -0.574034 0.071282 -0.140555 
1.82982707 0.183358319085 -0.58839 0.070551 -0.151137 
1.840145111 0.184384351777 -0.631065 0.076597 -0.163181 
1.85001111 0.185365433119 -0.631308 0.091824 -0.174456 
1.859899998 0.186348790559 -0.617354 0.08516 -0.18437 
1.869754076 0.187328686469 -0.659887 0.07525 -0.205701 
1.880082131 0.188358683386 -0.639555 0.072043 -0.235821 
1.889940977 0.189350897058 -0.675612 0.075225 -0.247321 
1.899821043 0.190345246352 -0.726309 0.092622 -0.27058 
1.91012311 0.191382066658 -0.712492 0.070672 -0.30092 
1.919968128 0.192372888653 -0.784135 0.091208 -0.323927 
1.929893017 0.193371749022 -0.749822 0.113702 -0.345144 
1.939762116 0.194360056114 -0.821111 0.110954 -0.368065 
1.950021982 0.195385396089 -0.829439 0.09061 -0.409237 
1.95995903 0.19637847461 -0.858504 0.090096 -0.450722 
1.969762087 0.197358162476 -0.90883 0.108393 -0.443077 
1.980098963 0.198396429108 -0.916416 0.112138 -0.493811 
1.989951134 0.199397844232 -0.973775 0.109662 -0.505482 
1.99982214 0.200401173823 -0.959745 0.117836 -0.525628 
2.009707928 0.201406005918 -0.967007 0.114138 -0.545634 
2.019989014 0.202451017724 -1.009919 0.112113 -0.566121 
2.029888153 0.203442641946 -1.023995 0.110712 -0.565563 
2.039782047 0.204407292868 -1.073865 0.104603 -0.576434 
2.050094128 0.205412716865 -1.073921 0.112218 -0.596818 
2.059947014 0.206373369522 -1.116834 0.110193 -0.617305 
2.069797993 0.207333836248 -1.152703 0.128099 -0.61768 
2.079705 0.208311961252 -1.152703 0.111133 -0.637429 
2.090023995 0.209392528381 -1.202554 0.112361 -0.659503 
2.099915981 0.210428380701 -1.202604 0.128038 -0.669615 
2.109781027 0.211461411963 -1.21732 0.110448 -0.690892 
2.120078087 0.212539682139 -1.275045 0.115133 -0.723193 
2.129981041 0.213548445576 -1.27573 0.122682 -0.744867 
2.139835119 0.214507789274 -1.354457 0.123006 -0.777888 
2.149671078 0.215465368996 -1.391033 0.133181 -0.821278 
2.159994126 0.216470369264 -1.427552 0.135742 -0.844284 
2.169876099 0.217432428679 -1.471952 0.133697 -0.88779 
2.179767132 0.218413116535 -1.479792 0.143766 -0.930696 
2.190084934 0.219487410947 -1.551497 0.14874 -0.964947 
2.199962139 0.220515830191 -1.580508 0.155005 -0.998356 
2.209814072 0.221541618102 -1.630525 0.15679 -1.010214 
2.219685078 0.222569391903 -1.658779 0.162282 -1.042453 
2.229999066 0.223594013834 -1.67312 0.160827 -1.074511 
2.239880085 0.224528651633 -1.730414 0.174032 -1.097208 
2.249737978 0.225461101961 -1.766213 0.166633 -1.118424 
2.260061979 0.226437641078 -1.808969 0.164895 -1.149923 
2.269941092 0.22737209859 -1.865741 0.176595 -1.162516 
2.279827118 0.228322506454 -1.901996 0.186382 -1.204863 
2.289654017 0.229306250103 -1.943692 0.183483 -1.205571 
2.299987078 0.230340664228 -1.986195 0.180068 -1.237309 
2.309870005 0.231330016685 -2.022 0.191319 -1.268946 
2.319720984 0.232316170915 -2.078857 0.20414 -1.291517 
2.330049038 0.233349972206 -2.107112 0.209632 -1.323756 
2.339960098 0.234341731017 -2.163695 0.21372 -1.34546 
2.34986496 0.235332869621 -2.213515 0.221443 -1.377941 
2.359717131 0.236318735654 -2.234747 0.217192 -1.399101 
2.370023012 0.237350002571 -2.29812 0.216639 -1.421406 
2.379892111 0.238336422626 -2.319316 0.226944 -1.442701 
2.389786005 0.239322245849 -2.361747 0.232878 -1.462885 
2.400113106 0.240351233626 -2.447011 0.226884 -1.496746 
2.409969092 0.241333279712 -2.467582 0.246159 -1.507275 
2.419806004 0.242313425274 -2.489041 0.264353 -1.528641 
2.429650068 0.243296837463 -2.530611 0.260616 -1.529468 
2.440029144 0.244372091824 -2.564812 0.262147 -1.519103 
2.449914932 0.245396242401 -2.592102 0.259418 -1.51853 
2.459793091 0.246419602626 -2.604607 0.248974 -1.517519 
2.470104933 0.247487891661 -2.59667 0.251335 -1.476149 
2.480005026 0.248490109638 -2.503472 0.232256 -1.393665 
2.489875078 0.249442935117 -2.394249 0.231465 -1.25036 
2.49972415 0.250393735249 -2.307099 0.22394 -1.118978 
2.510034085 0.251389025724 -2.206032 0.219333 -1.029584 
2.519911051 0.25234251866 -2.119538 0.213262 -0.970417 
2.529788971 0.253299938346 -2.082568 0.216814 -0.929112 
2.540043116 0.254333928731 -2.080985 0.20765 -0.934967 
2.549983025 0.255336232709 -2.136832 0.204349 -0.951402 
2.559844017 0.256330578987 -1.98529 0.18354 -0.835162 
2.569726944 0.25735258322 -1.833859 0.162894 -0.648673 
2.580012083 0.258445874566 -1.710268 0.14182 -0.535536 
2.589890957 0.259340828752 -1.636107 0.124117 -0.475313 
2.599812985 0.26032238732 -1.540569 0.109944 -0.444901 
2.610136986 0.261352601851 -1.438723 0.108697 -0.387337 
2.620008946 0.262337707978 -1.331319 0.093476 -0.280575 
2.629869938 0.263329982342 -1.196071 0.078801 -0.122732 
2.639785052 0.264407179889 -1.082087 0.060553 -0.027599 
2.65003109 0.265428422452 -1.131366 0.064043 -0.160859 
2.65988493 0.266410573876 -1.223326 0.075263 -0.336335 
2.669742108 0.267393058005 -1.310149 0.103529 -0.476775 
2.680042982 0.268443057093 -1.398884 0.120897 -0.520958 
2.689914942 0.269507487318 -1.452565 0.126826 -0.511606 
2.699886084 0.270476657485 -1.497563 0.14493 -0.480409 
2.710140944 0.271473404336 -1.505808 0.161206 -0.435141 
2.72003007 0.272434602753 -1.491312 0.181988 -0.418816 
2.729897976 0.273391364282 -1.511444 0.181506 -0.411692 
2.739782095 0.274339313976 -1.517736 0.182298 -0.381023 
2.75011015 0.275365716521 -1.495626 0.184819 -0.336541 
2.759961128 0.276347538149 -1.480623 0.176638 -0.24885 
2.769864083 0.277334540191 -1.428244 0.173024 -0.16838 
2.77975893 0.278386307501 -1.404986 0.169338 -0.097822 
2.790014982 0.279543664275 -1.359929 0.147186 -0.055706 
2.799896002 0.280479630582 -1.357705 0.145188 -0.026932 
2.809726954 0.281410854265 -1.327836 0.137749 -0.018058 
2.81999898 0.282383858089 -1.34082 0.128011 0.008089 
2.829977989 0.283375162138 -1.362212 0.121503 -0.018949 
2.839846134 0.284429791416 -1.397498 0.114164 -0.03796 
2.850147009 0.285449606245 -1.447429 0.122723 -0.0989 
2.860008002 0.28640478713 -1.511395 0.132014 -0.130218 
2.869894982 0.287362485235 -1.539016 0.128666 -0.170645 
2.879771948 0.288325922361 -1.581438 0.125815 -0.222577 
2.890090943 0.289400635218 -1.62989 0.110496 -0.244255 
2.900000096 0.290398790445 -1.651117 0.111733 -0.287201 
2.909806967 0.291382871267 -1.650925 0.126576 -0.298348 
2.919738054 0.292379416674 -1.706941 0.115167 -0.330006 
2.929996014 0.293403793989 -1.719826 0.121631 -0.340947 
2.939933062 0.294371580822 -1.761528 0.110671 -0.351927 
2.949764967 0.295332671209 -1.760616 0.110184 -0.361769 
2.960091114 0.296351845636 -1.759926 0.09373 -0.349572 
2.969949961 0.297324898289 -1.808757 0.086296 -0.370405 
2.979840994 0.298301722493 -1.779748 0.087203 -0.388953 
2.99013114 0.299319849135 -1.799823 0.089574 -0.388447 
3.000041008 0.300310474317 -1.835139 0.1071 -0.389611 
3.009889126 0.301299052544 -1.834749 0.098372 -0.389659 
3.019734144 0.302287319585 -1.855935 0.092719 -0.390745 
3.030051947 0.303325554736 -1.877187 0.085778 -0.393113 
3.039971113 0.304333878323 -1.883856 0.089203 -0.384357 
3.049838066 0.30532117245 -1.905198 0.097657 -0.38674 
3.060178995 0.306351500114 -1.90411 0.089679 -0.399385 
3.070054054 0.307335410406 -1.91844 0.094602 -0.390999 
3.079926014 0.308325095665 -1.924882 0.089975 -0.394347 
3.089771986 0.309360856187 -1.960185 0.091661 -0.397573 
3.10009408 0.310393073468 -1.952681 0.118664 -0.410809 
3.109957934 0.311378052963 -1.994763 0.114867 -0.413841 
3.119837046 0.312364556083 -2.023155 0.112295 -0.426858 
3.129709006 0.313376010799 -2.022943 0.11936 -0.429796 
3.140026093 0.314527428827 -2.037067 0.108893 -0.42231 
3.149908066 0.315492824576 -2.022758 0.115674 -0.424213 
3.159775973 0.316456846181 -2.036338 0.106392 -0.425415 
3.170107126 0.317466123497 -2.056941 0.106853 -0.437697 
3.1799891 0.318424654738 -2.070886 0.121699 -0.439781 
3.189867974 0.319367022028 -2.063301 0.125126 -0.441003 
3.199758053 0.320366432322 -2.077402 0.139685 -0.432075 
3.209996939 0.321407805664 -2.09081 0.137908 -0.433221 
3.219902992 0.322415327335 -2.125731 0.154768 -0.424161 
3.229789972 0.323407097575 -2.110773 0.137592 -0.443418 
3.240092039 0.324396046949 -2.117405 0.14118 -0.422487 
3.249987126 0.325397012694 -2.109307 0.144668 -0.421505 
3.259896994 0.326405760622 -2.094364 0.128216 -0.419286 
3.27017498 0.327451980116 -2.114995 0.145241 -0.408029 
3.280060053 0.328430344919 -2.114574 0.128614 -0.406175 
3.289922953 0.329370483845 -2.099377 0.137197 -0.404345 
3.299786091 0.330339548991 -2.106221 0.148114 -0.392787 
3.310132981 0.3313616507 -2.141101 0.150862 -0.381514 
3.319962979 0.332332692023 -2.16191 0.15232 -0.380586 
3.329855919 0.333314457271 -2.168517 0.154342 -0.380335 
3.339709044 0.334413275931 -2.167904 0.152558 -0.389628 
3.350044012 0.335426591361 -2.182091 0.142247 -0.397632 
3.359897137 0.336390708825 -2.188247 0.128767 -0.40642 
3.369754076 0.337355199484 -2.216504 0.151106 -0.396639 
3.379989147 0.338355633151 -2.209263 0.145615 -0.404591 
3.389932156 0.339324959326 -2.272665 0.14651 -0.383945 
3.399806977 0.340315798928 -2.264993 0.14954 -0.382294 
3.409680128 0.341309555179 -2.221699 0.159517 -0.389168 
3.419975996 0.342345858906 -2.285411 0.142992 -0.388518 
3.429835081 0.343359607719 -2.248578 0.131981 -0.374742 
3.439753056 0.344462993708 -2.248206 0.147997 -0.363251 
3.450055123 0.345503429453 -2.297498 0.130918 -0.382795 
3.45993805 0.346501535028 -2.268458 0.125778 -0.360279 
3.46983695 0.347501253764 -2.303292 0.151263 -0.36114 
3.479705095 0.348447498483 -2.245934 0.136773 -0.369218 
3.49001503 0.349391360391 -2.287088 0.125314 -0.358715 
3.499930144 0.350365341962 -2.272336 0.140494 -0.357322 
3.509722948 0.351327308775 -2.285626 0.139444 -0.366487 
3.520091057 0.352345788955 -2.306568 0.133679 -0.375712 
3.529986143 0.353317803134 -2.305772 0.133187 -0.384639 
3.53986311 0.354288037448 -2.361818 0.13762 -0.385656 
3.549751997 0.355317879183 -2.333118 0.138073 -0.40445 
3.560054064 0.356401601966 -2.403768 0.124802 -0.405387 
3.569947005 0.357442286865 -2.382089 0.137571 -0.403203 
3.579796076 0.358478356873 -2.360555 0.117249 -0.411817 
3.590050936 0.359543583314 -2.39502 0.126669 -0.401524 
3.599930048 0.360514922192 -2.38752 0.122193 -0.399928 
3.609812975 0.361486636171 -2.379791 0.127353 -0.397791 
3.61965704 0.362454529141 -2.415209 0.120011 -0.387307 
3.629966974 0.363468227511 -2.393394 0.12573 -0.384932 
3.639864922 0.364441418391 -2.413728 0.127085 -0.393973 
3.649745941 0.365413391282 -2.413185 0.118525 -0.382763 
3.66012311 0.366434250618 -2.412758 0.10996 -0.370637 
3.669994116 0.367405315908 -2.426788 0.116902 -0.369903 
3.679847956 0.368374692484 -2.426388 0.107331 -0.369156 
3.689670086 0.369340949573 -2.425759 0.107396 -0.367867 
3.699996948 0.370393054955 -2.461075 0.124923 -0.36903 
3.709944964 0.371415597122 -2.432441 0.109695 -0.376797 
3.719800949 0.372428679557 -2.474557 0.1144 -0.366563 
3.730140925 0.373491510725 -2.480638 0.110387 -0.386069 
3.739979983 0.374484451972 -2.501883 0.11223 -0.385267 
3.749839068 0.375437279117 -2.465688 0.117112 -0.39299 
3.759710074 0.376391258362 -2.522591 0.107196 -0.403427 
3.770020008 0.37738765762 -2.515441 0.101984 -0.391981 
3.779902935 0.378342788965 -2.486619 0.110504 -0.401419 
3.789777041 0.379297067808 -2.521637 0.105188 -0.370924 
3.800114155 0.380324536624 -2.514045 0.117399 -0.368977 
3.809998036 0.381321811631 -2.513968 0.117844 -0.3669 
3.819813967 0.382312230543 -2.513821 0.10995 -0.365913 
3.82962203 0.38330185558 -2.477403 0.106661 -0.363467 
3.839965105 0.384345462863 -2.533622 0.103588 -0.36454 
3.849848032 0.385335554295 -2.497695 0.125264 -0.362857 
3.859727144 0.386323263475 -2.49697 0.10103 -0.371029 
3.870129109 0.387363247262 -2.525736 0.114404 -0.37293 
3.879976034 0.3883477384 -2.53216 0.117718 -0.372312 
3.889785052 0.389328439613 -2.532403 0.118552 -0.371277 
3.899717093 0.39032902291 -2.567659 0.119558 -0.361533 
3.910011053 0.391367766473 -2.539152 0.105169 -0.36918 
3.919955969 0.392371288681 -2.59573 0.117319 -0.380612 
3.929749966 0.393359581946 -2.567284 0.109704 -0.379268 
3.940089941 0.394402968793 -2.580356 0.109387 -0.368789 
3.949957133 0.39539372188 -2.588574 0.120169 -0.358894 
3.95982194 0.396371872563 -2.560311 0.105892 -0.358402 
3.969720125 0.39735333286 -2.588614 0.119887 -0.348797 
3.980013132 0.398373941964 -2.560295 0.11311 -0.347334 
3.98989296 0.399353582062 -2.602716 0.103087 -0.347308 
3.999797106 0.400362177161 -2.595408 0.130243 -0.346539 
4.010102034 0.401414082829 -2.580455 0.107578 -0.34401 
4.019958019 0.402420161327 -2.637093 0.112108 -0.334141 
4.029875994 0.403432567635 -2.601648 0.125825 -0.332761 
4.039730072 0.40443845147 -2.643263 0.099352 -0.321454 
4.050122023 0.405452378902 -2.6007 0.108535 -0.350178 
4.05995512 0.406406828712 -2.622335 0.119105 -0.349328 
4.069777012 0.407360190908 -2.643348 0.106564 -0.338049 
4.080111027 0.408363262337 -2.622192 0.111092 -0.32607 
4.089905024 0.409313916904 -2.636085 0.110983 -0.325146 
4.099880934 0.410344536966 -2.657381 0.113387 -0.315044 
4.109712124 0.411375797533 -2.635984 0.109861 -0.343748 
4.120033026 0.412458427331 -2.706981 0.098427 -0.302777 
4.129915953 0.413495114945 -2.65017 0.116517 -0.332002 
4.13975215 0.414526762811 -2.699811 0.110298 -0.322433 
4.150104046 0.415533850932 -2.685552 0.118362 -0.322139 
4.159948111 0.416491534522 -2.692144 0.105265 -0.331054 
4.169857025 0.417455526972 -2.699461 0.10201 -0.319488 
4.179731131 0.418416133112 -2.664046 0.114603 -0.307215 
4.189990044 0.419414175347 -2.699824 0.117114 -0.307575 
4.199939966 0.42044069554 -2.663899 0.106708 -0.306228 
4.209774971 0.421465622816 -2.671103 0.127478 -0.305514 
4.220068932 0.422538378895 -2.705801 0.104807 -0.293726 
4.229985953 0.423571853237 -2.691927 0.112694 -0.30286 
4.239840985 0.424591805835 -2.691627 0.104967 -0.290614 
4.249758005 0.425526479989 -2.677023 0.113648 -0.277898 
4.260051966 0.426496680643 -2.698274 0.107429 -0.28737 
4.269963026 0.427430793071 -2.719402 0.094882 -0.275175 
4.279814005 0.428359242894 -2.676681 0.112295 -0.282367 
4.290073157 0.429326162818 -2.739627 0.088784 -0.280237 
4.300008059 0.430316010158 -2.739981 0.112068 -0.280323 
4.309885025 0.431307444693 -2.710819 0.113143 -0.287611 
4.320132017 0.432336021864 -2.738693 0.087333 -0.295591 
4.330013991 0.433327959094 -2.731466 0.106705 -0.314276 
4.339910984 0.434321403908 -2.810055 0.098175 -0.294664 
4.349818945 0.435317420578 -2.788398 0.118 -0.293585 
4.360103131 0.436351536839 -2.788037 0.1035 -0.29033 
4.370017052 0.437348421466 -2.830265 0.08418 -0.269244 
4.379846096 0.43833677137 -2.753256 0.108687 -0.296723 
4.389667034 0.439324306182 -2.788232 0.09463 -0.26353 
4.40002513 0.440356299032 -2.788078 0.109913 -0.271683 
4.409887076 0.44133443722 -2.773672 0.078723 -0.277842 
4.419772148 0.442314869115 -2.822724 0.104369 -0.256551 
4.430114031 0.443340608934 -2.801386 0.093224 -0.263954 
4.439970017 0.44431815599 -2.836626 0.111194 -0.26304 
4.449871063 0.445300172237 -2.829699 0.082794 -0.269203 
4.459752083 0.446315131199 -2.857966 0.089732 -0.28707 
4.470037937 0.447397807357 -2.856956 0.089855 -0.254082 
4.479908943 0.448436817132 -2.86452 0.108881 -0.283475 
4.489768982 0.449474672535 -2.906607 0.08335 -0.291574 
4.500121117 0.450475705912 -2.927095 0.101386 -0.269854 
4.509999991 0.45142936817 -2.876338 0.075364 -0.294748 
4.519880057 0.452383145499 -2.969247 0.090405 -0.305751 
4.529695988 0.453330731521 -2.919254 0.088336 -0.312375 
4.539974928 0.454323014359 -2.969188 0.115594 -0.292134 
4.549911022 0.455316409325 -2.953845 0.08235 -0.328815 
4.559790135 0.45631101858 -2.9683 0.1058 -0.307664 
4.570163012 0.457355339003 -2.961257 0.077404 -0.314742 
4.580003023 0.458346011548 -2.975797 0.101974 -0.303568 
4.589792967 0.459433896908 -2.989275 0.077177 -0.311063 
4.599760056 0.46034944221 -3.017811 0.091163 -0.299626 
4.610058069 0.461330681301 -2.989024 0.076103 -0.296134 
4.619931936 0.462321629697 -3.046012 0.089643 -0.296313 
4.629785061 0.46331049641 -2.9608 0.077381 -0.312062 
4.640080929 0.464343797129 -3.032324 0.091471 -0.291131 
4.649955034 0.465427247184 -2.994963 0.079796 -0.296626 
4.659790039 0.466412368737 -3.023814 0.095012 -0.315608 
4.669657946 0.467387210661 -3.037483 0.077708 -0.291721 
4.679985047 0.468407415959 -3.058414 0.080846 -0.320048 
4.689841032 0.469381080118 -3.064964 0.075974 -0.306517 
4.699725151 0.470497271274 -3.09343 0.074401 -0.335819 
4.710047007 0.47150789453 -3.107109 0.073055 -0.332141 
4.719924927 0.472462469154 -3.149362 0.094556 -0.341996 
4.729788065 0.473415615287 -3.135006 0.079043 -0.358267 
4.739676953 0.474371249827 -3.198799 0.088666 -0.337572 
4.750015974 0.475366553327 -3.17705 0.076852 -0.363331 
4.759902001 0.476343164028 -3.183752 0.08878 -0.341309 
4.769736052 0.477327908267 -3.219529 0.075046 -0.368523 
4.780086041 0.478364316562 -3.155896 0.082706 -0.343288 
4.789927006 0.47937538167 -3.198589 0.082137 -0.351233 
4.799840927 0.480502205985 -3.22633 0.078665 -0.368473 
4.809658051 0.481463758711 -3.190357 0.077325 -0.374054 
4.819977045 0.482437359885 -3.253992 0.078212 -0.351577 
4.829869032 0.483370672778 -3.246603 0.074572 -0.378441 
4.839779139 0.484323669839 -3.246226 0.06729 -0.364118 
4.85010314 0.485431707862 -3.267405 0.085536 -0.381448 
4.859943152 0.486434072479 -3.259692 0.057487 -0.397334 
4.869894982 0.487401979742 -3.281833 0.07678 -0.39552 
4.879776001 0.488362999982 -3.259618 0.072928 -0.392397 
4.890049935 0.489362234831 -3.315572 0.062688 -0.400502 
4.899917126 0.490385357101 -3.316144 0.070845 -0.407924 
4.909742117 0.491380694534 -3.337245 0.07442 -0.403763 
4.920042992 0.492405052034 -3.350464 0.065753 -0.421123 
4.929911137 0.493386377246 -3.356984 0.067376 -0.417999 
4.939806938 0.494370452674 -3.364568 0.064671 -0.42388 
4.949681044 0.495340161337 -3.399569 0.074468 -0.441377 
4.959946156 0.496345525529 -3.406098 0.062541 -0.426739 
4.96984911 0.497326154295 -3.377827 0.072162 -0.442492 
4.979737997 0.498305609729 -3.405792 0.061747 -0.450487 
4.99000001 0.499322021829 -3.434413 0.06246 -0.436719 
4.999844074 0.500304289423 -3.448514 0.060775 -0.454643 
5.009745121 0.501293212061 -3.427023 0.049797 -0.450788 
5.019616127 0.502280378019 -3.476638 0.0597 -0.449253 
5.029921055 0.503310939051 -3.455061 0.057347 -0.455319 
5.039827109 0.504301610041 -3.4619 0.069105 -0.473136 
5.049672127 0.505279914569 -3.47596 0.060528 -0.4492 
5.06002307 0.506313567316 -3.51116 0.061815 -0.478132 
5.06994915 0.507311483233 -3.482281 0.063442 -0.474289 
5.079818964 0.508303742463 -3.518581 0.072827 -0.484267 
5.089668989 0.50929401221 -3.5394 0.060735 -0.471826 
5.099986077 0.510352375273 -3.532072 0.063869 -0.4897 
5.10986495 0.511349425151 -3.567327 0.065598 -0.487059 
5.119733095 0.512333964932 -3.624391 0.062449 -0.516169 
5.130062103 0.513364484778 -3.595695 0.062784 -0.512692 
5.139917135 0.514347716281 -3.609197 0.054668 -0.51892 
5.149800062 0.515481193389 -3.659374 0.071164 -0.516907 
5.15970397 0.516469115579 -3.644841 0.056101 -0.503436 
5.169970036 0.517467195165 -3.645063 0.064995 -0.520708 
5.179842949 0.518427051932 -3.623355 0.037784 -0.516957 
5.189718962 0.519387210084 -3.638119 0.06078 -0.496053 
5.200021982 0.520389032029 -3.64586 0.057066 -0.483818 
5.20994997 0.521379851849 -3.611126 0.062933 -0.503181 
5.219880104 0.522387481659 -3.632539 0.065332 -0.492163 
5.22973609 0.523387587529 -3.654129 0.052165 -0.491474 
5.240011931 0.524428192386 -3.689648 0.061061 -0.481801 
5.24987793 0.525387425653 -3.689424 0.053612 -0.478737 
5.25970912 0.526364585473 -3.682533 0.05713 -0.496738 
5.270031929 0.527412037121 -3.746128 0.041332 -0.504106 
5.27997613 0.528421071555 -3.746273 0.049948 -0.512196 
5.289834976 0.529413716813 -3.767183 0.05325 -0.49977 
5.300140143 0.530392836983 -3.753446 0.053795 -0.496785 
5.310013056 0.531351008382 -3.774417 0.05665 -0.515016 
5.319890022 0.53232640341 -3.788538 0.047627 -0.521737 
5.329743147 0.533299444031 -3.781017 0.051211 -0.538449 
5.340044022 0.534316701988 -3.795106 0.051256 -0.523519 
5.349936009 0.535389451229 -3.830177 0.069392 -0.539925 
5.359822035 0.536403891033 -3.843142 0.044655 -0.545215 
5.370124102 0.537418914116 -3.872524 0.04345 -0.542404 
5.379966974 0.538388694479 -3.851287 0.049264 -0.557722 
5.389873028 0.539364699922 -3.850581 0.049773 -0.554355 
5.399749041 0.540316111197 -3.843495 0.070708 -0.551444 
5.410046101 0.541337951172 -3.857904 0.054175 -0.557307 
5.419922114 0.542335473816 -3.872166 0.061108 -0.554742 
5.429805041 0.543333694806 -3.857709 0.046323 -0.550453 
5.440134049 0.544376972024 -3.878578 0.065022 -0.567536 
5.450011015 0.545482144395 -3.928274 0.057395 -0.565556 
5.459926129 0.546485435637 -3.929023 0.066952 -0.563557 
5.46974206 0.547469544423 -3.929038 0.050709 -0.561831 
5.480057955 0.548503777744 -3.936684 0.054056 -0.551618 
5.489928007 0.549475203515 -3.937525 0.061319 -0.562279 
5.499835015 0.550392968637 -3.945298 0.065504 -0.551946 
5.509698153 0.551351024106 -3.938401 0.061969 -0.540262 
5.519938946 0.552359679329 -3.952264 0.068355 -0.549745 
5.529854059 0.553336257072 -3.980912 0.051096 -0.567104 
5.539699078 0.554305930987 -3.987873 0.062008 -0.55463 
5.550003052 0.555320809151 -4.015694 0.067718 -0.571575 
5.559864998 0.556326883485 -4.016053 0.068547 -0.569624 
5.569782973 0.55736519283 -4.009221 0.064447 -0.566325 
5.580080033 0.558443188451 -4.024285 0.063809 -0.565106 
5.58991909 0.559473235898 -4.010366 0.064924 -0.554651 
5.599816084 0.560509348749 -3.98271 0.065862 -0.534108 
5.609692097 0.561490384428 -3.976087 0.07106 -0.52329 
5.620001078 0.562503517268 -3.976563 0.071162 -0.513321 
5.629912138 0.563477543737 -3.970296 0.067562 -0.502925 
5.639780045 0.564447329271 -3.984737 0.058206 -0.503586 
5.650089026 0.565460462111 -3.970975 0.059035 -0.482119 
5.659919024 0.566427770918 -3.978412 0.079073 -0.47247 
5.669850111 0.567406148399 -3.99972 0.065353 -0.482913 
5.679698944 0.56837642249 -3.993462 0.077711 -0.492727 
5.690052986 0.569396468082 -4.014687 0.072498 -0.490819 
5.699903965 0.57036695359 -4.049947 0.066165 -0.498451 
5.709771157 0.571363547286 -4.063986 0.064927 -0.485719 
5.720072985 0.572427318112 -4.071297 0.067882 -0.503042 
5.72994113 0.573446306661 -4.10673 0.054044 -0.510731 
5.739836931 0.574468150979 -4.113776 0.066076 -0.508234 
5.749732018 0.575489255777 -4.121016 0.077659 -0.506899 
5.76001215 0.576479551794 -4.135269 0.061413 -0.523774 
5.769886971 0.577430803771 -4.120963 0.068796 -0.510509 
5.779792071 0.578384972558 -4.135524 0.069062 -0.507881 
5.790106058 0.579378529862 -4.149284 0.076898 -0.503908 
5.799932003 0.580325073563 -4.170341 0.07185 -0.519321 
5.809780121 0.581291819243 -4.184318 0.078953 -0.534992 
5.819656134 0.582290436274 -4.226499 0.066848 -0.559996 
5.829944134 0.583330711537 -4.261403 0.070034 -0.574309 
5.839832068 0.584330533965 -4.289204 0.068689 -0.590148 
5.849694014 0.585327728606 -4.317268 0.075233 -0.606057 
5.859998942 0.586361659811 -4.330977 0.082508 -0.611385 
5.8698771 0.587345722088 -4.387305 0.071248 -0.628122 
5.879807949 0.588335033443 -4.373182 0.087085 -0.635122 
5.890074969 0.589357834159 -4.422502 0.081199 -0.631614 
5.899961949 0.590342775284 -4.457884 0.0668 -0.648603 
5.909883976 0.591337197497 -4.450525 0.079002 -0.644825 
5.919745922 0.592330418233 -4.500216 0.072215 -0.67222 
5.93009615 0.593372815046 -4.521151 0.075233 -0.678276 
5.939943075 0.594364522981 -4.542471 0.078075 -0.69376 
5.949844122 0.595361681675 -4.555642 0.068728 -0.69815 
5.959798098 0.596364170978 -4.577083 0.08047 -0.703242 
5.970040083 0.597388081092 -4.597815 0.083094 -0.70734 
5.979933024 0.598376515277 -4.611864 0.066454 -0.722256 
5.989701033 0.599352467122 -4.640171 0.073832 -0.73713 
6.000095129 0.600390973246 -4.646866 0.077577 -0.731689 
6.009946108 0.601385318519 -4.68276 0.063839 -0.757987 
6.019873142 0.60239178394 -4.667764 0.064514 -0.752423 
6.029762984 0.603394478602 -4.696189 0.071165 -0.759278 
6.040029049 0.604435317129 -4.710653 0.079213 -0.765776 
6.049905062 0.60543660972 -4.731989 0.065091 -0.77243 
6.05980897 0.60641958011 -4.746485 0.081038 -0.780829 
6.070090056 0.607422971886 -4.753739 0.076378 -0.777768 
6.079962969 0.608386527654 -4.754094 0.068303 -0.785294 
6.089810133 0.609347570425 -4.789445 0.062249 -0.773528 
6.100142956 0.61035601152 -4.797116 0.065312 -0.781798 
6.109987974 0.611350626281 -4.839454 0.063794 -0.769422 
6.119852066 0.612381521976 -4.833039 0.067416 -0.777453 
6.129709959 0.613411769813 -4.819069 0.06797 -0.776299 
6.14005208 0.614492624292 -4.841167 0.062803 -0.767543 
6.149913073 0.61552319611 -4.813456 0.06515 -0.73941 
6.159783125 0.61649998263 -4.779347 0.063177 -0.723273 
6.169696093 0.6174650828 -4.752459 0.065009 -0.697592 
6.179970026 0.618465325562 -4.697621 0.061014 -0.66219 
6.189852953 0.619427501021 -4.670383 0.053837 -0.62646 
6.199748039 0.620390860247 -4.643348 0.047775 -0.599792 
6.210055113 0.621435903255 -4.623031 0.044571 -0.601333 
6.219972134 0.622471286838 -4.602439 0.0496 -0.582258 
6.229815006 0.623498928917 -4.596009 0.054348 -0.572603 
6.240126133 0.624575459018 -4.590132 0.058754 -0.555055 
6.250010014 0.625607382629 -4.604934 0.049505 -0.546662 
6.259930134 0.62657098643 -4.555769 0.040711 -0.526849 
6.269674063 0.627492173947 -4.549806 0.053742 -0.519222 
6.280017138 0.62847000451 -4.550887 0.054064 -0.49206 
6.289899111 0.629404242657 -4.551567 0.05456 -0.484048 
6.299767971 0.630337241105 -4.538074 0.054494 -0.465821 
6.310109139 0.631347820575 -4.539301 0.046466 -0.466497 
6.319941044 0.63232710295 -4.553524 0.052958 -0.466926 
6.329867125 0.633315765492 -4.546734 0.057599 -0.466325 
6.339707136 0.634295855245 -4.554456 0.061223 -0.465293 
6.350003958 0.635321444519 -4.57563 0.055449 -0.472687 
6.359924078 0.636314929211 -4.597488 0.059797 -0.469696 
6.369750977 0.637302939875 -4.604311 0.063658 -0.457032 
6.380087137 0.638342152378 -4.590796 0.072374 -0.464215 
6.389960051 0.639334789457 -4.584052 0.068671 -0.463789 
6.399817944 0.640325916303 -4.606266 0.0635 -0.454117 
6.409690142 0.641313550953 -4.535714 0.059244 -0.424156 
6.419975996 0.642333868179 -4.558913 0.0712 -0.409241 
6.429917097 0.643319987232 -4.488782 0.066604 -0.400883 
6.439743042 0.644294683251 -4.525484 0.069723 -0.385093 
6.450083018 0.645320369172 -4.476243 0.075767 -0.375511 
6.459975958 0.646301710838 -4.46266 0.060307 -0.357269 
6.469800949 0.647299452446 -4.477435 0.067179 -0.356909 
6.479701996 0.648341200561 -4.45666 0.073501 -0.337468 
6.489998102 0.649424515187 -4.464825 0.068726 -0.339732 
6.499871969 0.650463403533 -4.472334 0.065021 -0.329329 
6.509741068 0.651444261952 -4.437346 0.071063 -0.309769 
6.520051956 0.652440201206 -4.437965 0.070155 -0.310262 
6.529947043 0.653395977815 -4.417043 0.068583 -0.289834 
6.539772988 0.654345075927 -4.438608 0.070814 -0.290076 
6.549706936 0.655304606159 -4.45997 0.072652 -0.288359 
6.559989929 0.656318609877 -4.425103 0.07135 -0.28526 
6.569894076 0.65731639025 -4.46769 0.076998 -0.294431 
6.579746962 0.6583090064 -4.4534 0.077163 -0.292235 
6.590067148 0.659348700079 -4.481921 0.076032 -0.289965 
6.599936009 0.660393856171 -4.517085 0.077481 -0.306722 
6.609813929 0.66138635762 -4.517043 0.068739 -0.304024 
6.620108128 0.662341732368 -4.53158 0.067438 -0.322076 
6.629994154 0.663328339843 -4.545589 0.067324 -0.320236 
6.639899016 0.664316827117 -4.552489 0.071463 -0.316753 
6.649771929 0.665302125938 -4.595025 0.076549 -0.335225 
6.660078049 0.666399056348 -4.594481 0.068711 -0.331118 
6.669975043 0.667420198428 -4.622591 0.066912 -0.347203 
6.679821015 0.668395297541 -4.672485 0.068462 -0.344012 
6.690108061 0.669414078565 -4.679293 0.07232 -0.359927 
6.699980021 0.670391751409 -4.721742 0.061894 -0.356113 
6.709866047 0.671458602928 -4.721812 0.053988 -0.381874 
6.719735146 0.672475247771 -4.70742 0.069997 -0.378531 
6.730061054 0.673480003693 -4.764479 0.059795 -0.377955 
6.739944935 0.674441748458 -4.735996 0.062088 -0.384336 
6.74979496 0.675400198887 -4.793045 0.051042 -0.382965 
6.76010108 0.676387024778 -4.736141 0.06168 -0.379631 
6.769959927 0.677338080535 -4.772364 0.056395 -0.368119 
6.779829025 0.678323541316 -4.757918 0.056847 -0.376936 
6.789766073 0.67931578712 -4.758546 0.057504 -0.385328 
6.800087929 0.680346457225 -4.786555 0.055711 -0.37375 
6.809958935 0.6814573073 -4.765704 0.060627 -0.391393 
6.819828034 0.682474209307 -4.787126 0.054845 -0.368376 
6.829731941 0.683418629886 -4.822549 0.049188 -0.388063 
6.839959145 0.684393879544 -4.829717 0.053153 -0.394924 
6.84987998 0.685339914349 -4.858066 0.059528 -0.392598 
6.859781981 0.686381821171 -4.865773 0.048034 -0.400732 
6.870114088 0.68745093736 -4.865356 0.055427 -0.408815 
6.879972935 0.68840320916 -4.873387 0.058597 -0.40803 
6.88982296 0.689354628837 -4.880627 0.055065 -0.387283 
6.900124073 0.690349619368 -4.894789 0.054783 -0.396702 
6.910001993 0.691356868993 -4.888527 0.043121 -0.396579 
6.919870138 0.692377858249 -4.853199 0.056834 -0.394283 
6.92978096 0.693370218168 -4.881553 0.055146 -0.40223 
6.940103054 0.694403758309 -4.91698 0.04937 -0.399645 
6.949959994 0.695390723082 -4.945597 0.055572 -0.407663 
6.959808111 0.696363388117 -4.938558 0.068163 -0.404928 
6.969706059 0.697330578951 -4.980907 0.050522 -0.413098 
6.979978085 0.698337698331 -4.988066 0.052923 -0.412058 
6.989812136 0.69930384017 -4.988831 0.060631 -0.420642 
6.999752999 0.700280475705 -5.017069 0.058948 -0.429504 
7.010055065 0.701300826531 -4.996121 0.056531 -0.436859 
7.019932985 0.702284823002 -5.017776 0.059764 -0.424807 
7.029811144 0.703259583149 -5.046476 0.057459 -0.445174 
7.039727926 0.70423815455 -5.039838 0.052909 -0.443037 
7.049979925 0.705249804601 -5.032951 0.065332 -0.451561 
7.059878111 0.706182361471 -4.98366 0.0557 -0.431868 
7.069734097 0.707057470691 -4.941376 0.05766 -0.412671 
7.080070973 0.707797066062 -4.885956 0.045386 -0.376155 
7.089937926 0.708503038811 -4.816302 0.066161 -0.343769 
7.09979105 0.709208022106 -4.74623 0.038227 -0.309865 
7.109682083 0.709798701344 -4.641382 0.038779 -0.285187 
