0.0 0.000486658144401 -0.109498 -0.003761 -0.017726 
0.010279894 0.00150015717851 -0.088328 4.4e-05 -0.027223 
0.020177842 0.0025257955194 -0.102455 -0.000797 -0.017364 
0.030019999 0.00355683977049 -0.095812 0.011738 -0.01775 
0.040358782 0.0046399095463 -0.095711 -0.004499 -0.016939 
0.050232888 0.00567430070934 -0.095711 -0.004499 -0.016939 
0.060079813 0.00670549845034 -0.131636 0.005906 -0.018285 
0.069983006 0.00768151950938 -0.088774 0.006641 -0.02766 
0.080316782 0.00869997719221 -0.110106 -0.005512 -0.017424 
0.090191842 0.0096732255697 -0.088546 0.006531 -0.00722 
0.100040913 0.0106439125701 -0.095411 0.002167 -0.017002 
0.110360861 0.0116610074179 -0.102941 0.005519 -0.007704 
0.12022996 0.0126273435787 -0.110384 0.017495 -0.008328 
0.13009286 0.0135927375015 -0.088642 0.013864 -0.017507 
0.140424967 0.0146040580368 -0.10356 0.004611 -0.008198 
0.15030098 0.0155707354777 -0.088728 0.005239 -0.007586 
0.160161972 0.0165359426429 -0.111145 0.015577 -0.019285 
0.170036793 0.0175452496639 -0.110796 0.006567 -0.009236 
0.180355788 0.0186090875521 -0.103849 0.011494 -0.019648 
0.190231801 0.0196272561639 -0.125724 0.013272 -0.020136 
0.200095892 0.0206441956757 -0.104595 0.011425 -0.020021 
0.210358859 0.0217022573513 -0.133218 0.025809 -0.011459 
0.220302821 0.0226599002718 -0.105045 0.026927 -0.010982 
0.230184794 0.0236110626998 -0.105091 0.018583 -0.011158 
0.240016938 0.024557428973 -0.105791 0.026857 -0.011356 
0.250356913 0.0255526751375 -0.098707 0.014988 -0.001678 
0.260227919 0.0265027819667 -0.099716 0.022808 -0.002123 
0.27012682 0.0274952974087 -0.113848 0.013906 -0.002537 
0.279951811 0.0284906934044 -0.078896 0.020506 -0.002255 
0.290311814 0.0295402928901 -0.100781 0.023127 -0.003539 
0.300196887 0.0305417759531 -0.071868 0.033218 0.006788 
0.310034991 0.0315385004616 -0.093398 0.044636 0.005926 
0.3203578 0.032571582798 -0.065104 0.036853 -0.00399 
0.330231905 0.0335568496207 -0.072578 0.042335 0.005794 
0.340139866 0.0345454946932 -0.079981 0.044848 0.014972 
0.349979878 0.0355273596174 -0.07271 0.025366 0.015539 
0.360321999 0.0365593264334 -0.11577 0.031236 -0.005934 
0.370206833 0.0375484576514 -0.080255 0.036614 -0.005645 
0.380042792 0.0385333861637 -0.072503 0.025092 -0.004774 
0.390358925 0.0395663971317 -0.072979 0.025194 0.005196 
0.400228978 0.0405547396631 -0.072817 0.033542 0.004456 
0.41010499 0.0415436789019 -0.080403 0.044508 -0.006631 
0.419962883 0.0425301547637 -0.05898 0.041266 -0.016853 
0.430281878 0.0435626302677 -0.080292 0.036451 -0.017819 
0.440192938 0.0445542895008 -0.09486 0.027933 -0.01836 
0.450065852 0.0455421320047 -0.073376 0.025138 0.002075 
0.460378886 0.0465740110759 -0.088457 0.031676 -0.020083 
0.470263958 0.0475758597606 -0.038466 0.028885 -0.019604 
0.480139971 0.0485791829429 -0.059691 0.032695 -0.030492 
0.490011931 0.0495820943731 -0.088635 0.047468 -0.022972 
0.500319958 0.0506293066897 -0.053293 0.045342 -0.022739 
0.510185004 0.0516315157134 -0.096008 0.051106 -0.024687 
0.520064831 0.0525956869239 -0.053203 0.04434 -0.035033 
0.530393839 0.0536009025693 -0.074322 0.039975 -0.034837 
0.540272952 0.0545623345819 -0.081152 0.035052 -0.025342 
0.550153971 0.0555239520857 -0.080747 0.028173 -0.014807 
0.55998683 0.0564808826743 -0.095076 0.042841 -0.02632 
0.570311785 0.0575439310674 -0.087942 0.030411 -0.025943 
0.580183983 0.0585792099023 -0.07382 0.040156 -0.026325 
0.590088845 0.0596179141496 -0.073734 0.039036 -0.016348 
0.600357771 0.0606947971036 -0.08025 0.025663 -0.016082 
0.610239983 0.0617303594602 -0.080311 0.042182 -0.02699 
0.620096922 0.0626928139103 -0.051445 0.026964 -0.036587 
0.629871846 0.0636472602249 -0.057813 0.022662 -0.015586 
0.64032197 0.0646676346381 -0.043956 0.023331 -0.035788 
0.650227786 0.0656348615521 -0.043377 0.023957 -0.025198 
0.660085917 0.0665974323918 -0.079343 0.03408 -0.016448 
0.670412779 0.0676607349821 -0.085986 0.021545 -0.016062 
0.680290938 0.0686883154211 -0.078593 0.025245 -0.025551 
0.690180779 0.0697171110859 -0.092715 0.0155 -0.025169 
0.700028897 0.0707415664948 -0.084916 0.012321 -0.024123 
0.710355998 0.0718098188505 -0.0773 0.00785 -0.023443 
0.720224858 0.0727424286392 -0.069811 0.004217 -0.022643 
0.730107785 0.0736763677629 -0.083897 0.003659 -0.022882 
0.740012885 0.0746124022407 -0.09777 0.010887 -0.033161 
0.750314951 0.0755859501069 -0.083268 0.003724 -0.021592 
0.760191918 0.0765193260091 -0.097497 0.002155 -0.032294 
0.770049811 0.0774974674133 -0.075901 0.006418 -0.042459 
0.780364991 0.0785282342332 -0.11102 0.000373 -0.032525 
0.790242911 0.0795153068955 -0.103638 0.004916 -0.042809 
0.80011797 0.0805020936662 -0.096412 0.009173 -0.04208 
0.810000897 0.0814896666639 -0.110371 0.007776 -0.042438 
0.820299864 0.0825245818652 -0.110245 0.006938 -0.042558 
0.830156804 0.0835169968305 -0.088816 0.011757 -0.042507 
0.840034962 0.0845115480632 -0.110427 0.005645 -0.042924 
0.85035491 0.085550579531 -0.074334 0.01165 -0.032045 
0.860231877 0.0865450108517 -0.109875 0.005266 -0.043712 
0.870118857 0.0875318192793 -0.109439 0.004881 -0.043585 
0.88040495 0.0885555313377 -0.130893 0.016022 -0.035266 
0.890319825 0.0895422983343 -0.102426 0.032711 -0.025376 
0.900170804 0.0905227061519 -0.116021 0.007187 -0.024852 
0.910031796 0.0915041105023 -0.116604 0.015465 -0.025966 
0.920352936 0.0925595728051 -0.081085 0.011939 -0.035153 
0.930224896 0.0935790275189 -0.109298 0.01054 -0.025533 
0.940100909 0.0945989007767 -0.137617 0.017317 -0.026996 
0.95043397 0.0956659723353 -0.11622 -0.001324 -0.036287 
0.960309983 0.0966858455932 -0.123101 0.009429 -0.036903 
0.970180989 0.0976428389286 -0.109101 0.001363 -0.026743 
0.980035782 0.0985926578918 -0.115891 -0.003278 -0.027345 
0.990371943 0.0995888717874 -0.123913 0.008072 -0.038559 
1.000227929 0.100538805734 -0.10973 0.001298 -0.028033 
1.010105849 0.10149085371 -0.103012 -0.003411 -0.038986 
1.019962788 0.102475140699 -0.117245 0.003925 -0.040211 
1.03030777 0.103523894384 -0.117722 0.004027 -0.030241 
1.040169001 0.104523606355 -0.118736 0.003786 -0.040958 
1.050038815 0.105524188454 -0.090042 -0.001972 -0.030863 
1.060382843 0.106677895495 -0.139704 -0.001135 -0.0224 
1.070272923 0.107582750576 -0.10459 -0.003152 -0.042607 
1.080130816 0.108523538625 -0.090711 -0.002319 -0.022056 
1.089990855 0.109505731719 -0.119771 -0.004516 -0.033369 
1.100318909 0.11053454543 -0.105462 -0.012128 -0.022963 
1.110180855 0.111516928487 -0.127038 -0.009054 -0.024 
1.120057822 0.112575098687 -0.084865 -0.006258 -0.033263 
1.130373002 0.113634916092 -0.113251 -0.015162 -0.023699 
1.140267849 0.114612444258 -0.120567 -0.004024 -0.024442 
1.150147915 0.115588512186 -0.113418 -0.014606 -0.013482 
1.159970999 0.116558950768 -0.099022 -0.013593 -0.012997 
1.170304776 0.117695172958 -0.106364 -0.017854 -0.01281 
1.180180788 0.118690453609 -0.127793 -0.022674 -0.012861 
1.190058947 0.119648279665 -0.092318 -0.007832 -0.022373 
1.200387955 0.120649821854 -0.127621 -0.020539 -0.013291 
1.210277796 0.121608780643 -0.120704 -0.016736 -0.012809 
1.220152855 0.122565084509 -0.113641 -0.026198 -0.011827 
1.229985953 0.123528354959 -0.127767 -0.027038 -0.001968 
1.24029398 0.124547746971 -0.099944 -0.016912 -0.01154 
1.250184775 0.125525877646 -0.114101 -0.024247 0.008726 
1.260102988 0.126506719771 -0.128451 -0.016916 0.008416 
1.270378829 0.127698739662 -0.092612 -0.026201 -0.000214 
1.280299902 0.128700500661 -0.085726 -0.028893 0.010675 
1.290173769 0.129639825911 -0.092859 -0.016463 0.010298 
1.300059796 0.13058030797 -0.114151 -0.028334 0.010437 
1.310331822 0.131557511065 -0.100444 -0.01989 0.01152 
1.320190907 0.132616732312 -0.114394 -0.0275 0.011472 
1.33008194 0.133630642088 -0.114252 -0.026489 0.021936 
1.340384007 0.134626745847 -0.10083 -0.025437 0.001606 
1.350281001 0.135583683218 -0.093239 -0.028341 0.022966 
1.360158921 0.136538776331 -0.107761 -0.028515 0.0226 
1.3700099 0.137535110012 -0.079715 -0.02656 0.023196 
1.380313874 0.138584292711 -0.114794 -0.032323 0.023034 
1.390177966 0.139575414298 -0.094506 -0.026906 0.012487 
1.40008688 0.140571039499 -0.094176 -0.033508 0.01384 
1.410384894 0.141605760585 -0.087366 -0.02153 0.003238 
1.420283795 0.142580307948 -0.094825 -0.040911 0.023754 
1.430159808 0.143546433062 -0.102228 -0.028653 0.013033 
1.440010787 0.14451600874 -0.087833 -0.02764 0.013518 
1.450307847 0.145530750285 -0.094018 -0.030649 0.034886 
1.460227967 0.146508345627 -0.10132 -0.034628 0.024976 
1.470083952 0.147481626835 -0.06543 -0.027508 0.026794 
1.480378867 0.148502802871 -0.108165 -0.029082 0.036049 
1.490285874 0.149495775487 -0.093764 -0.036974 0.027057 
1.500161887 0.150485641595 -0.107582 -0.03736 0.037163 
1.509995938 0.151471301881 -0.136312 -0.046159 0.027202 
1.520306826 0.152503524849 -0.072402 -0.03809 0.018237 
1.530217886 0.15349600632 -0.158009 -0.034185 0.036557 
1.5400908 0.154485845985 -0.101973 -0.032404 0.037263 
1.550385952 0.155518018433 -0.108915 -0.051606 0.037712 
1.560286999 0.15651067866 -0.13799 -0.038686 0.035565 
1.57016182 0.157541120633 -0.080951 -0.035821 0.046193 
1.580020905 0.15855110687 -0.130968 -0.034036 0.034335 
1.590332985 0.159574946704 -0.131465 -0.026877 0.043199 
1.600198985 0.16055449727 -0.116942 -0.026703 0.043564 
1.610059977 0.161533550615 -0.152787 -0.02548 0.041922 
1.620363951 0.162681388536 -0.088573 -0.034763 0.04283 
1.630241871 0.163686153516 -0.138945 -0.024809 0.050299 
1.640165806 0.164654416664 -0.153356 -0.027671 0.039231 
1.650023938 0.165616259514 -0.117795 -0.013949 0.039696 
1.660338879 0.166622672519 -0.182025 -0.021629 0.047618 
1.670241833 0.167583101097 -0.125204 -0.019498 0.038602 
1.680101872 0.168558692309 -0.167458 -0.030078 0.02841 
1.690426827 0.16960386186 -0.168081 -0.022081 0.037394 
1.700291872 0.170602475865 -0.146775 -0.025328 0.028088 
1.710201979 0.171605651384 -0.196706 -0.024663 0.026207 
1.720034838 0.172561537339 -0.125529 -0.0218 0.027772 
1.730370999 0.173582746418 -0.18945 -0.019282 0.016043 
1.740239859 0.174584015369 -0.182686 -0.015647 0.005265 
1.750095845 0.175583978157 -0.160841 -0.018549 0.016646 
1.760448933 0.176633620564 -0.217866 -0.022138 -0.015457 
1.770277977 0.177591988227 -0.161172 -0.019168 -0.024354 
1.780181885 0.178560849395 -0.20374 -0.021298 -0.025316 
1.790053845 0.179530046608 -0.210915 -0.026115 -0.035345 
1.800381899 0.180544021659 -0.196485 -0.032883 -0.055229 
1.810217858 0.18150968441 -0.247069 -0.0156 -0.057132 
1.82004881 0.182547210062 -0.168808 -0.009492 -0.065302 
1.830407858 0.183629282843 -0.254077 -0.020974 -0.077378 
1.840255976 0.184600663224 -0.218476 -0.016716 -0.067111 
1.850160838 0.185577640614 -0.232684 -0.025341 -0.076707 
1.86001277 0.186549397193 -0.261186 -0.019856 -0.078536 
1.870341778 0.187546705464 -0.2327 -0.02719 -0.087289 
1.880218983 0.188521100206 -0.260699 -0.020802 -0.08771 
1.890080929 0.189516736038 -0.267788 -0.02674 -0.087762 
1.900404931 0.190559019814 -0.224389 -0.015915 -0.096348 
1.91025877 0.191553837185 -0.302406 -0.007742 -0.108626 
1.920160771 0.192623205873 -0.237872 -0.017415 -0.106675 
1.930013895 0.193646629287 -0.29373 -0.020594 -0.116802 
1.940316916 0.194691064567 -0.265379 -0.00391 -0.105997 
1.950170994 0.195689989709 -0.271358 -0.02416 -0.124692 
1.960087777 0.196689381257 -0.299708 -0.018508 -0.115262 
1.970405817 0.197612788055 -0.271053 -0.009432 -0.114483 
1.980260849 0.198551907327 -0.313434 -0.019174 -0.124554 
1.99016285 0.199531047019 -0.313343 -0.029198 -0.124054 
2.000031949 0.200506933262 -0.305914 -0.016312 -0.134162 
2.01034689 0.201526905705 -0.348396 -0.019562 -0.125146 
2.020185948 0.202499821404 -0.284831 -0.021133 -0.133738 
2.030089856 0.203503887979 -0.33397 -0.012054 -0.135068 
2.040406943 0.204584284167 -0.305631 -0.011494 -0.144808 
2.050266982 0.205616818695 -0.326152 -0.017641 -0.125327 
2.060163975 0.206653223013 -0.376428 -0.016871 -0.146732 
2.070014954 0.207684808785 -0.333297 -0.015964 -0.145763 
2.080335856 0.208717064041 -0.354289 -0.021168 -0.145687 
2.090207816 0.209687376158 -0.368203 -0.014222 -0.145869 
2.100091935 0.210658883381 -0.346385 -0.01813 -0.145867 
2.11040783 0.211672829743 -0.389043 -0.004865 -0.146843 
2.120265961 0.212641782612 -0.338692 -0.007763 -0.155419 
2.130143881 0.213613219517 -0.366434 -0.017326 -0.16604 
2.140021801 0.214585212934 -0.366302 -0.010103 -0.155887 
2.150341988 0.215600725696 -0.387523 -0.015197 -0.176252 
2.160215855 0.216572320295 -0.409063 0.002434 -0.177424 
2.17006898 0.217541873869 -0.373239 0.008266 -0.176888 
2.179979802 0.218536524353 -0.401133 -0.025604 -0.166561 
2.190310002 0.219600348326 -0.422678 0.000932 -0.158257 
2.200153828 0.220614084564 -0.379553 -0.006223 -0.16756 
2.210028887 0.221631037237 -0.436308 0.007326 -0.169571 
2.220348835 0.22269380544 -0.393654 0.008336 -0.158632 
2.230199814 0.223662728771 -0.421705 -0.001681 -0.169501 
2.240083933 0.224617813993 -0.400581 0.010746 -0.159424 
2.250402928 0.225614920528 -0.414231 0.009803 -0.159535 
2.260280848 0.226569406752 -0.449766 0.011481 -0.16093 
2.270154953 0.227523524339 -0.413887 -0.007268 -0.159759 
2.280009985 0.228484891674 -0.44206 -0.008385 -0.160236 
2.290315867 0.229525825522 -0.463599 0.009246 -0.161408 
2.300211907 0.230525363746 -0.428044 0.014906 -0.171215 
2.310065985 0.231520663647 -0.49196 -0.001225 -0.172523 
2.320387841 0.23256321093 -0.44895 0.008582 -0.161162 
2.330264807 0.233554696567 -0.477219 0.014797 -0.171926 
2.340124846 0.234535185243 -0.463047 0.014236 -0.16171 
2.349993945 0.235516574851 -0.455958 0.003207 -0.181408 
2.3603158 0.23654298681 -0.519574 0.010709 -0.16303 
2.37020588 0.237526462782 -0.477711 0.013051 -0.172539 
2.380076886 0.238512850679 -0.498577 0.007009 -0.172582 
2.390409947 0.239552790282 -0.498638 0.013783 -0.163592 
2.400279999 0.240546131748 -0.477331 0.010536 -0.172898 
2.410140992 0.241538561498 -0.534472 0.014164 -0.164438 
2.420006991 0.242531495062 -0.491514 0.007565 -0.163525 
2.4303329 0.243570714874 -0.540775 0.008577 -0.174213 
2.440213919 0.244558819465 -0.512577 0.025094 -0.174667 
2.450070858 0.245543892135 -0.519433 0.004772 -0.16424 
2.460397959 0.246575951373 -0.562178 0.009411 -0.155296 
2.470275879 0.24756312082 -0.533099 0.00198 -0.174934 
2.480142832 0.248557123664 -0.547134 0.017827 -0.164724 
2.490002871 0.249559338524 -0.561666 0.023865 -0.1654 
2.500331879 0.25060922132 -0.554659 0.012273 -0.164903 
2.510212899 0.251613568775 -0.596933 0.008749 -0.176201 
2.520063878 0.25261486274 -0.57558 0.013846 -0.185331 
2.530440808 0.253646390708 -0.610969 0.007629 -0.18574 
2.540205002 0.254598395929 -0.604012 0.011713 -0.195355 
2.550161839 0.25556918377 -0.603403 0.018834 -0.195172 
2.560024977 0.256530835994 -0.667816 0.019607 -0.207515 
2.570362807 0.257538770508 -0.638938 0.020512 -0.196567 
2.580222846 0.258527145949 -0.639075 0.027563 -0.196758 
2.590084792 0.259559852591 -0.653227 0.011323 -0.185969 
2.600409985 0.260641068751 -0.652785 0.019001 -0.175569 
2.610274792 0.261674074986 -0.681683 0.025151 -0.187623 
2.620121003 0.262705133916 -0.652867 0.025609 -0.207332 
2.629933835 0.263693492639 -0.701945 0.035134 -0.178006 
2.640337944 0.264706384601 -0.666719 0.033003 -0.176858 
2.650216818 0.265668142312 -0.680289 0.022878 -0.177264 
2.660098792 0.266630201825 -0.694329 0.030663 -0.177327 
2.670417786 0.267634807416 -0.687089 0.034196 -0.198074 
2.680334807 0.268632265035 -0.708385 0.036599 -0.187972 
2.690164805 0.269655769064 -0.701038 0.031956 -0.197636 
2.700024844 0.270682400976 -0.708122 0.02871 -0.187901 
2.710356951 0.271758184831 -0.715708 0.039676 -0.198988 
2.720230818 0.272786256521 -0.714836 0.038907 -0.198733 
2.730096817 0.273748651588 -0.736041 0.025916 -0.188616 
2.740424872 0.27472557417 -0.729059 0.0454 -0.199162 
2.750302792 0.275659918836 -0.750097 0.031852 -0.199262 
2.760179997 0.276594195872 -0.743237 0.028154 -0.199752 
2.770029784 0.277525879461 -0.735742 0.032583 -0.18868 
2.780363799 0.278530105326 -0.770795 0.04222 -0.189773 
2.790213824 0.279516164055 -0.763884 0.03796 -0.199563 
2.80009985 0.280505826744 -0.76389 0.029899 -0.209836 
2.810428858 0.281539835134 -0.784897 0.039812 -0.200593 
2.820302964 0.282528304545 -0.784857 0.040094 -0.21069 
2.830201865 0.283519074615 -0.812897 0.0462 -0.201014 
2.840035916 0.284503127454 -0.805986 0.041941 -0.210805 
2.850366831 0.285536899421 -0.812502 0.028568 -0.210539 
2.860227824 0.286523648235 -0.826999 0.043793 -0.211835 
2.870106936 0.287512210142 -0.805444 0.047774 -0.211903 
2.880400897 0.288540272209 -0.812385 0.050909 -0.19122 
2.890311957 0.289527805844 -0.826573 0.049621 -0.212018 
2.900188923 0.290511942368 -0.811955 0.042463 -0.201365 
2.910039902 0.291493489559 -0.854431 0.047275 -0.182077 
2.920354844 0.292521265818 -0.818916 0.052653 -0.181787 
2.930251837 0.293518418942 -0.847358 0.051364 -0.192607 
2.940109969 0.294539704405 -0.868527 0.052929 -0.182625 
2.949991942 0.295563459754 -0.847225 0.058587 -0.182454 
2.960271836 0.296628439032 -0.868401 0.052091 -0.182745 
2.970110894 0.297647748461 -0.868274 0.051252 -0.182864 
2.979961873 0.298634329296 -0.874749 0.055127 -0.172946 
2.990294934 0.299631852287 -0.868061 0.059039 -0.192905 
3.000188828 0.300586979401 -0.867711 0.05003 -0.182857 
3.010055781 0.301539505711 -0.903327 0.060889 -0.183957 
3.019926787 0.302492423286 -0.889424 0.060155 -0.184085 
3.03031993 0.303508472219 -0.896168 0.063858 -0.18451 
3.040176869 0.304502409807 -0.895949 0.079706 -0.184279 
3.050032855 0.305496251298 -0.909544 0.054182 -0.183754 
3.060347796 0.306536372129 -0.902507 0.049085 -0.193665 
3.070203782 0.307583273213 -0.916455 0.063811 -0.173478 
3.080082894 0.308591538167 -0.909275 0.059725 -0.172925 
3.089941979 0.309490759393 -0.923498 0.066217 -0.173354 
3.100295783 0.310523947915 -0.922747 0.074348 -0.162708 
3.110171795 0.311509458384 -0.951102 0.071939 -0.16355 
3.120014906 0.312491685719 -0.936742 0.063765 -0.162445 
3.130344868 0.31354988785 -0.928999 0.058456 -0.161885 
3.140241862 0.314605915188 -0.943343 0.073848 -0.151922 
3.150097847 0.315588280408 -0.95743 0.07329 -0.15216 
3.159934998 0.316568768407 -0.964083 0.066968 -0.152085 
3.170300961 0.317601964128 -0.949681 0.076042 -0.141327 
3.180164814 0.318625928069 -0.956628 0.071114 -0.130916 
3.190017939 0.319666899106 -0.956577 0.070553 -0.140217 
3.200365782 0.320672683673 -0.963524 0.065626 -0.129806 
3.210239888 0.321632422183 -0.97723 0.072298 -0.150301 
3.220083952 0.322589240685 -0.976515 0.071243 -0.139034 
3.229936839 0.323542507593 -0.969248 0.075781 -0.148403 
3.240276814 0.324538850432 -0.976022 0.078359 -0.137936 
3.25014782 0.3255226682 -0.996599 0.065433 -0.126529 
3.260030985 0.326507697823 -0.996472 0.064595 -0.126649 
3.270359993 0.327537163471 -1.003515 0.067 -0.126525 
3.280201912 0.32861335438 -0.995422 0.079393 -0.116066 
3.290109873 0.329698250908 -0.988338 0.082639 -0.125801 
3.299957991 0.330631100618 -0.988191 0.074745 -0.124815 
3.31029296 0.331610066632 -1.02327 0.068982 -0.124977 
3.320166827 0.332545355381 -1.022514 0.068209 -0.123807 
3.330046893 0.333546797432 -1.050251 0.066707 -0.124156 
3.340348959 0.334647800754 -1.042858 0.070407 -0.133644 
3.350243807 0.335607871529 -1.028032 0.062974 -0.143305 
3.360135794 0.336566054635 -1.055905 0.068524 -0.143845 
3.369962931 0.337517956073 -1.063074 0.071768 -0.143602 
3.380293847 0.338540363351 -1.054759 0.059023 -0.142724 
3.390169859 0.339566605253 -1.061326 0.061326 -0.15257 
3.400032998 0.340556332347 -1.082116 0.064751 -0.16333 
3.410386801 0.341595295638 -1.117372 0.065758 -0.153586 
3.420257807 0.342585812154 -1.116769 0.064817 -0.163676 
3.43014288 0.343567796884 -1.101937 0.065446 -0.163064 
3.440001965 0.344527990761 -1.123376 0.066839 -0.163425 
3.450301886 0.345537372035 -1.108194 0.068203 -0.172663 
3.460175992 0.346511930728 -1.15055 0.064115 -0.163767 
3.470070839 0.347488536524 -1.1498 0.05528 -0.172869 
3.480354786 0.34850464007 -1.141752 0.059329 -0.162586 
3.4902699 0.349485660332 -1.113053 0.059782 -0.18138 
3.500145913 0.350475301198 -1.148476 0.061345 -0.161419 
3.510002852 0.351464764899 -1.155276 0.072663 -0.182229 
3.520334006 0.352501831463 -1.154221 0.063441 -0.16171 
3.530207873 0.353497656092 -1.167993 0.054432 -0.171178 
3.540073872 0.354500575037 -1.195862 0.051077 -0.181195 
3.550384999 0.355528815339 -1.166548 0.051597 -0.170121 
3.5602808 0.356514792278 -1.202433 0.062285 -0.181564 
3.570128918 0.357496018279 -1.216342 0.060327 -0.191223 
3.579972983 0.358491732292 -1.222959 0.063191 -0.191768 
3.590276957 0.359566249731 -1.215653 0.058266 -0.191335 
3.600160838 0.360553229071 -1.186689 0.067796 -0.190309 
3.610014916 0.361537232359 -1.22909 0.06511 -0.201487 
3.620340825 0.362568351497 -1.22191 0.061023 -0.200935 
3.63019681 0.363607807637 -1.26395 0.075196 -0.201418 
3.640152932 0.36468998181 -1.263738 0.066016 -0.231208 
3.64999795 0.365651767329 -1.255847 0.069779 -0.209912 
3.660317898 0.36665995 -1.269619 0.06077 -0.21938 
3.670173884 0.367622807011 -1.254884 0.068731 -0.229055 
3.680058003 0.368577853333 -1.268737 0.059158 -0.21833 
3.690342904 0.369565172606 -1.2829 0.07327 -0.240059 
3.700270892 0.370574925234 -1.304196 0.075674 -0.229957 
3.710148812 0.371579585563 -1.29701 0.079648 -0.219131 
3.71999693 0.372581214798 -1.296569 0.07036 -0.228481 
3.730306864 0.37360426949 -1.30308 0.065048 -0.217942 
3.74018693 0.374555891793 -1.331242 0.063088 -0.217623 
3.750053883 0.375560271305 -1.35153 0.057672 -0.207076 
3.760381937 0.376611587334 -1.358785 0.067406 -0.216324 
3.770264864 0.377617592877 -1.358613 0.074911 -0.216268 
3.780133963 0.378583906059 -1.350581 0.062718 -0.204258 
3.789997817 0.379524467803 -1.321916 0.070951 -0.202683 
3.800296784 0.380541835511 -1.349378 0.060717 -0.202166 
3.810184956 0.381518623464 -1.363495 0.059034 -0.191511 
3.82006383 0.382494492928 -1.377484 0.066258 -0.200875 
3.830386878 0.38354508504 -1.397392 0.068072 -0.210585 
3.84026289 0.384619921294 -1.375684 0.072221 -0.199394 
3.850115777 0.38558401547 -1.374923 0.062543 -0.207701 
3.860003949 0.386551562244 -1.417324 0.059857 -0.218879 
3.870310784 0.387560074733 -1.395611 0.072067 -0.197416 
3.880186797 0.388524749268 -1.381311 0.080413 -0.207219 
3.890066863 0.389490144349 -1.40207 0.066194 -0.196179 
3.900384903 0.390528679741 -1.422581 0.06895 -0.1958 
3.910265923 0.391523228025 -1.436805 0.058476 -0.215978 
3.920145989 0.392517680287 -1.471574 0.053167 -0.215893 
3.930010796 0.393556096122 -1.428346 0.078823 -0.2043 
3.940330983 0.394676594827 -1.428391 0.085595 -0.223889 
3.950184823 0.395671762822 -1.462984 0.063771 -0.213812 
3.960071803 0.396670277722 -1.455332 0.073856 -0.213267 
3.969994784 0.397672428468 -1.455281 0.073295 -0.222568 
3.980262995 0.398638695555 -1.468825 0.064176 -0.211595 
3.990124941 0.399553148019 -1.468789 0.078733 -0.21173 
4.000010968 0.400524272315 -1.468058 0.06256 -0.20963 
4.01035285 0.401540176164 -1.489243 0.072022 -0.230129 
4.020226956 0.402510129436 -1.509794 0.074495 -0.219653 
4.030072928 0.403477319049 -1.488259 0.071139 -0.208518 
4.039944888 0.404447916436 -1.501839 0.076973 -0.229133 
4.050260783 0.405533093851 -1.501585 0.060903 -0.217063 
4.060145855 0.406572950973 -1.515802 0.075457 -0.20722 
4.070021868 0.407611855136 -1.508146 0.071268 -0.216637 
4.080354929 0.408698838324 -1.514966 0.075247 -0.226244 
4.090251923 0.40971447478 -1.486214 0.082361 -0.214691 
4.100101948 0.410682953752 -1.535501 0.067973 -0.224449 
4.1099329 0.411649557419 -1.535242 0.084103 -0.234314 
4.120281935 0.412667100297 -1.520446 0.075545 -0.233082 
4.130157948 0.413638134474 -1.541393 0.078685 -0.23283 
4.140033961 0.414609181685 -1.548395 0.081372 -0.242803 
4.150324822 0.415621550427 -1.554562 0.068735 -0.252387 
4.160250903 0.416598033749 -1.590258 0.094146 -0.252706 
4.170126915 0.417569591507 -1.582637 0.08077 -0.261503 
4.179980994 0.418538991595 -1.617589 0.074169 -0.261785 
4.190290928 0.419553381846 -1.567795 0.080555 -0.260095 
4.200184823 0.420570360994 -1.595608 0.079331 -0.269626 
4.210048914 0.421584276632 -1.617 0.089067 -0.269812 
4.220346928 0.422642794588 -1.588097 0.074012 -0.267235 
4.230243922 0.423660092277 -1.644716 0.08588 -0.268569 
4.240140915 0.424648556018 -1.60951 0.076411 -0.256217 
4.249993802 0.425600784159 -1.622789 0.074518 -0.264587 
4.260290862 0.426595939215 -1.644344 0.075906 -0.264032 
4.270167828 0.427550494462 -1.622621 0.064938 -0.262008 
4.280017853 0.428502446007 -1.622407 0.089691 -0.2523 
4.290345908 0.429500596561 -1.607308 0.073525 -0.261093 
4.300223828 0.430490692975 -1.649677 0.079907 -0.25062 
4.310075999 0.431484768471 -1.671191 0.081577 -0.260163 
4.319958926 0.43248194722 -1.649296 0.078114 -0.258082 
4.330292941 0.433524640357 -1.684202 0.079856 -0.258189 
4.340165854 0.434520808703 -1.677124 0.075041 -0.278196 
4.35003686 0.435508110202 -1.655086 0.072588 -0.265653 
4.360354901 0.436539703305 -1.71926 0.072408 -0.256759 
4.370233775 0.43752738869 -1.675845 0.073485 -0.274025 
4.380090952 0.438512904818 -1.725126 0.067159 -0.27351 
4.389964819 0.439500089604 -1.718184 0.086361 -0.273959 
4.40029192 0.440542131758 -1.702931 0.080108 -0.291392 
4.410146952 0.441536583946 -1.752892 0.079648 -0.28238 
4.420071841 0.442538085269 -1.724755 0.081324 -0.301181 
4.430403948 0.443580678172 -1.74489 0.076075 -0.279375 
4.440279007 0.444577151246 -1.759777 0.083062 -0.300372 
4.450155974 0.445565848534 -1.766485 0.069961 -0.308372 
4.460020781 0.446543999217 -1.794337 0.085421 -0.288057 
4.470323801 0.447565601165 -1.744422 0.082908 -0.296759 
4.480165005 0.448541411478 -1.77986 0.068229 -0.275072 
4.490042925 0.44952339295 -1.779394 0.084084 -0.305251 
4.500414849 0.45058213743 -1.793662 0.06784 -0.293546 
4.510284901 0.451589651858 -1.80723 0.089797 -0.293616 
4.520160914 0.452597774773 -1.785898 0.07059 -0.311292 
4.530014992 0.453603658608 -1.842248 0.08263 -0.302283 
4.540326834 0.454650805731 -1.799973 0.10127 -0.310398 
4.550170899 0.45560632015 -1.841654 0.059116 -0.288064 
4.560062886 0.456566486119 -1.86303 0.085816 -0.29708 
4.57037282 0.457567220124 -1.820183 0.070309 -0.304728 
4.580249787 0.458525928177 -1.855378 0.064542 -0.303975 
4.590119839 0.459483965025 -1.812215 0.084262 -0.301253 
4.600020886 0.460520452709 -1.883032 0.071547 -0.291974 
4.610316992 0.461600481486 -1.854214 0.089693 -0.299038 
4.620175839 0.462634643184 -1.852895 0.073303 -0.285552 
4.63009882 0.463675532335 -1.909255 0.069942 -0.304191 
4.640427828 0.4647420322 -1.895476 0.102129 -0.303863 
4.650298834 0.465702336755 -1.845217 0.077895 -0.320379 
4.660187006 0.466664311311 -1.951009 0.075262 -0.310115 
4.670029879 0.467621878937 -1.872272 0.066874 -0.315945 
4.680342913 0.468625186354 -1.950673 0.091837 -0.317902 
4.690188885 0.469584697035 -1.89296 0.086144 -0.325559 
4.700082779 0.470615761262 -1.885703 0.082502 -0.322928 
4.710417986 0.471692815677 -1.927402 0.08923 -0.321262 
4.72028184 0.47272074937 -1.892039 0.085417 -0.319437 
4.730155945 0.473749751343 -1.948186 0.074728 -0.328705 
4.740015984 0.474753168798 -1.919638 0.082957 -0.326214 
4.750329972 0.475725256987 -1.933733 0.083963 -0.334352 
4.760222912 0.476657661613 -1.969191 0.086085 -0.333669 
4.770087004 0.47758734733 -1.93325 0.082899 -0.321254 
4.780403853 0.478559705167 -1.968541 0.084464 -0.330788 
4.790284873 0.479494301931 -1.946722 0.081278 -0.337889 
4.800164938 0.480486047538 -1.960706 0.081448 -0.317568 
4.810023785 0.481475663316 -1.989314 0.095831 -0.337584 
4.820369006 0.482514100561 -1.967987 0.075783 -0.325885 
4.830247879 0.483505726518 -1.988355 0.094664 -0.334456 
4.840095997 0.484494299032 -2.002492 0.068677 -0.332348 
4.850003005 0.485490488529 -2.002359 0.085645 -0.342093 
4.860302926 0.486526187008 -2.030901 0.09157 -0.340929 
4.870154858 0.487516838392 -2.009005 0.088107 -0.338849 
4.880036831 0.488510510519 -2.058003 0.081229 -0.349466 
4.8903718 0.489549733216 -2.023111 0.095326 -0.347297 
4.900249005 0.490530956371 -2.036654 0.086207 -0.336325 
4.910131932 0.491511175519 -2.079734 0.084739 -0.346595 
4.919950963 0.492485057265 -2.02954 0.081555 -0.344158 
4.930278779 0.493509401875 -2.05804 0.104727 -0.333341 
4.940157891 0.494489242639 -2.057975 0.079303 -0.33191 
4.950037957 0.495469178025 -2.058003 0.10489 -0.321167 
4.96039486 0.496544580648 -2.072131 0.087084 -0.331057 
4.970250845 0.497582009331 -2.057826 0.103491 -0.330587 
4.980129004 0.498621772023 -2.07178 0.078796 -0.328113 
4.989956856 0.499642876877 -2.065162 0.091047 -0.34698 
5.000321866 0.500643468528 -2.064431 0.091841 -0.325131 
5.010193825 0.501596463243 -2.107642 0.105485 -0.325319 
5.020067931 0.50254966522 -2.057499 0.095641 -0.353229 
5.030383826 0.503545515528 -2.114117 0.093116 -0.342254 
5.040262938 0.504499810135 -2.078083 0.106616 -0.329487 
5.050116778 0.505491874956 -2.106596 0.096699 -0.358965 
5.060022831 0.506489196476 -2.106149 0.095472 -0.358042 
5.070322991 0.507526195898 -2.113369 0.099999 -0.355601 
5.080193997 0.508519988956 -2.155044 0.090045 -0.355202 
5.090065957 0.509625305578 -2.155251 0.105435 -0.354302 
5.099961997 0.510503823649 -2.168714 0.09688 -0.363523 
5.110258818 0.511505091471 -2.169358 0.095688 -0.382499 
5.120123864 0.512495154585 -2.155026 0.113101 -0.37065 
5.129976988 0.513484021198 -2.190105 0.107338 -0.370812 
5.140299798 0.514521149988 -2.168479 0.103703 -0.379076 
5.150183917 0.515615235513 -2.20377 0.105269 -0.38861 
5.160044909 0.51658939431 -2.203587 0.111931 -0.387758 
5.169948817 0.51756779274 -2.210254 0.116078 -0.386106 
5.180244923 0.518584936069 -2.237914 0.098055 -0.404127 
5.19012785 0.519581038693 -2.217154 0.10325 -0.402372 
5.199972868 0.520682897359 -2.251872 0.114346 -0.391839 
5.210304976 0.521681363443 -2.252014 0.128451 -0.421715 
5.220196963 0.522637297462 -2.258626 0.108018 -0.419427 
5.230081797 0.523592540236 -2.273102 0.116187 -0.419617 
5.240369797 0.524586228754 -2.272462 0.115409 -0.417532 
5.250220776 0.525534172129 -2.286229 0.114461 -0.416727 
5.260145903 0.526521505152 -2.286771 0.113998 -0.415143 
5.270012856 0.52750954407 -2.273034 0.123566 -0.424953 
5.280275822 0.528537238216 -2.329409 0.120207 -0.415013 
5.290195942 0.52958065537 -2.293995 0.125579 -0.442388 
5.300040961 0.530699648228 -2.322318 0.132237 -0.421579 
5.310362816 0.531675278053 -2.343239 0.119416 -0.429698 
5.320267916 0.532609828163 -2.350519 0.130717 -0.418267 
5.330079794 0.533535582741 -2.342716 0.118633 -0.426697 
5.339996815 0.53451200194 -2.357278 0.133293 -0.436378 
5.350320816 0.535620039963 -2.371333 0.124835 -0.434715 
5.360191823 0.536607753624 -2.363753 0.120923 -0.453313 
5.370065928 0.537568101414 -2.378086 0.135473 -0.442554 
5.380362988 0.53856958548 -2.399443 0.123036 -0.4508 
5.390270949 0.539540252881 -2.41436 0.145864 -0.441154 
5.400146962 0.540569499957 -2.420982 0.126274 -0.439663 
5.409995795 0.541558774598 -2.406864 0.134049 -0.456935 
5.420313836 0.54258483915 -2.392362 0.126885 -0.445367 
5.430197001 0.543567658007 -2.44254 0.152404 -0.456148 
5.440052987 0.544547732132 -2.44142 0.127504 -0.454096 
5.450387001 0.545559844581 -2.449531 0.139855 -0.453016 
5.460247994 0.546527443584 -2.449258 0.131123 -0.452149 
5.470120907 0.547505316856 -2.442411 0.143264 -0.450576 
5.47998786 0.548482599814 -2.456441 0.150206 -0.449843 
5.490295887 0.549504647556 -2.449463 0.147235 -0.458352 
5.500177861 0.550491033593 -2.477828 0.136645 -0.447196 
5.51005292 0.551477712577 -2.477974 0.145261 -0.455286 
5.520356894 0.552508178202 -2.477614 0.145153 -0.46434 
5.530262948 0.553498849192 -2.485107 0.148668 -0.442868 
5.5401299 0.55448484951 -2.513781 0.147369 -0.451857 
5.54998684 0.555463833718 -2.492058 0.136401 -0.449833 
5.560311795 0.556497124557 -2.499567 0.147811 -0.458842 
5.570200921 0.557491325314 -2.471403 0.140748 -0.446367 
5.580054999 0.558482002529 -2.521095 0.150206 -0.446909 
5.590376854 0.559521156161 -2.521191 0.143145 -0.444888 
5.600255967 0.560538446316 -2.520947 0.143033 -0.453026 
5.61011982 0.561528207486 -2.527487 0.146342 -0.451494 
5.619983912 0.5625123429 -2.520716 0.158761 -0.459102 
5.630249978 0.563536583055 -2.549107 0.156911 -0.479223 
5.640251875 0.564544679001 -2.555936 0.15271 -0.476831 
5.650066853 0.565681620391 -2.577268 0.155672 -0.486008 
5.66035986 0.566682319214 -2.576841 0.147108 -0.473881 
5.670209885 0.567639950781 -2.562658 0.155448 -0.482768 
5.680081845 0.568599714895 -2.584304 0.166862 -0.482715 
5.690041781 0.569568048834 -2.61316 0.164271 -0.49207 
5.700374842 0.570572804475 -2.619296 0.143735 -0.499752 
5.710248948 0.571566160594 -2.619304 0.167636 -0.487417 
5.720106841 0.572566459971 -2.640205 0.162152 -0.506739 
5.730009795 0.573571331774 -2.647268 0.15722 -0.495412 
5.740314007 0.574607006863 -2.647607 0.165387 -0.504664 
5.750177861 0.575566031581 -2.640138 0.154417 -0.492662 
5.760037899 0.576553913908 -2.633022 0.16673 -0.480746 
5.770361901 0.57760148661 -2.612359 0.164143 -0.469866 
5.780246973 0.578604521245 -2.662406 0.164803 -0.47083 
5.790138007 0.579588550827 -2.641099 0.161556 -0.480136 
5.799965859 0.580522320083 -2.648244 0.14884 -0.488263 
5.810320855 0.581533198915 -2.684446 0.167859 -0.468206 
5.820189953 0.582507816943 -2.663134 0.172674 -0.467239 
5.830056906 0.583482223141 -2.691448 0.156153 -0.46587 
5.840385914 0.584502259359 -2.691164 0.146578 -0.464207 
5.850242854 0.585595184414 -2.669765 0.160018 -0.473162 
5.860129834 0.586585660268 -2.677365 0.171708 -0.462773 
5.869993926 0.587557531356 -2.677917 0.172088 -0.461984 
5.880324841 0.588575396721 -2.685032 0.150751 -0.461106 
5.89019394 0.589544851385 -2.706242 0.16178 -0.460925 
5.900058985 0.590493778376 -2.735423 0.168482 -0.461846 
5.910390854 0.591528025346 -2.728364 0.173295 -0.450902 
5.9202528 0.592524127159 -2.7141 0.172455 -0.460084 
5.930145979 0.593523383648 -2.750258 0.167735 -0.440187 
5.939991951 0.59453184033 -2.764435 0.182571 -0.44044 
5.950339795 0.595678447726 -2.742804 0.154916 -0.438767 
5.960191966 0.5966661898 -2.736369 0.167726 -0.418839 
5.970079899 0.59765751724 -2.736658 0.174609 -0.430289 
5.980392933 0.598691463727 -2.765789 0.165636 -0.421098 
5.990246773 0.599647125694 -2.744953 0.170553 -0.410162 
6.000131846 0.600562858802 -2.730147 0.161152 -0.408134 
6.009997845 0.601531935262 -2.751641 0.181756 -0.409616 
6.020354987 0.602552050148 -2.766508 0.171942 -0.409608 
6.030214787 0.6035231799 -2.759662 0.168968 -0.388622 
6.040076972 0.60449454456 -2.795365 0.154236 -0.39955 
6.049956799 0.605467646849 -2.795532 0.154792 -0.389334 
6.060269833 0.606530182308 -2.788792 0.17511 -0.398844 
6.070127964 0.607562226606 -2.803035 0.174265 -0.38807 
6.080043793 0.608600311286 -2.78225 0.179743 -0.367833 
6.090367794 0.609681127352 -2.803866 0.16557 -0.378523 
6.10022688 0.610711233521 -2.811209 0.161309 -0.378336 
6.110130787 0.611684557017 -2.797309 0.170201 -0.376091 
6.119972945 0.612651812023 -2.818296 0.173059 -0.365742 
6.130311966 0.613667897096 -2.825754 0.168793 -0.364639 
6.140183926 0.614638080945 -2.847126 0.171474 -0.363719 
6.150056839 0.615608358452 -2.853845 0.159216 -0.372514 
6.160370827 0.616623709414 -2.839829 0.168114 -0.371185 
6.170266867 0.617598634182 -2.861474 0.179527 -0.371131 
6.18012786 0.618570106235 -2.876148 0.170162 -0.369961 
6.190004826 0.619543151896 -2.875839 0.170616 -0.369714 
6.200322867 0.62055965079 -2.861879 0.172013 -0.369356 
6.210226775 0.621569314481 -2.855464 0.160518 -0.357975 
6.220080853 0.622586850466 -2.870031 0.184082 -0.358179 
6.230396986 0.623652098432 -2.86275 0.163758 -0.356816 
6.240261794 0.6246707424 -2.884603 0.175446 -0.336449 
6.250145913 0.625677195653 -2.870249 0.15921 -0.345616 
6.26001978 0.626628355731 -2.877935 0.17202 -0.345205 
6.270365954 0.627625013643 -2.864385 0.165062 -0.313697 
6.280226946 0.628574933459 -2.871561 0.160244 -0.323726 
6.290068865 0.629523015952 -2.886193 0.168127 -0.312903 
6.300395966 0.630517836542 -2.900954 0.159882 -0.32171 
6.310268879 0.631496663073 -2.900877 0.160327 -0.319632 
6.320139885 0.632494773819 -2.872505 0.169955 -0.307721 
6.330024004 0.633494210492 -2.894192 0.16412 -0.31732 
6.340316773 0.634534967974 -2.893999 0.16457 -0.316157 
6.350240946 0.635538454723 -2.894282 0.165121 -0.305025 
6.3601048 0.636525329722 -2.92284 0.163828 -0.31493 
6.369949818 0.637506090592 -2.901649 0.160576 -0.323321 
6.380277873 0.638534971616 -2.915943 0.160292 -0.303245 
6.390183926 0.639521812793 -2.944495 0.16706 -0.302877 
6.400020838 0.640501766143 -2.944246 0.158044 -0.320493 
6.410370827 0.641541032948 -2.9442 0.166387 -0.320317 
6.420234919 0.642534469813 -2.944478 0.175001 -0.298913 
6.430105925 0.643528603005 -2.944432 0.166378 -0.318486 
6.439948798 0.644519902853 -2.958868 0.165084 -0.308874 
6.450312853 0.645563692217 -2.959198 0.157292 -0.297918 
6.460196972 0.646558200368 -2.994809 0.159247 -0.308494 
6.470021964 0.64753984556 -2.981061 0.167972 -0.317509 
6.48037982 0.648574730834 -2.988297 0.155535 -0.306238 
6.490256787 0.649561569008 -2.981045 0.160797 -0.294131 
6.500117779 0.650546811071 -2.973621 0.156599 -0.301717 
6.509979964 0.65154459034 -3.016106 0.162976 -0.290328 
6.520270825 0.652587942842 -2.987852 0.155633 -0.297251 
6.530206919 0.653595326824 -3.023559 0.150527 -0.305806 
6.540015936 0.654589826937 -3.030489 0.162564 -0.304224 
6.550390006 0.655641615693 -3.030554 0.161998 -0.31261 
6.560269833 0.656614571533 -3.05186 0.165967 -0.310408 
6.570093871 0.657573357301 -3.051662 0.157511 -0.318722 
6.580002785 0.658540426619 -3.058278 0.161098 -0.326371 
6.590312958 0.659546657167 -3.08649 0.160421 -0.323854 
6.600219965 0.660513540369 -3.107461 0.163276 -0.342084 
6.610065937 0.661519414751 -3.121176 0.152744 -0.337786 
6.620339871 0.66259314301 -3.106429 0.155214 -0.354255 
6.630304814 0.663634578637 -3.15571 0.164004 -0.373153 
6.640138865 0.664662334749 -3.162615 0.16008 -0.379942 
6.65001297 0.665694276901 -3.169708 0.163769 -0.377621 
6.660328866 0.666702760926 -3.183636 0.154473 -0.376077 
6.670223952 0.667666120153 -3.162364 0.168752 -0.384912 
6.680069924 0.668624697771 -3.190865 0.174958 -0.393845 
6.689996958 0.66959116737 -3.204961 0.166219 -0.382084 
6.700269938 0.67059131735 -3.226145 0.161288 -0.390274 
6.710143805 0.671605641907 -3.233025 0.172763 -0.397993 
6.720024825 0.672637266817 -3.247196 0.164302 -0.395414 
6.730346919 0.673714941924 -3.247069 0.164185 -0.402637 
6.740201951 0.674743853564 -3.253725 0.16749 -0.400189 
6.750100852 0.675777345334 -3.260676 0.155222 -0.407154 
6.760392905 0.676760051997 -3.267556 0.166698 -0.414874 
6.770269871 0.677693816784 -3.274994 0.155377 -0.412665 
6.780170918 0.67862985818 -3.289023 0.162319 -0.411932 
6.79002285 0.679561256262 -3.310375 0.157944 -0.409905 
6.800372839 0.680539740471 -3.295832 0.166177 -0.427846 
6.810234786 0.681513432749 -3.345802 0.167282 -0.426733 
6.82008791 0.68249482859 -3.317725 0.161339 -0.424235 
6.830399991 0.683521937699 -3.345359 0.175682 -0.423437 
6.840263844 0.684504402175 -3.352052 0.147463 -0.440604 
6.850190878 0.685493159638 -3.380548 0.161732 -0.439264 
6.860035897 0.686480712307 -3.380593 0.15411 -0.446543 
6.870373965 0.687520116644 -3.387376 0.158253 -0.443976 
6.880243779 0.688512442044 -3.408388 0.160826 -0.452109 
6.890129805 0.689506397423 -3.414736 0.147619 -0.469163 
6.899958849 0.690494623748 -3.449428 0.15787 -0.486414 
6.910304785 0.69152699401 -3.463968 0.15645 -0.482194 
6.920180798 0.692506656583 -3.462968 0.16531 -0.509062 
6.930046797 0.693485325805 -3.511879 0.158034 -0.516805 
6.940375805 0.694509923743 -3.504525 0.162174 -0.5233 
6.950254918 0.695489893823 -3.53257 0.160941 -0.531 
6.960122824 0.696468752213 -3.568037 0.154883 -0.518318 
6.969962836 0.697478211302 -3.553134 0.163009 -0.545314 
6.980308772 0.698566768839 -3.595508 0.162051 -0.552217 
6.990183831 0.699605782602 -3.602012 0.148557 -0.558259 
7.000047923 0.700643642462 -3.637094 0.167536 -0.575461 
7.010345936 0.701651155294 -3.650682 0.165911 -0.59118 
7.020262003 0.702608958382 -3.678843 0.164672 -0.597965 
7.030128003 0.703561925448 -3.692608 0.164447 -0.604264 
7.039963961 0.704511990726 -3.699381 0.167747 -0.6009 
7.050314904 0.705511798933 -3.727628 0.167629 -0.617662 
7.060186863 0.706493301259 -3.762985 0.168629 -0.635581 
7.070040942 0.707486037597 -3.734126 0.162918 -0.620535 
7.080353976 0.708525010757 -3.762313 0.160674 -0.638697 
7.090230942 0.709520052815 -3.776514 0.160833 -0.645124 
7.100107909 0.710588061519 -3.804072 0.158654 -0.661997 
7.109969855 0.711537836456 -3.832324 0.17281 -0.668796 
7.120301962 0.712514474847 -3.818129 0.165915 -0.664578 
7.130137921 0.713496085726 -3.853476 0.160702 -0.682188 
7.140033961 0.71448369258 -3.896255 0.166622 -0.699625 
7.150345803 0.71551279572 -3.867493 0.168245 -0.694866 
7.160241843 0.716591316278 -3.923944 0.165163 -0.694107 
7.170106888 0.717585481367 -3.866917 0.167623 -0.70827 
7.179979802 0.71856324869 -3.931069 0.161109 -0.705373 
7.190277815 0.719583115835 -3.937979 0.181205 -0.722099 
7.200128794 0.720558710818 -3.958209 0.167045 -0.737433 
7.210027934 0.721647495753 -3.965347 0.163112 -0.742391 
7.220356942 0.722685316219 -3.979055 0.170387 -0.747719 
7.230257988 0.723648731213 -4.013722 0.164678 -0.77334 
7.240126849 0.724609014467 -4.034566 0.167417 -0.798794 
7.249973774 0.725567163252 -4.084008 0.153465 -0.804642 
7.260296822 0.726551047161 -4.1123 0.177085 -0.821243 
7.270194769 0.727515012974 -4.104236 0.172109 -0.826744 
7.280065775 0.728500664275 -4.132833 0.171255 -0.833655 
7.290371895 0.72952976309 -4.15392 0.174106 -0.85097 
7.300248862 0.730532755297 -4.210386 0.154782 -0.848485 
7.310118914 0.731649283943 -4.168 0.156341 -0.854994 
7.319994927 0.732636697802 -4.203103 0.167261 -0.853889 
7.330312968 0.73362060953 -4.167846 0.157231 -0.850838 
7.340186835 0.734562165543 -4.196707 0.163544 -0.850717 
7.350037814 0.735507020935 -4.175785 0.177087 -0.849702 
7.360355854 0.736606829944 -4.226125 0.179142 -0.840331 
7.370229006 0.7376105052 -4.177026 0.169783 -0.828903 
7.380102873 0.73856422779 -4.170576 0.181868 -0.830451 
7.389986992 0.739518940627 -4.192887 0.168915 -0.811653 
7.400312901 0.740516326218 -4.18629 0.173106 -0.812214 
7.410192967 0.741538720932 -4.186971 0.171751 -0.843365 
7.420039893 0.742548762198 -4.194079 0.175442 -0.812464 
7.43035388 0.743581490593 -4.229461 0.177287 -0.802601 
7.440224886 0.744569863779 -4.2154 0.177562 -0.820845 
7.450103999 0.745559048711 -4.207707 0.173536 -0.818087 
7.459971905 0.746529591618 -4.236933 0.172617 -0.826288 
7.470307827 0.74753957965 -4.251007 0.171937 -0.832834 
7.480191946 0.748509719121 -4.257618 0.183585 -0.83021 
7.490039826 0.749477219584 -4.286241 0.181725 -0.8485 
7.500349999 0.750490137811 -4.293936 0.186355 -0.83609 
7.510229826 0.751471361245 -4.293854 0.194861 -0.823739 
7.520104886 0.752453462773 -4.301074 0.182422 -0.841048 
7.529975892 0.753427517074 -4.301417 0.19047 -0.828029 
7.540315867 0.754447848449 -4.315817 0.182118 -0.84589 
7.550192833 0.755422490874 -4.30832 0.187268 -0.841922 
7.560041905 0.756335983621 -4.272942 0.185304 -0.829514 
7.570353985 0.757211800346 -4.245606 0.186631 -0.810013 
7.580227852 0.757918267786 -4.182862 0.186397 -0.781894 
7.590109826 0.758625315276 -4.134577 0.169588 -0.765504 
7.599976778 0.759331287953 -4.064998 0.181616 -0.729504 
7.610299826 0.759909995704 -4.024303 0.184678 -0.714725 
