0.0 3.85741003801e-05 -0.045371 -0.02357 -5.4e-05 
0.009860992 0.00103146566648 -0.052643 -0.03617 -0.000958 
0.019759893 0.00206845430304 -0.023979 -0.033307 0.000132 
0.030082941 0.00314987571241 -0.024461 -0.041266 -0.000171 
0.039942026 0.00418269330618 -0.031458 -0.035887 -0.000358 
0.049772978 0.00521256374438 -0.024678 -0.030403 -0.000552 
0.060088873 0.00625811577131 -0.032462 -0.042342 -0.010765 
0.069983959 0.00723333783525 -0.024978 -0.03707 -0.000489 
0.079838038 0.00820451840513 -0.003945 -0.031584 -0.010662 
0.089741945 0.0091806098333 -0.03946 -0.036963 -0.010951 
0.100059032 0.0101974227117 -0.039673 -0.044749 -0.00091 
0.109910965 0.0111652529897 -0.032989 -0.031933 -0.011393 
0.119776011 0.0121308569659 -0.011277 -0.042058 -0.010164 
0.130074978 0.0131389337134 -0.025966 -0.041676 -0.000313 
0.14000988 0.0141113752888 -0.01188 -0.041117 -7.5e-05 
0.149884939 0.0150779593509 -0.026053 -0.040556 -0.010291 
0.160264015 0.0161148575951 -0.012007 -0.040279 4.5e-05 
0.170066834 0.0171254802636 -0.01904 -0.044086 0.000478 
0.179934979 0.0181428377231 -0.026651 -0.04852 -0.009678 
0.189781904 0.0191580075043 -0.01226 -0.038603 0.000284 
0.200099945 0.0202217470398 -0.019729 -0.042025 0.00059 
0.20994997 0.0212022416654 -0.034566 -0.050715 -0.010294 
0.219830036 0.0221532205403 0.01539 -0.035981 -0.009344 
0.229748011 0.0231078482429 -0.048657 -0.042369 -0.001056 
0.240031958 0.0240977015847 0.001233 -0.043316 0.010921 
0.249901056 0.0250476247646 -0.013827 -0.043835 -0.010131 
0.259810925 0.0260173218963 -0.006874 -0.030846 -0.01027 
0.270113945 0.0270611482825 -0.027451 -0.043772 0.001136 
0.279999018 0.0280626313455 0.000139 -0.034376 0.000499 
0.289856911 0.0290613607304 -0.021027 -0.047085 0.000519 
0.300156832 0.0301048731487 -0.014683 -0.041217 0.000197 
0.310015917 0.0310982312844 -0.021376 -0.038076 -0.009529 
0.319962978 0.0320907778683 -0.014637 -0.032874 0.000373 
0.329826832 0.0330750218164 -0.014906 -0.033046 -0.009971 
0.340129852 0.0341030870213 -0.015246 -0.039994 0.00019 
0.349945068 0.0350824777288 -0.008076 -0.043238 -5.3e-05 
0.359856844 0.0360726218436 0.012318 -0.045998 0.000483 
0.370198965 0.0371082351326 -0.015256 -0.039151 -0.000606 
0.380097866 0.0380994663725 -0.002042 -0.037824 -0.000622 
0.38991189 0.0390821984129 0.012141 -0.044599 0.009904 
0.39978385 0.0400707319027 -0.002209 -0.037268 0.009594 
0.410066843 0.0411001177519 0.019341 -0.041348 -0.000747 
0.41998291 0.0420922779646 0.004915 -0.048855 0.009175 
0.429885864 0.0430831261452 -0.002625 -0.029546 -0.001736 
0.440144062 0.0441095185555 0.018945 -0.040682 -0.010971 
0.450007916 0.0450964545536 0.011638 -0.045502 0.008495 
0.459892035 0.0460908747381 0.010832 -0.029052 -0.002787 
0.469805002 0.0470979521484 0.01788 -0.040362 -0.012387 
0.480159044 0.0481498392175 -0.0033 -0.037954 -0.003201 
0.489956856 0.0491452178096 0.003713 -0.041485 0.007568 
0.499841929 0.0501494614148 0.010396 -0.028668 -0.002914 
0.510153055 0.0511758783842 0.024913 -0.036555 -0.012821 
0.520025969 0.0521367071121 0.046215 -0.030897 -0.012651 
0.529957056 0.0531031972172 -0.011099 -0.034775 -0.004247 
0.539779902 0.054059153344 0.009767 -0.028733 -0.004203 
0.550143004 0.0550676870061 -0.011469 -0.01871 -0.015401 
0.560009003 0.0560505566645 0.038503 -0.028838 -0.003719 
0.569885016 0.0570862355713 0.031773 -0.040253 -0.013311 
0.580209971 0.0581689941813 0.024624 -0.029672 -0.024271 
0.590029001 0.0591986973881 0.010497 -0.030512 -0.014412 
0.599922895 0.0602362514418 0.010228 -0.030684 -0.024756 
0.609781981 0.0612322475573 0.025232 -0.022551 -0.024088 
0.620116949 0.0622413778707 0.018543 -0.043429 -0.023878 
0.63004899 0.0632111654547 0.00391 -0.021153 -0.025364 
0.639873028 0.0641704073746 0.004224 -0.029604 -0.034594 
0.650147915 0.0651736712395 -0.009903 -0.030444 -0.024736 
0.660054922 0.0661655956507 0.004792 -0.022765 -0.024314 
0.669914007 0.0671911919073 0.011967 -0.034913 -0.034034 
0.679851055 0.068224898304 0.026226 -0.02685 -0.03374 
0.690108061 0.0692918884919 0.019877 -0.023813 -0.023941 
0.699987888 0.0703196424454 -0.001734 -0.029925 -0.024359 
0.709828854 0.0712890225572 -0.009 -0.019348 -0.034403 
0.720145941 0.0722639899117 0.020582 -0.035622 -0.032734 
0.730115891 0.0732061527311 -0.000817 -0.033947 -0.043192 
0.739888907 0.0741297052373 0.006369 -0.029972 -0.032367 
0.749752998 0.0750618643542 -0.022047 -0.015862 -0.044117 
0.760068893 0.0760595016846 -0.000694 -0.02051 -0.033349 
0.769943953 0.0770462885552 -0.007165 -0.02554 -0.032908 
0.77989006 0.078040174952 -0.021388 -0.019048 -0.033337 
0.79015398 0.0790658195047 -0.014081 -0.023973 -0.032904 
0.800030947 0.0800527969365 -0.027868 -0.017865 -0.033205 
0.809907913 0.0810419249515 -0.02801 -0.018875 -0.043668 
0.819751024 0.0820329475875 -0.012783 -0.018913 -0.032832 
0.830134869 0.0830784123235 -0.040966 -0.013817 -0.033619 
0.839971066 0.0840687388451 -0.026443 -0.013643 -0.033254 
0.84986186 0.0850645622938 -0.047142 -0.020242 -0.043514 
0.860197067 0.0861015057166 -0.032568 -0.003662 -0.0327 
0.870079041 0.0870849982774 -0.025125 -0.015639 -0.032076 
0.879999876 0.0880723584363 -0.053536 -0.010434 -0.053304 
0.889811039 0.0890488036105 -0.032108 -0.005614 -0.053253 
0.900081873 0.0900709970338 -0.06749 -0.003769 -0.043389 
0.909976959 0.0910661691818 -0.052968 -0.003595 -0.043023 
0.919852972 0.0920860424396 -0.059748 -0.009078 -0.042829 
0.93025589 0.0931603279708 -0.038152 -0.004815 -0.052994 
0.94002986 0.0941696634816 -0.044956 -0.008732 -0.03212 
0.949928045 0.0951918263911 -0.073545 -0.002127 -0.043926 
0.959782839 0.096180200296 -0.066198 -0.006771 -0.05359 
0.970108032 0.0971753570801 -0.058709 -0.010404 -0.052791 
0.980025053 0.0981311736664 -0.0581 -0.003283 -0.052608 
0.989861012 0.0990791773819 -0.057953 -0.011177 -0.051621 
1.000193834 0.10007506946 -0.085851 -0.00406 -0.031481 
1.010048866 0.101037608112 -0.071121 -0.004161 -0.05143 
1.019908905 0.102037199241 -0.078074 -0.01715 -0.051291 
1.029880047 0.103048053771 -0.085385 0.00205 -0.041761 
1.040068865 0.10408097586 -0.063962 -0.001192 -0.051983 
1.049973011 0.105136308405 -0.084828 -0.007234 -0.052026 
1.059793949 0.106140232333 -0.10617 -0.013174 -0.0421 
1.070139885 0.107085950222 -0.112914 -0.009471 -0.042526 
1.080056906 0.108073819493 -0.091481 -0.013556 -0.051951 
1.089905977 0.109054920026 -0.105304 -0.022004 -0.052118 
1.100220919 0.110082427605 -0.133607 -0.008009 -0.042513 
1.11013484 0.111097947708 -0.126736 -0.012549 -0.042207 
1.119946957 0.112157952423 -0.111945 -0.012203 -0.031498 
1.129890919 0.113140332741 -0.126168 -0.00571 -0.031927 
1.140169859 0.114155806085 -0.111773 -0.004698 -0.031442 
1.150023937 0.115129306616 -0.125565 -0.006651 -0.042016 
1.159896851 0.116149725584 -0.125129 -0.007036 -0.041889 
1.17018199 0.117263741213 -0.125291 -0.015384 -0.041149 
1.180153847 0.118230652603 -0.139352 -0.000543 -0.042318 
1.189986944 0.119184109266 -0.131909 -0.012519 -0.041694 
1.19985199 0.120140663832 -0.145747 -0.00585 -0.032695 
1.210139036 0.121137607203 -0.13166 -0.005291 -0.032457 
1.220013857 0.12209579418 -0.145184 -0.007073 -0.032688 
1.229893923 0.123072863832 -0.124328 0.005183 -0.032954 
1.240203857 0.124092444433 -0.152273 -0.01301 -0.03274 
1.250041962 0.125065364436 -0.138019 0.003958 -0.022969 
1.25991106 0.126127368898 -0.130839 -0.000129 -0.022416 
1.269788027 0.127233038213 -0.144784 -0.016643 -0.03194 
1.280108929 0.128214891001 -0.130525 -0.00858 -0.031646 
1.290006876 0.12915650704 -0.144175 -0.009523 -0.031757 
1.299860001 0.130093859051 -0.165558 -0.005999 -0.031632 
1.310162067 0.13112522214 -0.151035 -0.005825 -0.031267 
1.320032835 0.132200272757 -0.136417 -0.012983 -0.020614 
1.329913855 0.133155665607 -0.136686 -0.013156 -0.030958 
1.339730024 0.134104788034 -0.157506 -0.010854 -0.030826 
1.350064993 0.135104073077 -0.165162 -0.006665 -0.021408 
1.359993935 0.136079621579 -0.143607 -0.002684 -0.021477 
1.369829893 0.137093367356 -0.179127 -0.016124 -0.032039 
1.380125046 0.138127800976 -0.15066 0.000565 -0.022149 
1.390002966 0.139120311969 -0.164914 -0.016403 -0.03192 
1.399865866 0.140111313788 -0.150376 -0.01438 -0.020972 
1.409741879 0.141096674042 -0.157556 -0.010293 -0.021525 
1.420032024 0.142103311792 -0.171769 -0.010014 -0.021643 
1.429932833 0.143074530743 -0.150812 -0.013996 -0.021099 
1.439781904 0.144045124439 -0.143409 -0.016509 -0.030277 
1.450120926 0.145064001201 -0.186763 -0.01899 -0.021515 
1.459990978 0.146037442307 -0.130068 -0.01602 -0.030413 
1.469848871 0.147011594941 -0.165756 -0.028903 -0.030758 
1.479760885 0.148001953626 -0.159027 -0.017488 -0.021166 
1.490027905 0.149031010101 -0.151933 -0.020455 -0.030591 
1.499928951 0.15002338525 -0.180415 -0.022026 -0.031314 
1.509778023 0.151010208698 -0.138156 -0.020351 -0.030599 
1.520109892 0.152043904259 -0.188117 -0.02618 -0.022072 
1.530074835 0.153042916097 -0.167018 -0.029152 -0.011065 
1.539914846 0.15402945697 -0.131275 -0.031104 -0.029983 
1.549828053 0.155023336335 -0.202755 -0.026359 -0.021522 
1.560112 0.156067702924 -0.145878 -0.031842 -0.010155 
1.569998026 0.157111787476 -0.188746 -0.040639 -0.011052 
1.579845905 0.15808953889 -0.182245 -0.029114 -0.021901 
1.590182066 0.159115769618 -0.153793 -0.034038 -0.010771 
1.600067854 0.160097284845 -0.203542 -0.03208 -0.012285 
1.609920025 0.161123439958 -0.153941 -0.026144 -0.011757 
1.619828939 0.162216374703 -0.146974 -0.038018 -0.001164 
1.630092859 0.163217809667 -0.190171 -0.040212 -0.003415 
1.639987946 0.164183258159 -0.140524 -0.025932 -0.002712 
1.649823904 0.165142937526 -0.21202 -0.028405 -0.005319 
1.660166979 0.166149200778 -0.148455 -0.029976 -0.013911 
1.670037985 0.167106628644 -0.169747 -0.041847 -0.013771 
1.679893017 0.168104229057 -0.184693 -0.025514 0.006282 
1.689806938 0.169107790658 -0.135078 -0.034694 -0.002357 
1.700085878 0.170148302225 -0.199464 -0.032916 -0.003321 
1.709977865 0.171131107931 -0.157012 -0.030791 -0.001444 
1.719831944 0.172082347381 -0.163908 -0.041649 -0.00082 
1.730139017 0.173127175694 -0.164414 -0.032926 0.000144 
1.74003005 0.17413069426 -0.128215 -0.042318 -0.01754 
1.749893904 0.175131455315 -0.192211 -0.032302 0.001196 
1.760208845 0.176156043267 -0.156534 -0.049935 -0.006694 
1.77008605 0.177119273226 -0.156594 -0.047809 -0.005293 
1.779971838 0.178089828028 -0.164154 -0.035837 -0.005001 
1.789814949 0.179056192939 -0.142442 -0.045963 -0.003773 
1.800124884 0.180068389125 -0.156674 -0.053021 0.007312 
1.810035944 0.18106149921 -0.14957 -0.05683 -0.001317 
1.819900036 0.182145003741 -0.142395 -0.042267 -0.011187 
1.830206871 0.183161630198 -0.156658 -0.036056 -0.001519 
1.840062857 0.184133786648 -0.156684 -0.051456 -0.000588 
1.849956036 0.185109611672 -0.142622 -0.04933 0.02033 
1.859807968 0.186072504314 -0.149275 -0.045907 0.000506 
1.870102882 0.187064971715 -0.142394 -0.056661 0.001123 
1.88001895 0.18806607156 -0.142125 -0.056489 0.011466 
1.889863014 0.189059902073 -0.127856 -0.054638 0.012071 
1.899800062 0.190063120003 -0.142191 -0.062424 0.002595 
1.910047054 0.191126245436 -0.120899 -0.050553 0.002455 
1.919942856 0.192193196486 -0.142358 -0.061868 0.012811 
1.929797888 0.193192218336 -0.149437 -0.074018 0.01307 
1.940088034 0.194235348455 -0.12778 -0.059563 0.013663 
1.950037956 0.195243989471 -0.14935 -0.048427 0.022898 
1.959861994 0.196170170769 -0.1282 -0.067075 0.044017 
1.970151901 0.19710585802 -0.135194 -0.087567 0.014605 
1.980037928 0.198083418155 -0.128961 -0.059248 0.013162 
1.989922047 0.199060789621 -0.121644 -0.070386 0.013905 
1.999771833 0.200034766137 -0.136192 -0.08596 0.01447 
2.010088921 0.201054950882 -0.121811 -0.06983 0.024121 
2.019975901 0.202032605252 -0.150116 -0.07817 0.013492 
2.029824019 0.203062274579 -0.164942 -0.070737 0.023152 
2.04014802 0.204143394795 -0.100976 -0.070282 0.034572 
2.05001998 0.205177177679 -0.164938 -0.085011 0.01319 
2.059883833 0.206210111605 -0.158148 -0.080371 0.013791 
2.069751978 0.207227010304 -0.115579 -0.061275 0.034502 
2.080054998 0.208239691185 -0.136912 -0.090394 0.024989 
2.089964867 0.209213729368 -0.108815 -0.088999 0.016284 
2.099789858 0.210179424916 -0.137813 -0.081004 0.015729 
2.110139847 0.211196722367 -0.123464 -0.088335 0.016038 
2.120014906 0.212167375574 -0.137717 -0.088337 0.026017 
2.129907847 0.213140847066 -0.14515 -0.077204 0.026189 
2.139746904 0.21410901634 -0.116258 -0.091416 0.02797 
2.150065899 0.215124411809 -0.180811 -0.089081 0.037222 
2.160012007 0.216103114967 -0.138679 -0.086567 0.038057 
2.169862986 0.217072457372 -0.138203 -0.08667 0.028087 
2.180188894 0.218134557023 -0.16711 -0.0887 0.028033 
2.190023899 0.219147384857 -0.117489 -0.089818 0.029666 
2.199909926 0.220165467036 -0.167095 -0.103817 0.018866 
2.210223913 0.221227621363 -0.14597 -0.09139 0.028943 
2.220088005 0.222226573927 -0.146304 -0.090277 0.049376 
2.229997873 0.223184147231 -0.167596 -0.096777 0.050001 
2.239843845 0.224135546376 -0.131853 -0.09873 0.031083 
2.250154018 0.225131800455 -0.16045 -0.083339 0.051025 
2.259984016 0.22608165606 -0.16005 -0.09291 0.051772 
2.269927025 0.227042431721 -0.146572 -0.099472 0.051827 
2.280206919 0.228070209338 -0.168132 -0.089179 0.061858 
2.290073872 0.229066809663 -0.139382 -0.104402 0.053176 
2.299955845 0.230064927066 -0.188861 -0.102273 0.062005 
2.309803009 0.231059528626 -0.153463 -0.096899 0.06321 
2.320159912 0.232105615791 -0.181671 -0.107202 0.063354 
2.329984903 0.233083538345 -0.161508 -0.078612 0.073162 
2.339854002 0.234064927953 -0.146845 -0.094393 0.064241 
2.350195885 0.235093331509 -0.175615 -0.103474 0.064377 
2.360064983 0.236074721018 -0.132124 -0.102674 0.056292 
2.369964838 0.237059169023 -0.174641 -0.088399 0.065779 
2.379812002 0.238049592918 -0.175416 -0.089593 0.076298 
2.390120983 0.239087109062 -0.154135 -0.108239 0.067922 
2.399944067 0.240075723576 -0.203563 -0.106671 0.067451 
2.409832954 0.241070960633 -0.167946 -0.085448 0.068887 
2.420114994 0.242105765382 -0.217157 -0.100113 0.068311 
2.429991007 0.243096626644 -0.18153 -0.094849 0.089957 
2.439862013 0.244083105127 -0.152511 -0.1099 0.091618 
2.449772835 0.245073562701 -0.216558 -0.101173 0.080494 
2.460093975 0.246105026215 -0.16686 -0.087454 0.071896 
2.469959021 0.247091010013 -0.201979 -0.093498 0.081831 
2.479845047 0.248095866298 -0.187417 -0.093042 0.072099 
2.490159988 0.249144319266 -0.151654 -0.111795 0.074186 
2.500043869 0.250148957525 -0.187669 -0.085995 0.072824 
2.509904862 0.251151269354 -0.173304 -0.086108 0.084202 
2.519796848 0.252154418244 -0.201735 -0.103355 0.09359 
2.530102015 0.253159168128 -0.194089 -0.101332 0.083863 
2.539976835 0.254121959343 -0.19453 -0.092043 0.093213 
2.5498209 0.255081751956 -0.187051 -0.089463 0.093702 
2.560162067 0.256090011827 -0.172741 -0.097076 0.104108 
2.570032835 0.257052407973 -0.200681 -0.107207 0.114595 
2.579889059 0.25807840216 -0.193911 -0.09551 0.11409 
2.589755058 0.259111533217 -0.193597 -0.103961 0.10486 
2.600095987 0.260194397193 -0.222235 -0.105818 0.11515 
2.609961987 0.261227528355 -0.207789 -0.105367 0.106334 
2.619817972 0.262253662835 -0.193383 -0.105197 0.107614 
2.630112886 0.263255924118 -0.186293 -0.09389 0.108152 
2.640023947 0.264220815395 -0.214192 -0.103739 0.108543 
2.649878979 0.265180251969 -0.242608 -0.113768 0.129 
2.660188913 0.266183975524 -0.20653 -0.109612 0.129297 
2.670068979 0.267146255766 -0.227573 -0.09914 0.119261 
2.679956913 0.268175792119 -0.234905 -0.104244 0.120244 
2.689774036 0.269197955596 -0.220235 -0.111964 0.121596 
2.700137854 0.270277041215 -0.248545 -0.10603 0.120929 
2.709998846 0.271303772354 -0.241354 -0.11096 0.122277 
2.719882011 0.272311958074 -0.233859 -0.106531 0.133349 
2.730239868 0.273291699603 -0.247641 -0.109327 0.123571 
2.740116835 0.274225954127 -0.21884 -0.108145 0.125337 
2.749979973 0.275158900576 -0.254066 -0.106014 0.124188 
2.759827852 0.276090403688 -0.23246 -0.102593 0.114819 
2.770210981 0.277074142016 -0.260829 -0.104279 0.135451 
2.780030012 0.278057098021 -0.246414 -0.095929 0.124733 
2.789877892 0.279042942019 -0.238798 -0.1004 0.125413 
2.799732924 0.280029501985 -0.259709 -0.097819 0.144943 
2.810066938 0.281064011512 -0.259845 -0.090768 0.144752 
2.819951057 0.282053483296 -0.245445 -0.09866 0.135761 
2.829779863 0.283037022247 -0.266062 -0.097475 0.144955 
2.840121031 0.284071820189 -0.237925 -0.095799 0.126153 
2.849987984 0.285059165395 -0.25871 -0.094056 0.145564 
2.859859943 0.286047011532 -0.258852 -0.095067 0.1351 
2.869781971 0.287039867866 -0.287248 -0.097758 0.144355 
2.880017996 0.288059909242 -0.244609 -0.088852 0.124812 
2.889899969 0.289044544661 -0.244219 -0.09758 0.124763 
2.899770975 0.290028087334 -0.251125 -0.102225 0.125078 
2.91010499 0.291057764018 -0.243651 -0.090741 0.135044 
2.919986963 0.292042399438 -0.286259 -0.093152 0.144179 
2.929847956 0.293056527855 -0.2791 -0.090183 0.143626 
2.940135002 0.294122248068 -0.25036 -0.089448 0.114734 
2.950011015 0.295145385971 -0.278703 -0.075734 0.134437 
2.959889889 0.296168820269 -0.264399 -0.076293 0.115158 
2.969799995 0.297193752742 -0.299675 -0.082624 0.136105 
2.980123997 0.298190401204 -0.30686 -0.081229 0.125765 
2.989968061 0.299140717879 -0.285193 -0.067616 0.127154 
2.999812841 0.300091103673 -0.291804 -0.05669 0.136882 
3.010128975 0.301086992582 -0.298767 -0.053721 0.116812 
3.019999027 0.30203981806 -0.291454 -0.050585 0.127517 
3.02987504 0.303028099896 -0.327019 -0.050032 0.137015 
3.039753914 0.304024249329 -0.27754 -0.052161 0.128185 
3.050068855 0.305064370159 -0.305464 -0.04605 0.136946 
3.059948921 0.306060639789 -0.320245 -0.04724 0.127033 
3.069800854 0.307167204436 -0.326811 -0.02797 0.136936 
3.080122948 0.308102311134 -0.334169 -0.03408 0.126541 
3.089985848 0.309053758807 -0.319976 -0.041698 0.137862 
3.099869967 0.31004007826 -0.355202 -0.039566 0.136714 
3.109745026 0.311025493631 -0.32681 -0.0226 0.137422 
3.1200459 0.312053400358 -0.340846 -0.02372 0.127883 
3.129859924 0.313108733042 -0.333057 -0.020686 0.128619 
3.13980794 0.314120635777 -0.326044 -0.024217 0.139388 
3.150127888 0.315149245093 -0.333214 -0.020973 0.139631 
3.159998894 0.316133107486 -0.360914 -0.007918 0.139147 
3.1698699 0.317116969879 -0.353379 -0.003207 0.140122 
3.180224896 0.318249655609 -0.367561 0.003567 0.129596 
3.190075874 0.319216648607 -0.360234 -0.008414 0.131135 
3.199997902 0.320181045017 -0.388493 -0.018156 0.14058 
3.20984292 0.321137956246 -0.374041 -0.009643 0.142037 
3.220171928 0.322141910097 -0.373863 0.005924 0.152365 
3.230052948 0.323090533501 -0.373812 0.005363 0.143064 
3.239903927 0.324059630876 -0.387665 -0.00421 0.15379 
3.250218868 0.325087694503 -0.394565 -0.000794 0.164377 
3.26009202 0.326071726157 -0.38022 0.015895 0.15475 
3.269981861 0.327083368718 -0.39425 0.022837 0.155483 
3.279830933 0.328212725548 -0.37987 0.022001 0.145386 
3.290168047 0.329234030906 -0.379494 0.013997 0.166813 
3.30004096 0.330169229288 -0.429334 0.014383 0.145535 
3.309916019 0.331104630947 -0.429166 0.030792 0.155067 
3.32021904 0.332094751577 -0.408325 0.026805 0.156527 
3.330095053 0.333150221724 -0.40793 0.026139 0.166751 
3.339980841 0.334156008269 -0.407656 0.017407 0.167618 
3.349833965 0.335110426926 -0.443459 0.035878 0.175628 
3.36016202 0.336110849573 -0.436639 0.047014 0.165822 
3.37003088 0.337066792492 -0.471905 0.048864 0.17477 
3.379899979 0.338082375604 -0.42928 0.058494 0.176703 
3.390197992 0.339131172431 -0.450415 0.052279 0.166316 
3.400075913 0.340122382841 -0.43645 0.061738 0.176947 
3.409924984 0.341110698266 -0.457889 0.063131 0.176586 
3.419801951 0.342101812945 -0.479098 0.07416 0.176766 
3.430140972 0.343112816987 -0.450358 0.082116 0.187523 
3.440017939 0.344074883265 -0.450479 0.07405 0.178166 
3.449874878 0.345047747602 -0.457426 0.069123 0.188577 
3.460161924 0.346063062822 -0.478985 0.079416 0.198608 
3.470078945 0.347041857157 -0.485719 0.082275 0.198979 
3.479936838 0.348017171107 -0.485972 0.089322 0.199703 
3.489789009 0.348997597675 -0.464229 0.085691 0.190525 
3.500136852 0.350036339522 -0.492057 0.099584 0.19016 
3.509963989 0.351022811625 -0.478229 0.099128 0.180851 
3.51987505 0.352017708224 -0.514386 0.109524 0.181335 
3.530140877 0.353059912169 -0.500001 0.116749 0.18151 
3.540066958 0.354058536728 -0.492714 0.104486 0.193146 
3.549906969 0.355038954981 -0.507226 0.103469 0.193576 
3.559792996 0.356023958079 -0.556476 0.120604 0.203434 
3.570097923 0.357050698652 -0.541542 0.12011 0.185444 
3.579962969 0.358079575398 -0.548975 0.131244 0.185616 
3.589828968 0.359080523685 -0.534737 0.115004 0.177364 
3.600142002 0.360110357157 -0.527191 0.118871 0.179135 
3.610034943 0.361098241206 -0.576447 0.127945 0.17872 
3.619886875 0.3620820302 -0.569474 0.139248 0.180173 
3.629741907 0.363196565939 -0.590456 0.133201 0.181045 
3.640054941 0.364227298793 -0.597108 0.127601 0.174017 
3.649945974 0.365193579638 -0.611207 0.142881 0.175841 
3.659790993 0.366155365254 -0.610624 0.149718 0.157542 
3.670102835 0.367162220177 -0.652359 0.14726 0.159828 
3.679985046 0.368104905791 -0.65251 0.153184 0.141951 
3.689858913 0.369085313616 -0.687765 0.154913 0.144592 
3.699743986 0.370090701459 -0.694975 0.141631 0.128079 
3.710116863 0.371145702715 -0.708313 0.1642 0.141346 
3.719974041 0.372148253423 -0.729902 0.166869 0.115518 
3.729861975 0.37309895023 -0.793405 0.158013 0.1284 
3.740131855 0.374120125717 -0.778075 0.157575 0.11353 
3.750011921 0.375125840032 -0.799385 0.175818 0.125695 
3.759958983 0.376138374021 -0.791981 0.178675 0.117003 
3.769784927 0.377131040369 -0.819287 0.159704 0.119303 
3.780099869 0.378114268273 -0.85482 0.167473 0.11129 
3.790039063 0.379081538913 -0.855097 0.191202 0.113281 
3.799864054 0.380052085627 -0.839408 0.189935 0.096461 
3.810207844 0.381073881107 -0.845791 0.184507 0.099776 
3.820075989 0.382048690723 -0.873187 0.190676 0.082163 
3.829937935 0.38311931461 -0.873145 0.197049 0.065448 
3.839833975 0.384125717338 -0.901093 0.203598 0.048623 
3.850137949 0.385133949881 -0.907865 0.206898 0.051987 
3.860005856 0.386099513747 -0.914172 0.216308 0.04507 
3.86984992 0.387062744602 -0.956312 0.206335 0.049132 
3.880195856 0.388071378155 -0.977044 0.223354 0.032725 
3.890071869 0.389054107242 -1.005194 0.221273 0.026736 
3.899941921 0.390047551571 -1.004473 0.212035 0.021423 
3.909834862 0.391043299732 -0.996713 0.224411 0.006049 
3.920121908 0.392078715504 -1.073298 0.231196 0.009201 
3.930018902 0.393199223761 -1.066055 0.226427 -0.005855 
3.939861059 0.394194501123 -1.079262 0.248999 -0.022083 
3.950196028 0.395238259737 -1.121682 0.245067 -0.028676 
3.960069895 0.396235450317 -1.142009 0.23824 -0.054298 
3.96993494 0.397207017091 -1.176811 0.256548 -0.06036 
3.980237961 0.398147314224 -1.218891 0.259565 -0.077113 
3.990115881 0.399102167603 -1.239207 0.263491 -0.082676 
4.000007868 0.400073877362 -1.245913 0.273448 -0.077545 
4.009855032 0.401041184067 -1.294574 0.274122 -0.083154 
4.020177841 0.402055214337 -1.328683 0.276095 -0.099291 
4.030055046 0.40302547203 -1.320557 0.286681 -0.093548 
4.039904833 0.404032590016 -1.362052 0.308131 -0.109337 
4.04982686 0.405076334608 -1.397069 0.301686 -0.125107 
4.060116053 0.406158703115 -1.439604 0.297749 -0.130784 
4.069957018 0.407193920414 -1.481171 0.312423 -0.126069 
4.079850912 0.408234705564 -1.487568 0.305868 -0.140441 
4.090162039 0.409256053238 -1.529596 0.31992 -0.147231 
4.100019932 0.410225305811 -1.529133 0.326633 -0.142343 
4.109863997 0.411193198781 -1.55025 0.328359 -0.148766 
4.120190859 0.412208561554 -1.578112 0.333788 -0.155613 
4.130066872 0.413179595731 -1.592896 0.347595 -0.162668 
4.139952898 0.414151919987 -1.607057 0.33829 -0.159292 
4.149819851 0.415122586561 -1.621263 0.335757 -0.175505 
4.160130024 0.416136855131 -1.642598 0.353716 -0.181823 
4.169996023 0.417107427855 -1.699504 0.358797 -0.189401 
4.179874897 0.418079267164 -1.692256 0.362089 -0.194185 
4.190204859 0.419119952349 -1.727915 0.371419 -0.209182 
4.200080872 0.420135093432 -1.75637 0.359979 -0.224894 
4.209930897 0.421147563246 -1.76304 0.379123 -0.220383 
4.219832897 0.422165375496 -1.840968 0.38762 -0.236891 
4.230144978 0.423223525905 -1.840845 0.370418 -0.241592 
4.23999691 0.424175661751 -1.847145 0.388612 -0.245339 
4.249857903 0.425128673294 -1.896571 0.381879 -0.240119 
4.260210037 0.426129150953 -1.875419 0.394183 -0.264929 
4.270081997 0.427083222397 -1.938709 0.393113 -0.262089 
4.279909849 0.428033031042 -1.925579 0.401653 -0.2787 
4.289785862 0.429002351572 -1.947011 0.411829 -0.275892 
4.300112963 0.430044347092 -1.997476 0.420815 -0.273019 
4.309977055 0.431039625407 -2.033385 0.422195 -0.29015 
4.319838047 0.432034590934 -2.02639 0.417418 -0.274796 
4.330168009 0.433076875126 -2.040408 0.439355 -0.299783 
4.34008503 0.434072823133 -2.053752 0.422502 -0.304229 
4.349978924 0.43506201021 -2.153869 0.441227 -0.311995 
4.359850884 0.436049004336 -2.118382 0.446925 -0.315021 
4.370131016 0.437076807315 -2.153915 0.440301 -0.310725 
4.380028963 0.438066399609 -2.175524 0.466992 -0.317909 
4.389880896 0.439056465792 -2.168468 0.455442 -0.311546 
4.40018487 0.440096219848 -2.232963 0.47137 -0.307939 
4.410058975 0.441092596656 -2.211654 0.459821 -0.311554 
4.419983864 0.442094097979 -2.282524 0.473131 -0.317117 
4.42983985 0.443088646434 -2.331995 0.47317 -0.331486 
4.440129042 0.444126702044 -2.346155 0.464587 -0.335214 
4.450005055 0.445105963865 -2.403019 0.477892 -0.320345 
4.459859848 0.446083121603 -2.397054 0.48077 -0.34619 
4.470175028 0.447105929283 -2.439939 0.487695 -0.322754 
4.480054855 0.448085569283 -2.447781 0.474229 -0.318284 
4.48993206 0.449083515348 -2.448656 0.489994 -0.315679 
4.500265837 0.450138365862 -2.513588 0.49119 -0.292787 
4.510167837 0.451149141476 -2.464539 0.481262 -0.318324 
4.520019054 0.452154733266 -2.549693 0.492723 -0.295913 
4.52986002 0.453159278655 -2.565329 0.483277 -0.321864 
4.540148974 0.454176918455 -2.594025 0.506604 -0.297042 
4.550019026 0.455134955303 -2.643543 0.483184 -0.292174 
4.559936047 0.456097551198 -2.651045 0.503378 -0.298014 
4.569815874 0.457056536856 -2.700902 0.488124 -0.302398 
4.580112934 0.458056021247 -2.693769 0.508379 -0.286517 
4.589982033 0.45905462859 -2.722385 0.515303 -0.301638 
4.599830866 0.460087739851 -2.765458 0.512873 -0.28884 
4.610146046 0.46116976943 -2.772899 0.531663 -0.303185 
4.620010853 0.462204556313 -2.822984 0.51837 -0.288848 
4.629886866 0.463240518671 -2.836728 0.533425 -0.273806 
4.639811993 0.464226730721 -2.859163 0.528123 -0.26861 
4.650094986 0.465227115587 -2.930667 0.523561 -0.265837 
4.659978867 0.466188672692 -2.917384 0.532268 -0.271189 
4.669831991 0.46714723759 -2.967886 0.526697 -0.268181 
4.680175066 0.468153467557 -2.968715 0.550806 -0.265401 
4.690028906 0.46915141223 -2.990309 0.552634 -0.261854 
4.699882031 0.47017822783 -3.041521 0.529469 -0.259691 
4.709790945 0.471210857324 -3.050402 0.563803 -0.257232 
4.720023871 0.472277252814 -3.071652 0.54319 -0.254394 
4.729949951 0.473311671214 -3.086695 0.540867 -0.251583 
4.73979187 0.474259661357 -3.073337 0.549297 -0.247754 
4.750114918 0.475232603447 -3.14546 0.528711 -0.226061 
4.759996891 0.476163974439 -3.117772 0.563577 -0.223178 
4.76986599 0.477094132063 -3.146664 0.537407 -0.219604 
4.77977705 0.478028244491 -3.211834 0.544926 -0.217462 
4.79005003 0.479032654242 -3.183817 0.546478 -0.213077 
4.799941063 0.4800255008 -3.262501 0.546003 -0.210856 
4.809783936 0.481013513132 -3.22097 0.55555 -0.206551 
4.820122004 0.482051232371 -3.285857 0.548123 -0.203232 
4.830030918 0.483045873796 -3.280091 0.544342 -0.201349 
4.83988595 0.484036086313 -3.3093 0.550642 -0.198481 
4.849808931 0.485033881959 -3.323994 0.533939 -0.186108 
4.860118866 0.486070587386 -3.311305 0.558988 -0.153722 
4.869992971 0.487063468354 -3.340948 0.53371 -0.173589 
4.879792929 0.488048893543 -3.342486 0.574156 -0.132155 
4.89012599 0.489082158286 -3.350422 0.553026 -0.140832 
4.899999857 0.490061478835 -3.387269 0.538772 -0.140086 
4.909841061 0.491037559767 -3.346251 0.565225 -0.118236 
4.91977787 0.492023123098 -3.403391 0.554458 -0.097467 
4.930042028 0.493041153911 -3.390145 0.553257 -0.095095 
4.939936876 0.494022555421 -3.405939 0.554399 -0.083667 
4.949775934 0.495016091504 -3.449271 0.550232 -0.073313 
4.960177898 0.496110989256 -3.41565 0.565645 -0.059351 
4.970033884 0.497148418045 -3.465443 0.55998 -0.068145 
4.979892016 0.49818607272 -3.502142 0.560168 -0.046177 
4.989809036 0.49916901951 -3.489007 0.576769 -0.052516 
5.000077009 0.500160243643 -3.567408 0.561348 -0.049118 
5.009974003 0.501115655124 -3.53296 0.582764 -0.05449 
5.019826889 0.502066808617 -3.604058 0.571323 -0.041182 
5.030155897 0.503063924796 -3.597207 0.57456 -0.049086 
5.04003191 0.504040153044 -3.597975 0.582149 -0.035398 
5.049888849 0.505032529865 -3.677268 0.574553 -0.033361 
5.05980897 0.506031267724 -3.628112 0.587809 -0.040374 
5.070075989 0.507064930576 -3.692604 0.590591 -0.000465 
5.079973936 0.508126181972 -3.707287 0.58816 -0.006708 
5.089805841 0.509099180802 -3.672364 0.577392 -0.022386 
5.100136042 0.510050988622 -3.737448 0.595387 0.008996 
5.110008955 0.511041841273 -3.723802 0.594361 -0.007783 
5.119848013 0.512029296212 -3.752484 0.601848 0.014976 
5.130197048 0.513067932809 -3.781284 0.592364 0.018901 
5.140071869 0.514120531324 -3.781702 0.600689 0.022739 
5.149976969 0.515147819653 -3.837822 0.613342 0.045085 
5.159862995 0.516124451537 -3.837972 0.604873 0.039517 
5.170105934 0.517136342544 -3.859282 0.608722 0.063991 
5.179913044 0.518105178385 -3.873695 0.606464 0.068091 
5.189894915 0.519190911922 -3.874053 0.608015 0.062938 
5.199754 0.520202728332 -3.9379 0.61623 0.076044 
5.210026026 0.52119538826 -3.937908 0.623886 0.061526 
5.219981909 0.52215749701 -4.001587 0.617151 0.076725 
5.229784012 0.523104744891 -3.987022 0.626272 0.092433 
5.240134001 0.524102231393 -4.036671 0.62771 0.087485 
5.249943018 0.525060396497 -4.058249 0.631387 0.101616 
5.25987792 0.526055239569 -4.093884 0.624034 0.085352 
5.26973486 0.527042275824 -4.122282 0.631692 0.089875 
5.28006506 0.528076702525 -4.150577 0.645448 0.115444 
5.28993988 0.529187832226 -4.178291 0.628589 0.121892 
5.299779892 0.530204955008 -4.23587 0.658064 0.106082 
5.310130835 0.531181570582 -4.235716 0.632964 0.103283 
5.319999933 0.53211272389 -4.292488 0.645989 0.098754 
5.329872847 0.533044237238 -4.306552 0.630073 0.105313 
5.339777947 0.534089332303 -4.342996 0.656018 0.119788 
5.350007057 0.535161655033 -4.393309 0.648204 0.114171 
5.359940052 0.536127730419 -4.386346 0.644106 0.087975 
5.369778872 0.537084646417 -4.387175 0.644076 0.122963 
5.380080938 0.538086617362 -4.458476 0.648144 0.1149 
5.389998913 0.539095315323 -4.466278 0.63496 0.109273 
5.399831057 0.540104647969 -4.509017 0.648383 0.121387 
5.409756899 0.541091710787 -4.508848 0.639525 0.116861 
5.420032978 0.54211360248 -4.573353 0.656295 0.119672 
5.429939985 0.543098792274 -4.580257 0.643348 0.125677 
5.439787865 0.544070040506 -4.609339 0.649532 0.121322 
5.450119019 0.545081872846 -4.644563 0.643362 0.125865 
5.459995985 0.546056949839 -4.659538 0.674408 0.130294 
5.469847918 0.547032745124 -4.695255 0.644155 0.113988 
5.479775906 0.548016073359 -4.717741 0.670774 0.135925 
5.490033865 0.54903727416 -4.731825 0.676308 0.129069 
5.499873877 0.550019584845 -4.768049 0.654057 0.120831 
5.509788036 0.551011066389 -4.790192 0.672628 0.129748 
5.520117998 0.552044130986 -4.769295 0.661026 0.151593 
5.529975891 0.553029985557 -4.763759 0.656633 0.140139 
5.539821863 0.554010251693 -4.764463 0.664066 0.169316 
5.549777985 0.555000911097 -4.815316 0.666061 0.176482 
5.56003499 0.556032096474 -4.795202 0.654226 0.185778 
5.569934845 0.557027375868 -4.802788 0.650077 0.194104 
5.579779863 0.558017142238 -4.825773 0.64383 0.192023 
5.590116024 0.559070752131 -4.819211 0.655802 0.211832 
5.599932909 0.560070381066 -4.820509 0.656112 0.212246 
5.609835863 0.561058393722 -4.81419 0.651951 0.213341 
5.619775057 0.562050022025 -4.814585 0.643593 0.215912 
5.630032063 0.563073358269 -4.829643 0.651018 0.227403 
5.639957905 0.564164739064 -4.844265 0.658058 0.239022 
5.649837017 0.565203526618 -4.859217 0.657306 0.261597 
5.660156965 0.566206844678 -4.874089 0.63943 0.251333 
5.670019865 0.567165727968 -4.881426 0.64323 0.261792 
5.679856062 0.56812201516 -4.874798 0.655767 0.289986 
5.689812899 0.56909013236 -4.874692 0.647592 0.30107 
5.700095892 0.570103957296 -4.889943 0.654566 0.311399 
5.709966898 0.571105587274 -4.925949 0.648164 0.303393 
5.719810963 0.572104483497 -4.918681 0.643679 0.30682 
5.73012495 0.57315106361 -4.947961 0.658318 0.310779 
5.740042925 0.574124929392 -4.983768 0.660426 0.314208 
5.749893904 0.575092640462 -5.012319 0.65817 0.327371 
5.760215044 0.576139922757 -5.005578 0.638104 0.323215 
5.770107985 0.577143755857 -5.048256 0.644754 0.326338 
5.779996872 0.578147177599 -5.091642 0.66589 0.328952 
5.789849997 0.57909307306 -5.106604 0.649737 0.323879 
5.800143957 0.580081018859 -5.134819 0.664056 0.329254 
5.810016871 0.581056013734 -5.14979 0.654116 0.32387 
5.819874048 0.582029454508 -5.171034 0.673647 0.337317 
5.829776049 0.583007321855 -5.206673 0.675199 0.330529 
5.840069056 0.584084655375 -5.228642 0.670638 0.324959 
5.84996295 0.585135512478 -5.264606 0.67246 0.3394 
5.859811068 0.58610580971 -5.264882 0.655805 0.346747 
5.870115042 0.587121020682 -5.314734 0.672752 0.320428 
5.88002491 0.588097401904 -5.37219 0.686155 0.346182 
5.889903069 0.589055355233 -5.407708 0.679529 0.321899 
5.900207043 0.590064844356 -5.43686 0.678936 0.338048 
5.910064936 0.591060536797 -5.451618 0.693749 0.342372 
5.919935942 0.592057553711 -5.487162 0.687968 0.345872 
5.929856062 0.593059531364 -5.523116 0.69797 0.348314 
5.940141916 0.594175838556 -5.537874 0.697668 0.372052 
5.950067997 0.595212439875 -5.544941 0.685396 0.366002 
5.959868908 0.596195042812 -5.574105 0.70004 0.369046 
5.969802856 0.597190983545 -5.596251 0.702248 0.373382 
5.980039835 0.59821730504 -5.653217 0.697858 0.347941 
5.989892006 0.599132854553 -5.696137 0.696318 0.364894 
5.99979496 0.600078389164 -5.760864 0.721981 0.350433 
6.010082007 0.601091600122 -5.78916 0.719493 0.34915 
6.01994586 0.60206312907 -5.839684 0.736696 0.346806 
6.029815912 0.603035268581 -5.889687 0.730058 0.334332 
6.040155888 0.604053692721 -5.946885 0.742625 0.330472 
6.049994946 0.605040567863 -5.989977 0.747973 0.33506 
6.05991292 0.606078877103 -6.011627 0.743023 0.330532 
6.069787026 0.607112593817 -6.018581 0.745753 0.326426 
6.080070972 0.608189216538 -6.069609 0.755961 0.329291 
6.089971066 0.609225653927 -6.112118 0.75303 0.334993 
6.099808931 0.610220318724 -6.127064 0.744096 0.340987 
6.110174894 0.611239051568 -6.156151 0.759184 0.346109 
6.120044947 0.612209048004 -6.177754 0.762577 0.341757 
6.12994194 0.613181692014 -6.228285 0.770997 0.336244 
6.139796019 0.614150118577 -6.264461 0.780147 0.341314 
6.150119066 0.615165243241 -6.307847 0.769924 0.336488 
6.160014868 0.616140144561 -6.34445 0.787639 0.329432 
6.169839859 0.617108069818 -6.373371 0.770089 0.324 
6.180140972 0.618122901023 -6.40973 0.772577 0.328217 
6.190036058 0.619097731805 -6.446139 0.790742 0.322323 
6.199873924 0.620078333815 -6.46895 0.793444 0.306091 
6.209811926 0.621104535825 -6.526904 0.806062 0.308165 
6.220097065 0.622166583338 -6.556255 0.812074 0.293466 
6.230016947 0.62319091427 -6.585383 0.809914 0.288935 
6.239830971 0.624204314262 -6.657429 0.814634 0.273394 
6.250150919 0.625216945809 -6.700966 0.827301 0.270441 
6.260006905 0.626166383392 -6.737673 0.84489 0.257992 
6.269914866 0.627120827781 -6.859254 0.833365 0.223942 
6.280231953 0.628114683711 -6.918052 0.854572 0.223419 
6.290083885 0.629063730768 -6.983265 0.855913 0.204074 
6.299979925 0.630022342347 -7.090529 0.860673 0.164186 
6.309813976 0.631016716374 -7.13416 0.882117 0.136738 
6.320180893 0.632064971361 -7.256391 0.895874 0.128106 
6.330021858 0.633060044499 -7.378845 0.900835 0.089557 
6.339899063 0.63405878206 -7.464851 0.910853 0.082209 
6.35018301 0.635094600559 -7.594196 0.913018 0.054557 
6.360120058 0.636084529459 -7.673089 0.927407 0.026581 
6.369993925 0.637068164266 -7.780935 0.943019 0.017638 
6.379849911 0.638050017768 -7.888395 0.956957 -0.021039 
6.390164852 0.639077592375 -7.981921 0.979229 -0.038193 
6.400002003 0.640060558527 -8.124557 0.979621 -0.067906 
6.40990901 0.641058317467 -8.218565 0.993934 -0.085363 
6.419824839 0.642056964893 -8.30488 1.013243 -0.112857 
6.430099011 0.643091701919 -8.419195 1.038941 -0.140771 
6.439934015 0.644082209261 -8.548997 1.048546 -0.169656 
6.449854851 0.645081360954 -8.656311 1.070834 -0.180494 
6.460168839 0.646114709818 -8.728436 1.073861 -0.222106 
6.470016956 0.6470986655 -8.822117 1.089152 -0.236797 
6.479864836 0.648082597502 -8.915945 1.112336 -0.252475 
6.48981595 0.649076843931 -8.974173 1.108419 -0.265326 
6.50008893 0.650109342427 -9.095986 1.122874 -0.290591 
6.509940863 0.651108193635 -9.133342 1.147455 -0.305435 
6.519839048 0.652111734163 -9.227126 1.146901 -0.321274 
6.530164003 0.65315854333 -9.299923 1.157883 -0.35977 
6.540000916 0.654155871716 -9.372552 1.187126 -0.349572 
6.549844027 0.655143404225 -9.430742 1.206186 -0.39052 
6.560199022 0.656154009217 -9.503455 1.209956 -0.412421 
6.570080042 0.657118356195 -9.554951 1.227725 -0.404481 
6.579932928 0.658079957409 -9.641906 1.245766 -0.435021 
6.589843035 0.659047143159 -9.679092 1.254793 -0.462941 
6.600152969 0.660068464902 -9.81621 1.283235 -0.513428 
6.609971047 0.661094551676 -9.889441 1.302544 -0.519507 
6.619801998 0.661094551676 -10.018689 1.32556 -0.576658 
