0.0 0.000175021202477 0.033879 -0.019718 0.005902 
0.00992012 0.00116837721717 0.012309 -0.025548 -0.004612 
0.01982212 0.00215956481664 0.048097 -0.028902 -0.003456 
0.030148029 0.00319273210656 0.033661 -0.020451 -0.013742 
0.040040016 0.00418248297505 0.004927 -0.014976 -0.013741 
0.049894094 0.00516844082747 0.033682 -0.022137 -0.01215 
0.059781074 0.00615769071647 0.033728 -0.013794 -0.011975 
0.070091962 0.00719640731336 0.012416 -0.013239 -0.012456 
0.079972982 0.00820023916642 0.012508 0.003448 -0.012104 
0.089816093 0.00920021977116 -0.009103 -0.002664 -0.012521 
0.100126981 0.0102477227423 0.026772 0.002607 -0.021287 
0.110028982 0.0112536860956 0.005303 -0.002494 -0.011241 
0.119889021 0.0122318204552 0.005202 0.013743 -0.012052 
0.130124092 0.0132278941827 0.004939 0.021633 -0.012123 
0.140084982 0.0141972847059 0.004543 0.012554 -0.002448 
0.149967908 0.0151590877984 0.033375 0.014861 -0.011575 
0.159786939 0.0161146726506 0.039819 0.018885 -0.023395 
0.170115947 0.0171497415607 0.01835 0.013783 -0.013349 
0.180012941 0.0181876207055 0.053905 0.019443 -0.023157 
0.189918041 0.0192263499113 0.018203 0.021677 -0.014336 
0.199815034 0.0202642289513 0.03915 0.018538 -0.014588 
0.210083961 0.0213411120103 0.024607 0.025419 -0.016059 
0.219988107 0.0223342826161 0.045553 0.02228 -0.016311 
0.22983694 0.0232959455775 0.024414 0.02497 -0.017221 
0.240133047 0.0243012814125 0.023755 0.02378 -0.007618 
0.25003004 0.0252676468283 0.038139 0.008669 -0.027678 
0.259875059 0.0262289373818 0.052575 0.000218 -0.017391 
0.269802093 0.0272265580272 0.044989 0.011184 -0.028478 
0.28007102 0.0282947883031 -0.004835 0.003673 -0.019275 
0.289953947 0.0293228647356 0.016244 0.007757 -0.009374 
0.299798011 0.0303468984251 -0.004318 -0.005893 -0.019443 
0.310107946 0.0314193945788 0.016532 -0.001699 -0.029982 
0.319977045 0.0323822993176 0.038853 -0.004704 -0.028571 
0.329854011 0.0333156751253 0.038807 -0.013047 -0.028747 
0.33978796 0.034254435841 0.038569 0.010241 -0.029748 
0.350040912 0.0352233424217 0.025202 -0.005647 -0.028682 
0.359966993 0.0361613596094 0.018884 0.003884 -0.029291 
0.369803905 0.0371168472935 0.025897 0.000354 -0.018522 
0.380115032 0.0381472091085 0.018991 -0.004292 -0.018207 
0.390012979 0.0391362830124 -0.008802 0.001822 -0.038941 
0.399898052 0.0401240704539 0.006299 0.002622 -0.027985 
0.409778118 0.0411113575599 3.1e-05 0.006222 -0.038381 
0.420058012 0.0421414953756 0.006862 0.001399 -0.027978 
0.42991209 0.0431336221895 0.021283 0.017811 -0.028423 
0.439758062 0.0441249328762 0.014589 0.020953 -0.03815 
0.450127124 0.0451689092324 0.00782 0.009256 -0.037645 
0.45994091 0.0461569793731 0.007683 0.016307 -0.037836 
0.469883918 0.047153826723 0.00785 0.015751 -0.048052 
0.479804992 0.0481412106681 -0.00582 0.00747 -0.03696 
0.490006923 0.0491565465964 0.001705 0.018394 -0.036295 
0.499954938 0.0501466118148 -0.01946 0.005684 -0.036275 
0.509800911 0.0511265214158 -0.01912 0.012633 -0.046436 
0.520117044 0.0521672627978 -0.011641 0.015213 -0.045947 
0.529983997 0.0531862004502 -0.018446 -0.00567 -0.044821 
0.53987503 0.054207624789 -0.046365 -0.008464 -0.045537 
0.550198078 0.0552736623281 -0.03879 -0.003472 -0.054659 
0.560074091 0.0562935355859 -0.037872 0.004103 -0.054229 
0.569862127 0.0572686928986 -0.051517 -0.005744 -0.063817 
0.579788923 0.0582254516133 -0.051598 -0.006308 -0.043623 
0.590111017 0.0592203097114 -0.080069 -0.008722 -0.04355 
0.599980115 0.0601715074108 -0.065131 -0.01627 -0.031855 
0.609890937 0.0611267265287 -0.071703 -0.022028 -0.051973 
0.620206117 0.0621385920654 -0.078563 -0.01833 -0.051483 
0.63008213 0.0631398026065 -0.085034 -0.02336 -0.051042 
0.639877081 0.0641327952433 -0.092553 -0.020852 -0.040948 
0.649744033 0.0651330871983 -0.084851 -0.016698 -0.05019 
0.660111904 0.066246359437 -0.120026 -0.015127 -0.060639 
0.669981002 0.0672332450227 -0.098181 -0.01803 -0.049258 
0.679863929 0.0681420232646 -0.104981 -0.030851 -0.03786 
0.690195083 0.0691711457773 -0.111857 -0.029002 -0.047953 
0.699978113 0.0701456677345 -0.133132 -0.033654 -0.036745 
0.709948062 0.0711388093493 -0.11148 -0.02189 -0.045939 
0.719788074 0.072152238763 -0.1395 -0.02284 -0.035156 
0.730107069 0.0732566427029 -0.117752 -0.018409 -0.034062 
0.739916086 0.0742256915832 -0.117305 -0.019636 -0.033139 
0.749788999 0.0752010528542 -0.131077 -0.028646 -0.042608 
0.760191917 0.0762287741886 -0.159381 -0.01465 -0.033002 
0.770066022 0.07726403856 -0.144712 -0.02237 -0.03165 
0.779947042 0.0783222991447 -0.172737 -0.031381 -0.03114 
0.789732933 0.0792711785236 -0.165465 -0.018781 -0.030236 
0.800107956 0.0802771825126 -0.16515 -0.010265 -0.019717 
0.809962987 0.0812327659842 -0.165023 -0.011104 -0.019837 
0.819854021 0.0821912236948 -0.178841 -0.01149 -0.009731 
0.830191135 0.0831962833424 -0.171017 0.00073 -0.009616 
0.840062141 0.084172457024 -0.170662 -0.007439 -0.028943 
0.849923133 0.0851476403908 -0.184915 -0.007441 -0.018964 
0.859755992 0.0861200416001 -0.155992 0.001808 -0.007841 
0.870080947 0.0872457272539 -0.163025 -0.002 -0.007408 
0.879952907 0.0883285266574 -0.176802 -0.002104 -0.007399 
0.889806985 0.0892659693304 -0.140897 0.004292 -0.027057 
0.900133133 0.0902483211835 -0.161986 0.001051 -0.037754 
0.910035133 0.0911903227942 -0.169516 0.004402 -0.028457 
0.919888019 0.0921878775622 -0.15544 0.005803 -0.029014 
0.92979598 0.0932584806323 -0.162397 0.001719 -0.019399 
0.94008398 0.0942532242567 -0.14859 0.002948 -0.0303 
0.949973106 0.095209400874 -0.170212 -0.002321 -0.031513 
0.959818124 0.0961613127021 -0.149108 0.011792 -0.023028 
0.970176935 0.0971849763272 -0.13553 0.003386 -0.034472 
0.980052948 0.0982000663677 -0.157592 0.007406 -0.026335 
0.989901065 0.0991895828237 -0.122767 0.019493 -0.018345 
0.999788045 0.100183004146 -0.137702 0.003021 -0.020104 
1.010081052 0.10121722214 -0.123829 0.010186 -0.022134 
1.020005941 0.102204568045 -0.124671 0.002334 -0.013383 
1.029868126 0.103169340429 -0.132764 0.021301 -0.016402 
1.040151119 0.104178709217 -0.084188 0.018094 -0.007489 
1.050036907 0.105152921253 -0.084863 0.009686 -0.008954 
1.059899091 0.106124807192 -0.128557 0.014649 -0.002341 
1.069798946 0.107101361762 -0.07958 0.011617 -0.012579 
1.080157995 0.108125038411 -0.122818 0.00914 -0.004733 
1.089951992 0.109105186722 -0.102094 0.014172 -0.015153 
1.099838972 0.110096152045 -0.116394 0.005826 -0.00535 
1.110122919 0.111126905103 -0.109487 0.010472 -0.005665 
1.119997024 0.112116047079 -0.06661 0.013056 -0.004457 
1.129867076 0.113103608222 -0.130652 0.014729 0.014104 
1.140139103 0.114133462201 -0.081573 0.02217 0.004527 
1.150048971 0.115127006804 -0.116991 0.009459 0.014526 
1.159882068 0.116112854492 -0.117914 0.025904 0.00416 
1.169799089 0.11712363474 -0.089331 0.011238 0.005694 
1.180218935 0.118217007351 -0.131843 0.011239 0.005218 
1.190064907 0.119194569427 -0.118025 0.011625 -0.004887 
1.199934959 0.120174522298 -0.096536 0.009671 -0.013827 
1.209784984 0.121152486779 -0.139479 0.008372 0.015741 
1.22013092 0.122244308243 -0.103994 0.005405 -0.012724 
1.229990005 0.123313936147 -0.111072 0.010221 0.007283 
1.239845991 0.124275569615 -0.117812 0.005019 -0.002619 
1.250159978 0.12528188954 -0.117918 -0.001199 -0.001393 
1.260039091 0.126245779474 -0.146267 0.004453 0.008037 
1.269915104 0.127206092911 -0.103867 -0.009827 -0.000535 
1.279793024 0.128166747767 -0.124981 -0.006131 0.009934 
1.290077924 0.129207862651 -0.139037 -0.000195 -0.000712 
1.299968004 0.130209010886 -0.132156 -0.010949 -9.6e-05 
1.309818029 0.131206104453 -0.174987 -0.005189 -0.001128 
1.320150137 0.132228715283 -0.139594 -0.007877 -0.010196 
1.330003976 0.133184009473 -0.174881 -0.013365 0.009955 
1.339877128 0.134185713879 -0.125548 -0.0076 0.000139 
1.350214004 0.135234466519 -0.146445 -0.020137 0.010503 
1.360105037 0.136237985085 -0.153928 -0.008442 0.019976 
1.369959116 0.137213485884 -0.125366 -0.006308 0.000506 
1.379800081 0.138173554479 -0.146835 -0.011409 0.010552 
1.390083074 0.139183105587 -0.161225 -0.00436 0.020339 
1.399989128 0.140155650039 -0.139908 -0.013819 0.011343 
1.409876108 0.141126321867 -0.168228 -0.007043 0.00988 
1.420191049 0.142170854308 -0.133285 -0.008622 0.022161 
1.430078029 0.143245302397 -0.175549 -0.018359 0.011174 
1.439937114 0.14421776452 -0.154546 -0.013998 0.011893 
1.449814081 0.145191990455 -0.118758 -0.022722 0.012564 
1.460098028 0.146206359328 -0.162162 -0.009527 0.011214 
1.470000028 0.14717155011 -0.098064 -0.001849 0.032786 
1.479871988 0.148126350547 -0.162051 -0.031978 0.012335 
1.490221023 0.149171161588 -0.1412 -0.010818 0.021545 
1.500080108 0.150166508581 -0.148406 -0.02213 0.021923 
1.509979963 0.151165971605 -0.177197 -0.024155 0.020953 
1.519840002 0.152195777998 -0.13477 -0.00607 0.0312 
1.530163049 0.153300554745 -0.156052 -0.018783 0.032136 
1.540039062 0.154301703477 -0.120623 -0.012285 0.022448 
1.549873113 0.155298598447 -0.120172 -0.027787 0.013408 
1.560234069 0.156348906699 -0.169808 -0.025944 0.03325 
1.570106029 0.157267083986 -0.106049 -0.027065 0.025821 
1.579982996 0.158172105387 -0.141249 -0.023928 0.036051 
1.589818 0.159144620214 -0.169853 -0.033565 0.025971 
1.600155115 0.160166785289 -0.127122 -0.037481 0.038502 
1.610001087 0.161140384665 -0.183846 -0.03183 0.038393 
1.619902134 0.162119430023 -0.162489 -0.035638 0.019786 
1.630218982 0.163144288518 -0.176493 -0.042806 0.051311 
1.640047073 0.164173477479 -0.154907 -0.046723 0.053145 
1.649934053 0.165208833244 -0.15471 -0.060548 0.044344 
1.659886121 0.166251004967 -0.182663 -0.045817 0.0441 
1.670140981 0.167324884799 -0.118206 -0.055212 0.036869 
1.680048942 0.168338650315 -0.146398 -0.063667 0.047595 
1.689882993 0.169305236368 -0.167648 -0.05292 0.057873 
1.700205087 0.170319792028 -0.160281 -0.064619 0.049315 
1.710052967 0.17128773733 -0.188883 -0.05729 0.058984 
1.719954967 0.17226100207 -0.14556 -0.055934 0.061115 
1.729787111 0.173227504943 -0.159195 -0.071994 0.051838 
1.74010992 0.174243275712 -0.15205 -0.068301 0.07276 
1.749992132 0.175215691464 -0.14495 -0.063206 0.073608 
1.75982809 0.176183555794 -0.172971 -0.081122 0.064641 
1.77018404 0.177202587658 -0.172342 -0.081057 0.06593 
1.780043125 0.178176113741 -0.194074 -0.068524 0.056007 
1.789953947 0.179196749357 -0.180038 -0.062034 0.066032 
1.799798965 0.18021060835 -0.151146 -0.076247 0.067812 
1.810101032 0.181271535133 -0.193613 -0.094614 0.067662 
1.819976091 0.182288487806 -0.157839 -0.073105 0.058086 
1.829849004 0.183284537452 -0.193085 -0.078311 0.06814 
1.840187072 0.184283486977 -0.186741 -0.067073 0.068304 
1.850014925 0.185233135314 -0.179271 -0.078044 0.080307 
1.859910965 0.186189372443 -0.20715 -0.080556 0.069494 
1.86979103 0.187144065934 -0.163993 -0.078643 0.081842 
1.880106926 0.188140873018 -0.178535 -0.086155 0.092679 
1.889972925 0.18913130334 -0.213538 -0.077079 0.082286 
1.899851083 0.190129035413 -0.16387 -0.069855 0.084095 
1.910190105 0.191173316529 -0.177607 -0.079423 0.093905 
1.920006036 0.192164763435 -0.177678 -0.08805 0.075247 
1.929935932 0.19316767913 -0.212918 -0.085195 0.095574 
1.940237999 0.194192123357 -0.192016 -0.064596 0.095483 
1.950118064 0.195174603431 -0.184659 -0.075452 0.086129 
1.95996499 0.196153788142 -0.212862 -0.077694 0.096546 
1.96984601 0.197136363182 -0.148454 -0.086528 0.098616 
1.980185031 0.198165140326 -0.226755 -0.077803 0.09747 
1.990081071 0.199161097275 -0.191625 -0.072602 0.088331 
1.999943971 0.200153718949 -0.162874 -0.070859 0.099398 
2.009787082 0.20114434902 -0.183953 -0.084688 0.109395 
2.02009511 0.202181769252 -0.170359 -0.07613 0.089122 
2.029952049 0.203173791 -0.199008 -0.077145 0.098615 
2.039813041 0.204162674591 -0.177482 -0.074288 0.109439 
2.050202131 0.205200928822 -0.191605 -0.089403 0.109336 
2.060039043 0.206184000054 -0.198592 -0.070473 0.097636 
2.069920063 0.207171479306 -0.155704 -0.068733 0.09964 
2.079831123 0.208163275314 -0.198171 -0.0871 0.09949 
2.090101003 0.209207148096 -0.177269 -0.066501 0.099398 
2.099975109 0.210210792784 -0.205508 -0.083299 0.109949 
2.109830141 0.211212498713 -0.204853 -0.067835 0.110308 
2.120176076 0.212264102038 -0.176417 -0.074608 0.110856 
2.130038976 0.21325981436 -0.233021 -0.077857 0.100355 
2.139897108 0.214220978501 -0.169161 -0.063856 0.101177 
2.149812936 0.21518776798 -0.183455 -0.06414 0.121252 
2.160087108 0.216189495863 -0.211227 -0.074828 0.121523 
2.169945001 0.217150636702 -0.17555 -0.092461 0.113632 
2.17982006 0.218113451219 -0.210993 -0.074097 0.112588 
2.190192937 0.219198065681 -0.175777 -0.070015 0.113427 
2.20006299 0.220231621258 -0.211332 -0.075676 0.123234 
2.209926128 0.221264452722 -0.20398 -0.072257 0.123843 
2.219818115 0.222300305146 -0.210759 -0.077741 0.124038 
2.230122089 0.223364937547 -0.203706 -0.08099 0.12471 
2.239948988 0.224321635233 -0.217808 -0.083397 0.113889 
2.249855041 0.225286038957 -0.203533 -0.073485 0.124766 
2.260127067 0.226286071979 -0.217797 -0.067274 0.134434 
2.270025968 0.227249779419 -0.174209 -0.073807 0.136636 
2.279885053 0.228214448011 -0.216388 -0.084664 0.135626 
2.290215969 0.229290107859 -0.195137 -0.080296 0.105936 
2.299998045 0.230308622226 -0.209385 -0.072237 0.126187 
2.309962034 0.231346077461 -0.223607 -0.065744 0.125758 
2.319808006 0.232371244711 -0.216038 -0.078559 0.126262 
2.330142021 0.23341589951 -0.22336 -0.075482 0.115246 
2.339927911 0.234341539132 -0.230402 -0.05611 0.135119 
2.349807024 0.235275996644 -0.223537 -0.068713 0.125153 
2.360155105 0.236254813469 -0.237537 -0.070391 0.134892 
2.370007038 0.237186700046 -0.202311 -0.072523 0.13604 
2.379874944 0.238124478434 -0.223324 -0.070671 0.13501 
2.389780998 0.239116146071 -0.216387 -0.059531 0.124289 
2.40011096 0.240150249963 -0.202038 -0.066862 0.124598 
2.409996032 0.24113981715 -0.223487 -0.064626 0.123441 
2.419861078 0.242127379589 -0.223837 -0.065362 0.133291 
2.430202961 0.243162642698 -0.224146 -0.065816 0.133045 
2.440050125 0.244148007702 -0.22443 -0.05087 0.131867 
2.449945926 0.245138239608 -0.22436 -0.059209 0.130776 
2.459749937 0.246119286469 -0.217367 -0.055684 0.140439 
2.470133066 0.247158283275 -0.21717 -0.064861 0.139228 
2.479978084 0.248143120689 -0.210091 -0.05271 0.13897 
2.48984003 0.249125760627 -0.210583 -0.054456 0.138357 
2.50020194 0.250158216757 -0.2175 -0.058259 0.137876 
2.510044097 0.251138884928 -0.231733 -0.050923 0.136651 
2.519942045 0.252125112089 -0.19634 -0.053611 0.127583 
2.529798984 0.253107253132 -0.203561 -0.049806 0.137127 
2.540062904 0.254165700753 -0.218053 -0.043486 0.126355 
2.550009965 0.255196199106 -0.189733 -0.050263 0.127818 
2.559865951 0.256217262247 -0.218149 -0.036153 0.116067 
2.570158958 0.257283600009 -0.218301 -0.045344 0.117603 
2.580063104 0.258300133747 -0.21108 -0.049149 0.108059 
2.589910984 0.259250818806 -0.225465 -0.034038 0.128119 
2.599839925 0.260209329254 -0.218026 -0.021995 0.118806 
2.610120058 0.261201742733 -0.246381 -0.024404 0.117964 
2.619995117 0.262155051572 -0.238932 -0.028319 0.12886 
2.62986207 0.263107577883 -0.246055 -0.016731 0.129279 
2.640233039 0.26414878697 -0.225316 -0.004481 0.129928 
2.650120973 0.265145849981 -0.238703 -0.013313 0.129888 
2.659938097 0.26613577277 -0.245918 -0.018413 0.129955 
2.669814109 0.267131633609 -0.238839 -0.006262 0.129697 
2.68008995 0.268269389233 -0.252586 0.000128 0.119298 
2.689984083 0.269165725775 -0.260237 -0.004587 0.119239 
2.699849128 0.270123824365 -0.245609 -0.012589 0.130688 
2.710171938 0.271153920048 -0.260221 0.002632 0.130307 
2.720027923 0.272137432057 -0.252443 0.006509 0.130247 
2.729918003 0.273124346348 -0.25947 0.010763 0.140954 
2.740226984 0.274240535748 -0.273815 0.009189 0.131168 
2.750116109 0.275234962591 -0.273662 0.009357 0.142427 
2.76000309 0.276220417243 -0.280711 0.003701 0.132278 
2.769834041 0.277200287276 -0.266305 0.003871 0.133559 
2.780143022 0.278230750116 -0.273332 0.008125 0.144266 
2.790014028 0.279318882667 -0.273382 0.023801 0.134154 
2.799873113 0.28027847604 -0.272632 0.014967 0.125051 
2.810174942 0.281279788161 -0.272632 0.014967 0.125051 
2.820096969 0.282244184473 -0.272237 0.0143 0.135275 
2.829961061 0.283202949647 -0.293807 0.025436 0.14451 
2.839812994 0.284147972576 -0.286844 0.037582 0.145167 
2.850151062 0.285167869403 -0.293533 0.016704 0.145377 
2.860026121 0.286152091122 -0.322587 0.022568 0.144336 
2.86986804 0.287133009863 -0.307852 0.03053 0.134661 
2.880224943 0.288207431254 -0.307963 0.038587 0.145849 
2.890097141 0.289339439857 -0.308266 0.046194 0.155875 
2.899965047 0.290294262077 -0.300777 0.042561 0.156674 
2.909811973 0.291226998876 -0.307613 0.044692 0.136484 
2.920151949 0.292206439171 -0.321506 0.044583 0.137408 
2.930036068 0.293164847912 -0.335318 0.035292 0.138037 
2.939898967 0.294218916539 -0.335282 0.049849 0.137902 
2.950227022 0.295261110497 -0.342223 0.062728 0.138688 
2.960108995 0.2962183236 -0.370689 0.068376 0.149033 
2.969975948 0.297174081798 -0.348592 0.056576 0.120527 
2.979804039 0.298126075645 -0.368788 0.050881 0.111676 
2.990150928 0.299195878313 -0.382914 0.065156 0.102122 
3.000028133 0.300198304244 -0.375226 0.070034 0.114356 
3.009903907 0.30118929921 -0.395868 0.070935 0.105068 
3.019810915 0.302183428385 -0.423285 0.069045 0.105761 
3.030108928 0.303216793369 -0.422701 0.075882 0.087462 
3.03998208 0.304179040479 -0.415206 0.095426 0.079121 
3.049828052 0.305138936074 -0.456891 0.077291 0.091519 
3.060113906 0.306154133646 -0.463361 0.087376 0.072547 
3.069967031 0.307126621547 -0.441247 0.099762 0.074859 
3.079848051 0.308101965912 -0.454825 0.096572 0.067039 
3.089801073 0.309086736863 -0.49681 0.101279 0.047779 
3.100073099 0.310110322349 -0.495587 0.092223 0.050978 
3.109929084 0.311099690285 -0.544954 0.092387 0.042001 
3.11976695 0.312087239391 -0.529883 0.107178 0.044437 
3.130114078 0.313125920986 -0.529725 0.113556 0.026807 
3.140015125 0.314132402703 -0.543906 0.111307 0.029076 
3.149913072 0.315126784921 -0.571475 0.100226 0.031305 
3.160247087 0.316156423703 -0.606653 0.116793 0.023714 
3.170133113 0.317141426701 -0.606272 0.115 0.016252 
3.179978132 0.318122343931 -0.605262 0.113271 0.010079 
3.189806938 0.319151406741 -0.625821 0.12268 0.01314 
3.200119972 0.320193349244 -0.660499 0.108068 0.006622 
3.209995031 0.321179447641 -0.695631 0.132978 -0.000793 
3.219859123 0.322164450902 -0.694936 0.122735 -0.017485 
3.230154991 0.323195142027 -0.708564 0.120828 -0.023108 
3.240068912 0.324330027288 -0.701392 0.123676 -0.029969 
3.249979972 0.325301925496 -0.750823 0.125847 -0.015273 
3.259805917 0.326261847723 -0.814504 0.116539 -0.032133 
3.270134925 0.327270915489 -0.821301 0.136521 -0.027503 
3.280030965 0.328235385213 -0.842109 0.138701 -0.033678 
3.289900064 0.329176820045 -0.869885 0.14301 -0.030549 
3.300193071 0.330204618759 -0.905226 0.128892 -0.057634 
3.31006813 0.331208988101 -0.883568 0.139694 -0.043761 
3.319942951 0.332213333237 -0.911044 0.1453 -0.04118 
3.329785108 0.333212145741 -0.91694 0.138926 -0.047039 
3.340065002 0.334198966613 -0.945886 0.152452 -0.063513 
3.34998703 0.335190773316 -0.959571 0.143045 -0.070108 
3.359853029 0.336195055719 -1.009514 0.150525 -0.05713 
3.370187044 0.337246978532 -0.995102 0.142512 -0.072429 
3.38005805 0.338237035602 -1.052185 0.154362 -0.070102 
3.389933109 0.339178333533 -1.066615 0.16 -0.096483 
3.399760007 0.340136838493 -1.087251 0.15457 -0.083189 
3.410094976 0.341157762604 -1.093557 0.16398 -0.090106 
3.419969081 0.342133160969 -1.100513 0.165988 -0.087108 
3.429839134 0.343108159064 -1.141949 0.170197 -0.084885 
3.440180063 0.344239866413 -1.163467 0.171748 -0.072156 
3.450052976 0.345229228071 -1.170145 0.165142 -0.090564 
3.459909916 0.346193718828 -1.198483 0.185067 -0.099751 
3.469835996 0.347164974858 -1.177566 0.181524 -0.096213 
3.480121135 0.348170990769 -1.212601 0.199102 -0.093341 
3.490031004 0.349137086185 -1.226808 0.196569 -0.109554 
3.499861955 0.350117412362 -1.24066 0.187718 -0.105932 
3.51018095 0.351156043877 -1.275615 0.196113 -0.103355 
3.520076036 0.352152007938 -1.268094 0.199697 -0.120067 
3.529936075 0.353144444434 -1.303561 0.208754 -0.126798 
3.539811134 0.35426424905 -1.317839 0.213838 -0.134816 
3.550113916 0.355304757004 -1.338956 0.23253 -0.121489 
3.559981107 0.356301273355 -1.367391 0.213313 -0.128991 
3.569886922 0.357301690457 -1.36783 0.228694 -0.126259 
3.580178022 0.358305759862 -1.424803 0.232486 -0.13512 
3.590076923 0.359209175299 -1.424974 0.231073 -0.141794 
3.599946022 0.360167885112 -1.403817 0.236324 -0.136918 
3.609801054 0.361135964707 -1.446773 0.249014 -0.144449 
3.620099067 0.362147559216 -1.467876 0.235622 -0.160038 
3.629997968 0.363119948151 -1.489028 0.245128 -0.14609 
3.639850139 0.364087746704 -1.503361 0.243434 -0.162184 
3.650182962 0.365150091542 -1.531517 0.250257 -0.158696 
3.660073995 0.36619057573 -1.532467 0.2663 -0.165273 
3.669934988 0.367227899869 -1.574943 0.254867 -0.172837 
3.679785966 0.368264170483 -1.553974 0.26773 -0.158851 
3.69009614 0.369348746079 -1.590081 0.260599 -0.187417 
3.699971914 0.370319838674 -1.604992 0.260129 -0.174939 
3.709880113 0.371294037459 -1.620121 0.275892 -0.162356 
3.720175027 0.372306259025 -1.641964 0.269771 -0.160942 
3.730061054 0.373278277803 -1.684602 0.266957 -0.148018 
3.739846944 0.374240450862 -1.684874 0.281781 -0.155503 
3.750212907 0.375260021986 -1.699324 0.264966 -0.151268 
3.760071992 0.376229914542 -1.714381 0.287506 -0.159189 
3.769932031 0.377199900948 -1.742268 0.277535 -0.165106 
3.779797077 0.378170379921 -1.77765 0.280102 -0.162346 
3.790143013 0.379188166694 -1.764108 0.295194 -0.157665 
3.800017118 0.380186880134 -1.828214 0.297024 -0.154593 
3.809883117 0.381200991893 -1.821139 0.292811 -0.159432 
3.82023406 0.382264950343 -1.870596 0.293977 -0.156115 
3.830088138 0.38327783676 -1.877921 0.297656 -0.151962 
3.839961052 0.38428682192 -1.877898 0.296692 -0.157474 
3.849811077 0.385238773465 -1.914268 0.300023 -0.154053 
3.860144138 0.386237407823 -1.935988 0.30269 -0.150386 
3.870024919 0.387192331769 -1.929146 0.297747 -0.14629 
3.879882097 0.388144974612 -1.978603 0.298912 -0.142973 
3.890213012 0.38914340157 -2.001135 0.309967 -0.16086 
3.900085926 0.390117268216 -2.008455 0.306593 -0.127022 
3.909964084 0.391113965778 -2.044268 0.30064 -0.133866 
3.91980195 0.392106597911 -2.044829 0.307954 -0.140491 
3.930125951 0.393148280644 -2.087339 0.314047 -0.147585 
3.940016985 0.394146277383 -2.066269 0.310672 -0.132788 
3.949887991 0.395136992308 -2.09454 0.317491 -0.128384 
3.960226059 0.396170587702 -2.151562 0.322567 -0.135047 
3.97007513 0.397155293396 -2.136921 0.314444 -0.129906 
3.979948043 0.398142382802 -2.186023 0.324407 -0.126166 
3.989838123 0.399131188557 -2.228995 0.320855 -0.13197 
4.000083923 0.400161600793 -2.236213 0.326104 -0.136633 
4.010004043 0.401162620886 -2.3148 0.333411 -0.143538 
4.019849062 0.402156062682 -2.27835 0.322945 -0.146294 
4.030189991 0.403199545795 -2.364279 0.342957 -0.133262 
4.040064096 0.404195922603 -2.349943 0.335221 -0.157742 
4.04993391 0.405190531467 -2.399759 0.337216 -0.152474 
4.059751987 0.40616404861 -2.456482 0.333843 -0.139788 
4.070068121 0.407186950884 -2.435395 0.347433 -0.133821 
4.079937934 0.40816559794 -2.506945 0.344272 -0.151122 
4.08980894 0.409144363288 -2.492563 0.335134 -0.155528 
4.100142955 0.410190672365 -2.513902 0.347605 -0.14006 
4.110008955 0.411197773173 -2.578434 0.348976 -0.136319 
4.119863033 0.412203657008 -2.564447 0.340504 -0.15095 
4.129765987 0.413214530004 -2.635641 0.353362 -0.128181 
4.140120983 0.414271546509 -2.586313 0.342764 -0.142578 
4.149987936 0.415242711459 -2.628843 0.341519 -0.138468 
4.159852981 0.416200262302 -2.678964 0.350399 -0.11607 
4.170180082 0.417202662623 -2.686517 0.344443 -0.11246 
4.180022001 0.41815796874 -2.735945 0.346733 -0.120035 
4.18997693 0.419124244176 -2.757701 0.340214 -0.115748 
4.199795961 0.420123104185 -2.750605 0.343339 -0.13179 
4.210106134 0.421204608545 -2.800497 0.361855 -0.108851 
4.219978094 0.422240145756 -2.808299 0.348671 -0.114478 
4.229890108 0.423279884503 -2.843306 0.357627 -0.1026 
4.240190029 0.424360313461 -2.850798 0.344897 -0.10798 
4.250065088 0.425332962171 -2.865091 0.345335 -0.095009 
4.259932041 0.426292872428 -2.943481 0.360431 -0.083375 
4.269823074 0.427255125318 -2.914587 0.352311 -0.088212 
4.28011012 0.428255904482 -2.928949 0.361088 -0.074149 
4.289999961 0.429218041408 -2.964852 0.370529 -0.081008 
4.2998631 0.43022155286 -2.985325 0.364424 -0.055659 
4.310190916 0.431297837043 -3.049842 0.365071 -0.073394 
4.320061922 0.432326516062 -3.042858 0.361137 -0.058836 
4.329936027 0.433355518034 -3.099647 0.383188 -0.047581 
4.339843034 0.434387948795 -3.107536 0.361379 -0.043287 
4.350112915 0.43536898201 -3.107331 0.361707 -0.048432 
4.360001087 0.436300937254 -3.135714 0.375861 -0.025737 
4.369854927 0.437229656726 -3.129262 0.379645 -0.021593 
4.38015294 0.438200239279 -3.214274 0.375151 -0.008467 
4.390057087 0.439133700159 -3.171689 0.385221 -0.003541 
4.399915933 0.44010339746 -3.228289 0.390637 0.011399 
4.410212993 0.441137000379 -3.285403 0.394141 -0.015028 
4.420114994 0.442130947888 -3.277906 0.373302 -0.018014 
4.430015087 0.443124703875 -3.327555 0.391706 -0.003213 
4.439858913 0.444112811868 -3.356302 0.398627 0.011161 
4.450190067 0.445151017448 -3.349157 0.386076 0.00523 
4.460068941 0.446144377958 -3.413081 0.393846 0.016258 
4.46991992 0.447134933514 -3.350244 0.385031 0.03067 
4.479824066 0.448130835225 -3.407038 0.39902 0.031653 
4.49011302 0.449165430928 -3.414541 0.394354 0.065124 
4.499998092 0.450152673886 -3.42857 0.402018 0.058754 
4.509855985 0.451130410084 -3.507173 0.392361 0.060679 
4.520148038 0.45215120761 -3.471494 0.397785 0.06592 
4.530044078 0.453132727345 -3.542769 0.402859 0.069235 
4.539891004 0.454109375803 -3.550515 0.397175 0.06458 
4.549808979 0.45509307112 -3.572011 0.423753 0.078751 
4.56014204 0.456142924933 -3.635868 0.416566 0.064208 
4.569983005 0.45717877263 -3.628646 0.404459 0.060355 
4.579844951 0.458216828761 -3.706695 0.412111 0.074138 
4.590191125 0.459305854127 -3.728375 0.430175 0.048295 
4.600063085 0.460274524243 -3.735719 0.426517 0.06365 
4.609933137 0.461227334865 -3.792949 0.431867 0.077301 
4.620255947 0.462223852717 -3.792932 0.422841 0.061516 
4.630136013 0.463177630045 -3.871458 0.430595 0.085269 
4.639972925 0.464127241479 -3.864722 0.434549 0.071177 
4.649823904 0.465103666359 -3.878365 0.4164 0.06728 
4.660166025 0.46614489033 -3.964958 0.436907 0.059745 
4.670005083 0.467135466928 -3.922651 0.438624 0.066326 
4.679873943 0.468129043932 -4.00779 0.434968 0.079572 
4.689764976 0.46919840219 -4.007763 0.425099 0.064583 
4.700062036 0.470196394168 -4.044786 0.445048 0.067982 
4.709926128 0.471114110296 -4.072926 0.442124 0.06279 
4.719784975 0.472103551273 -4.087025 0.448381 0.077409 
4.730127096 0.473141493976 -4.115661 0.431001 0.053742 
4.739999055 0.474132250883 -4.158632 0.444415 0.067687 
4.749921083 0.475197330051 -4.230373 0.448749 0.081768 
4.759791135 0.47621233172 -4.25147 0.443419 0.076452 
4.770118951 0.477232607652 -4.251879 0.433935 0.061337 
4.779990911 0.478207849968 -4.280456 0.447639 0.08287 
4.789849042 0.479181726128 -4.274562 0.452765 0.064735 
4.800194978 0.480320377443 -4.310826 0.447198 0.086343 
4.810064077 0.481313758591 -4.297266 0.454512 0.099234 
4.81992793 0.482266973819 -4.312182 0.445981 0.10144 
4.829787969 0.483219820473 -4.36305 0.446849 0.09092 
4.840121984 0.484218470844 -4.328244 0.45232 0.10301 
4.849981069 0.4851682373 -4.336118 0.446753 0.105577 
4.859820127 0.486132091093 -4.372179 0.449816 0.116349 
4.870157957 0.487167281833 -4.401988 0.447431 0.126933 
4.880038976 0.488156729268 -4.408929 0.450565 0.147617 
4.889950037 0.489149184993 -4.395411 0.449654 0.138061 
4.899819135 0.490269453987 -4.403087 0.446506 0.158681 
4.910133123 0.491317429455 -4.39039 0.462048 0.166423 
4.91999793 0.492248177905 -4.398504 0.441596 0.174271 
4.929850101 0.493177734143 -4.413657 0.440635 0.17972 
4.940170049 0.494151425327 -4.364706 0.438447 0.197264 
4.950055122 0.495209112554 -4.344525 0.444145 0.234695 
4.95986104 0.4962290406 -4.324573 0.432986 0.231935 
4.969774007 0.497193168078 -4.318782 0.443882 0.239991 
4.980080127 0.498195533312 -4.347452 0.434808 0.267791 
4.989979028 0.499158292742 -4.327195 0.439099 0.268137 
4.999876022 0.500169931574 -4.321049 0.427433 0.269176 
5.01009798 0.501214611361 -4.357221 0.452947 0.278826 
5.01998806 0.502198117872 -4.357829 0.436802 0.291438 
5.029861927 0.503180012101 -4.401207 0.434037 0.281717 
5.039731979 0.504161526952 -4.358861 0.435315 0.285306 
5.050045967 0.505177477066 -4.437684 0.435799 0.293954 
5.059931039 0.506145620174 -4.438925 0.44361 0.29534 
5.069766044 0.507117261073 -4.425284 0.436372 0.30745 
5.080158948 0.508146637413 -4.411393 0.437084 0.321694 
5.089991092 0.509120472675 -4.440523 0.443226 0.311472 
5.099900961 0.510107740558 -4.468802 0.441261 0.312707 
5.10979104 0.511095192351 -4.490928 0.435692 0.325253 
5.120033979 0.512119554072 -4.484213 0.431586 0.329467 
5.129976987 0.513113920707 -4.540984 0.428894 0.329183 
5.139796018 0.514095888821 -4.535256 0.456912 0.341499 
5.150147914 0.515125950016 -4.549164 0.440561 0.34415 
5.160043954 0.516111984999 -4.557454 0.442715 0.335387 
5.169925928 0.517105466731 -4.571787 0.442872 0.358455 
5.179759025 0.518094034626 -4.614856 0.44056 0.348981 
5.190098047 0.519133465562 -4.587331 0.440367 0.352754 
5.200011968 0.520146417923 -4.644172 0.446013 0.353561 
5.209805965 0.521141408761 -4.645093 0.453435 0.35599 
5.220117092 0.522170144629 -4.659644 0.452858 0.359414 
5.230021953 0.523158347546 -4.702712 0.441523 0.362735 
5.239905119 0.524144385964 -4.731871 0.447262 0.356301 
5.249804973 0.525244925689 -4.775318 0.470524 0.360317 
5.260128975 0.526313466331 -4.78959 0.45231 0.355132 
5.26998806 0.527271978723 -4.818779 0.466669 0.339693 
5.279844045 0.528230189728 -4.840635 0.461994 0.355479 
5.290151119 0.529232256162 -4.884437 0.491574 0.33966 
5.300043106 0.530194085401 -4.898805 0.466299 0.336495 
5.309899091 0.531169108461 -4.956663 0.4867 0.329444 
5.319726944 0.532166359621 -5.02088 0.47962 0.323955 
5.330105066 0.533219447636 -5.056946 0.480714 0.317836 
5.339972972 0.534220763051 -5.085816 0.493962 0.310544 
5.349834919 0.535186265103 -5.114736 0.493379 0.324861 
5.360135078 0.536202231319 -5.137314 0.49609 0.306799 
5.370038032 0.537207080434 -5.152317 0.4959 0.338675 
5.379897117 0.538207478178 -5.188171 0.498688 0.329133 
5.389823913 0.539214746533 -5.196248 0.493514 0.329742 
5.400099039 0.540196437591 -5.20409 0.506038 0.341166 
5.409935951 0.54114331874 -5.226208 0.491683 0.321964 
5.419831991 0.542120597412 -5.226551 0.499731 0.334983 
5.430115938 0.543136183652 -5.270162 0.496957 0.327093 
5.440022945 0.544114545364 -5.284551 0.504728 0.329777 
5.449918031 0.545161399597 -5.328243 0.511135 0.322183 
5.459819078 0.546203987173 -5.343103 0.510104 0.32536 
5.470055103 0.547212503391 -5.336458 0.514338 0.330666 
5.479978084 0.548190176586 -5.386986 0.507761 0.322295 
5.489826917 0.549160544264 -5.444642 0.521676 0.323819 
5.500129938 0.550157868796 -5.459198 0.513037 0.316971 
5.510026931 0.551131381129 -5.495634 0.515081 0.31911 
5.51988101 0.552126688339 -5.50297 0.519603 0.322466 
5.529803991 0.553128954966 -5.546849 0.533623 0.323982 
5.540045976 0.554163442462 -5.568443 0.518486 0.307781 
5.549946069 0.55524788067 -5.619238 0.529425 0.301712 
5.559807062 0.55627038069 -5.669557 0.530516 0.305571 
5.570120096 0.557304327177 -5.699034 0.537366 0.290992 
5.580030918 0.558297949383 -5.73483 0.538631 0.295217 
5.589872121 0.559282343209 -5.778248 0.536306 0.288489 
5.599805116 0.560202515714 -5.829029 0.546521 0.260944 
5.610049009 0.561186034186 -5.865748 0.549117 0.274216 
5.61995697 0.562161907501 -5.902047 0.559224 0.257133 
5.629790067 0.563130407172 -5.945464 0.556899 0.250406 
5.64015007 0.564150803848 -5.989242 0.569797 0.23332 
5.650013923 0.565122332796 -6.046406 0.573862 0.216194 
5.659867048 0.566114998436 -6.097583 0.574998 0.198324 
5.670181989 0.567194866013 -6.148514 0.592988 0.192064 
5.680067062 0.568229730859 -6.191978 0.58232 0.185161 
5.689928054 0.569262074673 -6.235862 0.603393 0.156991 
5.69975996 0.570291373484 -6.294001 0.592383 0.138464 
5.710129976 0.57133431058 -6.309739 0.615419 0.138554 
5.719986915 0.572303018214 -6.360357 0.624237 0.130168 
5.729892015 0.573276458954 -6.431974 0.619789 0.111586 
5.739759922 0.574246244488 -6.482931 0.636773 0.093947 
5.750069141 0.575259400718 -6.52715 0.641994 0.066461 
5.759953022 0.576231527021 -6.613744 0.676893 0.046617 
5.769832134 0.577204784098 -6.657806 0.673376 0.020914 
5.780148029 0.578221071575 -6.701583 0.686274 0.003828 
5.789993047 0.579190969826 -6.795347 0.693058 -0.023214 
5.799896001 0.580166575737 -6.889344 0.699111 -0.041321 
5.809801101 0.581157435304 -6.940747 0.732438 -0.079295 
5.820070982 0.582217907271 -7.048927 0.745265 -0.107928 
5.829961061 0.583239160733 -7.135146 0.755195 -0.126095 
5.839797973 0.584254924149 -7.215107 0.777482 -0.154075 
5.850156068 0.585324505128 -7.30196 0.780007 -0.190907 
5.8600111 0.586284285363 -7.367363 0.811656 -0.219143 
5.869875907 0.587234572681 -7.483346 0.836567 -0.239345 
5.879799127 0.588190486986 -7.562953 0.83557 -0.267239 
5.890064001 0.589179313183 -7.664931 0.86837 -0.32607 
5.899938106 0.590130496188 -7.79423 0.876832 -0.354506 
5.909797906 0.591088759291 -7.881498 0.904045 -0.38292 
5.920151949 0.592135712519 -7.982817 0.92829 -0.431455 
5.929971933 0.593128664155 -8.076977 0.950133 -0.48103 
5.939837932 0.594126268617 -8.199922 0.978013 -0.521302 
5.949762106 0.595129755467 -8.3155 0.979079 -0.550719 
5.960016965 0.5961616266 -8.42404 1.007128 -0.58971 
5.969875097 0.597143693887 -8.561243 1.027667 -0.63738 
5.979785919 0.598131010152 -8.669873 1.039751 -0.683826 
5.990180969 0.599166565219 -8.821339 1.081616 -0.74124 
6.000030994 0.600147824886 -8.958364 1.086361 -0.786022 
6.009907007 0.601135475094 -9.102483 1.108467 -0.833687 
6.019767046 0.602128503772 -9.232597 1.140313 -0.88082 
6.030112981 0.603170468226 -9.383709 1.158893 -0.938148 
6.03997302 0.604163496904 -9.528148 1.181388 -0.986857 
6.049813985 0.605154604592 -9.643983 1.21352 -1.025485 
6.060189008 0.60619949857 -9.795619 1.232883 -1.085815 
6.070070028 0.607188650592 -9.882582 1.257858 -1.123768 
6.079919099 0.607188650592 -10.012084 1.281828 -1.173576 
