0.0 0.000638998461547 -0.043825 -0.048481 0.011557 
0.010267973 0.00166718690466 -0.022645 -0.05089 0.00237 
0.020143986 0.00265612624357 -0.02262 -0.03549 0.00144 
0.030021906 0.00364451646454 -0.015404 -0.030391 0.001372 
0.040346861 0.00467758830121 -0.02984 -0.031685 0.010984 
0.05022192 0.00566564542478 -0.016069 -0.039642 0.000703 
0.060079813 0.00665198499015 -0.030149 -0.032139 0.010737 
0.070380927 0.00768267139602 -0.016338 -0.039815 -0.009641 
0.080256939 0.00868526786466 -0.022975 -0.044288 0.001017 
0.090139866 0.00968929345353 -0.023117 -0.045298 -0.009446 
0.100018025 0.0106928346521 -0.030028 -0.041039 0.000345 
0.110303879 0.0117377943709 -0.022995 -0.037232 -8.9e-05 
0.120174885 0.0127386908871 -0.023426 -0.028786 0.010057 
0.130046845 0.0136994267721 -0.030418 -0.042057 0.020292 
0.140379906 0.014705036854 -0.030662 -0.02683 0.009018 
0.150257826 0.0156663527643 -0.037802 -0.039427 -0.02138 
0.160146952 0.0166287592387 -0.023138 -0.038243 -0.010552 
0.170024872 0.0175900751489 -0.037569 -0.048441 -0.010417 
0.180354834 0.0186621179619 -0.015831 -0.043168 -0.010119 
0.190239907 0.0196987469739 -0.058749 -0.046033 -0.00123 
0.20010686 0.0207334757755 -0.029892 -0.028327 -0.011288 
0.209969998 0.0217678045054 -0.022712 -0.032414 -0.010735 
0.220299006 0.0228419625882 -0.029496 -0.028993 -0.001064 
0.230170966 0.0238058837236 -0.014934 -0.028537 -0.010795 
0.240037918 0.0247693158663 -0.043892 -0.030006 -0.001549 
0.250365973 0.0257777711783 -0.022631 -0.041596 -0.01103 
0.260274887 0.0267453005883 -0.015136 -0.037167 4.2e-05 
0.270114899 0.0277061022467 -0.015795 -0.028611 -0.010253 
0.279973984 0.0287278481784 -0.015648 -0.036506 -0.009267 
0.290264845 0.0297983601496 -0.030267 -0.029347 -0.01992 
0.30013299 0.0308248988772 -0.016444 -0.020899 -0.019753 
0.309997797 0.0318510903677 -0.045194 -0.022642 -0.030819 
0.320326806 0.0329094943177 -0.052537 -0.026903 -0.030632 
0.330178976 0.0338405268971 -0.038283 -0.026901 -0.04061 
0.340039969 0.0347723932522 -0.024715 -0.043488 -0.040054 
0.349916935 0.0357057690599 -0.045545 -0.040344 -0.040718 
0.360310793 0.0366879912935 -0.017372 -0.039227 -0.040242 
0.370170832 0.0376197674954 -0.032037 -0.040412 -0.05107 
0.380072833 0.0386080846001 -0.046438 -0.049486 -0.061828 
0.390394926 0.0396395422165 -0.060686 -0.027033 -0.053886 
0.400266886 0.0406260193129 -0.053283 -0.039291 -0.043166 
0.410131932 0.0416118055128 -0.045652 -0.02752 -0.044212 
0.420014859 0.0425993785105 -0.045085 -0.037647 -0.053681 
0.430297852 0.0436335139899 -0.037347 -0.034052 -0.043645 
0.440138817 0.0446243205626 -0.05867 -0.032654 -0.044921 
0.45002079 0.0456192558966 -0.051368 -0.028675 -0.035012 
0.46033597 0.0466578073134 -0.050663 -0.028887 -0.024541 
0.470215798 0.0476525266848 -0.064649 -0.03129 -0.036277 
0.480075837 0.0486354172863 -0.071306 -0.028708 -0.026726 
0.489945889 0.0496177233232 -0.071154 -0.014147 -0.027776 
0.500255824 0.0506438082305 -0.084851 -0.023433 -0.028062 
0.510178805 0.0516313819677 -0.098877 -0.026117 -0.029702 
0.520066977 0.0526154913776 -0.077276 -0.013793 -0.029595 
0.529960871 0.053631022805 -0.084107 -0.035681 -0.039848 
0.540251017 0.0546936626299 -0.105693 -0.026394 -0.041196 
0.55009389 0.0557101135957 -0.113101 -0.031943 -0.042291 
0.559962988 0.0567292727573 -0.113122 -0.024887 -0.043397 
0.570307017 0.0577956446869 -0.11366 -0.034977 -0.044185 
0.580153943 0.0587447054174 -0.12731 -0.03592 -0.044296 
0.590034962 0.0596970520797 -0.155802 -0.031278 -0.04533 
0.599941016 0.060651811651 -0.134353 -0.033514 -0.044173 
0.610210896 0.0616416372895 -0.155346 -0.038718 -0.044096 
0.620081902 0.0625930188847 -0.148241 -0.042528 -0.052725 
0.629962922 0.0635850435855 -0.161745 -0.051365 -0.05185 
0.640298844 0.0646328787857 -0.146927 -0.050013 -0.029762 
0.65017891 0.0656345002118 -0.138424 -0.043659 -0.038144 
0.660035849 0.0666352959741 -0.13709 -0.043806 -0.026384 
0.669922829 0.067742653277 -0.143996 -0.048451 -0.02607 
0.680233002 0.0686774060818 -0.12314 -0.036196 -0.026336 
0.690109015 0.0696293436129 -0.131613 -0.02631 -0.04826 
0.699987889 0.0706134129272 -0.131963 -0.027046 -0.03841 
0.710373879 0.0716479978464 -0.132079 -0.02705 -0.037494 
0.720239878 0.0726307846368 -0.104083 -0.009419 -0.04701 
0.73011899 0.073701435804 -0.139202 -0.015463 -0.037075 
0.739942789 0.074699500435 -0.12503 -0.016024 -0.02686 
0.750283957 0.0757211213856 -0.118286 -0.019727 -0.026434 
0.760164977 0.0766972835604 -0.125557 -0.000245 -0.027002 
0.770041943 0.0776730452339 -0.139998 -0.009601 -0.027663 
0.780345917 0.0788227612272 -0.132382 -0.014073 -0.026983 
0.790246964 0.079801975037 -0.132529 -0.006179 -0.027969 
0.800120831 0.080759384923 -0.146474 -0.022693 -0.037494 
0.809976817 0.0817150609953 -0.139253 -0.009532 -0.027289 
0.82029295 0.0827153547728 -0.167608 -0.011941 -0.028132 
0.830196858 0.0836742792943 -0.167132 -0.012044 -0.038101 
0.84006095 0.0846429673311 -0.146007 0.000384 -0.028024 
0.850375891 0.0856630430895 -0.174489 -0.001187 -0.028748 
0.860270977 0.0866415981152 -0.153147 -0.004993 -0.018775 
0.870142937 0.0876249263539 -0.153462 -0.013509 -0.029295 
0.88001895 0.0887836969342 -0.167731 -0.015359 -0.029899 
0.890353918 0.0898087587361 -0.175093 -0.012565 -0.030818 
0.900233984 0.0907486737115 -0.17483 -0.020454 -0.030747 
0.910094977 0.0916867742254 -0.182187 -0.009598 -0.021393 
0.919974804 0.0926266664641 -0.161383 -0.013748 -0.032108 
0.930259943 0.0937446349497 -0.190179 -0.006868 -0.023601 
0.940132857 0.0947403726171 -0.196796 -0.004004 -0.024147 
0.95001483 0.095695857613 -0.182447 -0.011335 -0.023837 
0.960344792 0.0966946585305 -0.168228 -0.003553 -0.013446 
0.970232964 0.0976507429059 -0.154457 -0.01151 -0.023727 
0.980087996 0.0986549184555 -0.196762 -0.021529 -0.024617 
0.990412951 0.0997031611828 -0.153981 -0.011613 -0.033697 
1.000291825 0.100695768032 -0.168376 -0.012625 -0.034182 
1.010162831 0.101687584323 -0.211152 -0.01448 -0.01483 
1.020036936 0.102679711994 -0.197288 -0.00575 -0.024759 
1.030357838 0.103693589686 -0.19663 -0.014306 -0.014464 
1.040235997 0.104659924733 -0.210823 -0.006689 -0.025786 
1.05011797 0.105633391588 -0.189105 -0.008752 -0.014285 
1.059960843 0.106603374491 -0.217151 -0.010708 -0.014881 
1.070291996 0.10762147579 -0.189293 -0.018106 -0.024924 
1.080163002 0.108596554574 -0.203546 -0.018108 -0.014946 
1.090031863 0.109576667072 -0.203912 -0.010948 -0.035577 
1.100327015 0.110608543199 -0.18942 -0.017268 -0.024805 
1.110222817 0.111600392745 -0.210995 -0.014194 -0.025842 
1.120145798 0.112594966424 -0.204119 -0.010673 -0.015264 
1.129992009 0.113580476615 -0.19699 -0.014199 -0.00541 
1.14030099 0.114613013546 -0.232955 -0.004075 0.00334 
1.150197983 0.115605267326 -0.204646 -0.010009 0.004007 
1.160024882 0.116590493615 -0.225765 -0.014375 0.004203 
1.170379877 0.117628665809 -0.197862 -0.01343 -0.005664 
1.180244923 0.11866523054 -0.240287 -0.014549 0.003837 
1.190132857 0.119669843172 -0.22654 -0.015569 0.014722 
1.200004816 0.120649985381 -0.191011 -0.025309 0.005845 
1.210335017 0.121675624367 -0.240886 -0.022513 0.00445 
1.220221997 0.122657257943 -0.220009 -0.017314 0.00529 
1.230067015 0.123772005467 -0.234075 -0.024928 0.006157 
1.240369797 0.124804394988 -0.220166 -0.0176 0.016302 
1.250265837 0.125769936463 -0.205922 -0.031148 0.017837 
1.26014185 0.126733523935 -0.241989 -0.036147 0.018336 
1.270025969 0.127697902297 -0.248946 -0.025116 0.008539 
1.280360938 0.128699704541 -0.198564 -0.041283 0.00138 
1.290248871 0.129683298826 -0.234302 -0.048235 0.010821 
1.300094843 0.130679982118 -0.191931 -0.036928 0.012993 
1.310432911 0.131726479066 -0.249269 -0.029494 0.022178 
1.320227862 0.132717997629 -0.227835 -0.033579 0.012753 
1.330115796 0.133673989467 -0.206848 -0.05083 0.014713 
1.339994908 0.134654564566 -0.228317 -0.055931 0.024759 
1.350310803 0.135701188529 -0.199622 -0.046573 0.015441 
1.360243798 0.136708964451 -0.235754 -0.035893 0.034408 
1.370167971 0.13771191541 -0.242666 -0.0486 0.02445 
1.380019904 0.138672514834 -0.192304 -0.040745 0.035934 
1.390260935 0.139675029575 -0.228108 -0.03924 0.024195 
1.400189877 0.140649821097 -0.178634 -0.032465 0.024842 
1.410055876 0.141618433078 -0.20702 -0.041369 0.034406 
1.420403004 0.142634280754 -0.20741 -0.032641 0.034455 
1.430272818 0.143691110746 -0.221501 -0.041261 0.023944 
1.440176964 0.144713425589 -0.236104 -0.041999 0.043772 
1.449980975 0.145680455425 -0.172087 -0.042105 0.045891 
1.46033001 0.146701244327 -0.207166 -0.047868 0.045729 
1.47022295 0.147677045777 -0.222012 -0.023633 0.034384 
1.480048895 0.148622707776 -0.214437 -0.033756 0.044675 
1.490335942 0.14964234139 -0.242965 -0.043671 0.043777 
1.500259877 0.150644235466 -0.200148 -0.024568 0.034077 
1.510155917 0.151643313337 -0.228179 -0.041641 0.024314 
1.519984007 0.152635531158 -0.242748 -0.050159 0.023773 
1.530380011 0.153766626452 -0.236074 -0.050892 0.024804 
1.540167809 0.154772114336 -0.271731 -0.057281 0.014052 
1.550091982 0.155778145131 -0.229091 -0.045802 0.026568 
1.559947014 0.156777166982 -0.257385 -0.054985 0.016734 
1.570231915 0.157799288793 -0.265152 -0.042739 0.037339 
1.580117941 0.158684032757 -0.243825 -0.053041 0.029139 
1.589974881 0.159630814784 -0.265603 -0.058597 0.038939 
1.600327969 0.160654559318 -0.23019 -0.068341 0.030977 
1.610183955 0.161629148908 -0.273356 -0.078434 0.030628 
1.620037795 0.162603526295 -0.280526 -0.07519 0.030872 
1.629977942 0.163586437979 -0.258813 -0.068349 0.051849 
1.640231848 0.164632268165 -0.273345 -0.062311 0.051173 
1.650108815 0.165666575378 -0.244767 -0.068073 0.062184 
1.659974814 0.166699734031 -0.272813 -0.070028 0.061588 
1.670319796 0.167783051359 -0.272812 -0.053062 0.081337 
1.680208922 0.168818631851 -0.264467 -0.064682 0.071322 
1.690057993 0.16979629469 -0.314691 -0.062622 0.079778 
1.699958802 0.170769442368 -0.271571 -0.060872 0.079951 
1.71023798 0.171779779826 -0.292716 -0.066244 0.068768 
1.720098019 0.172748920233 -0.306574 -0.066912 0.08897 
1.729959011 0.173718154309 -0.291403 -0.064705 0.078936 
1.74028802 0.174734064822 -0.305843 -0.04198 0.078612 
1.750183821 0.17570781774 -0.270232 -0.043934 0.089189 
1.760041953 0.176677864006 -0.305473 -0.058045 0.089766 
1.76995492 0.177653306069 -0.341028 -0.063705 0.099574 
1.78023386 0.178664760101 -0.319453 -0.057034 0.080713 
1.790112973 0.179661866445 -0.326663 -0.054072 0.091053 
1.799978018 0.180677787857 -0.283801 -0.084697 0.074239 
1.810282946 0.181739009271 -0.326895 -0.085441 0.085444 
1.820190907 0.182759350255 -0.305526 -0.073125 0.087382 
1.83006692 0.183776401173 -0.29797 -0.075471 0.089464 
1.839920998 0.184740528048 -0.320088 -0.072859 0.09001 
1.850278855 0.18574138975 -0.269873 -0.0831 0.093554 
1.860136986 0.186693963797 -0.305377 -0.089321 0.09406 
1.870061875 0.187652988554 -0.319746 -0.089328 0.104954 
1.880325795 0.188644773287 -0.305265 -0.089435 0.115416 
1.890241862 0.189617795885 -0.326034 -0.102811 0.12566 
1.900121928 0.190615720673 -0.290428 -0.097712 0.106552 
1.909988881 0.191612320998 -0.332606 -0.091603 0.125291 
1.920314789 0.19265527755 -0.311319 -0.087794 0.114879 
1.930207968 0.193654526802 -0.311107 -0.095122 0.124251 
1.940056801 0.194641801603 -0.353228 -0.067119 0.131652 
1.950362921 0.195666648863 -0.317456 -0.077692 0.12174 
1.960239888 0.19664882087 -0.345989 -0.078702 0.130318 
1.970126868 0.197631988577 -0.325133 -0.066447 0.130051 
1.979998827 0.198613662585 -0.310423 -0.073885 0.121306 
1.990326882 0.199647102235 -0.353397 -0.069136 0.109811 
2.000211955 0.200641955444 -0.296859 -0.066452 0.111926 
2.010069848 0.201634073204 -0.332094 -0.072501 0.122776 
2.020381928 0.202671901237 -0.310955 -0.092157 0.103937 
2.03023696 0.203663731061 -0.346722 -0.073523 0.124122 
2.040159941 0.204662382597 -0.325364 -0.060364 0.125264 
2.050012827 0.205647050223 -0.304219 -0.071959 0.116698 
2.060323 0.206677417727 -0.339287 -0.078564 0.117332 
2.070225954 0.207667088997 -0.311191 -0.07717 0.108627 
2.080080986 0.208651971087 -0.338947 -0.086009 0.119481 
2.090405941 0.209694044883 -0.324374 -0.086396 0.110545 
2.100275994 0.210697277607 -0.324227 -0.09429 0.111532 
2.110155821 0.211701503801 -0.330961 -0.09143 0.111902 
2.120028973 0.212705051521 -0.309522 -0.087454 0.112749 
2.130353928 0.213754522353 -0.344326 -0.084982 0.133203 
2.140205861 0.214729168764 -0.323242 -0.080058 0.113729 
2.150111914 0.215695005184 -0.343915 -0.085651 0.114848 
2.159968853 0.216656053008 -0.322333 -0.080664 0.126158 
2.170314789 0.217664777854 -0.301091 -0.077255 0.148114 
2.180168868 0.218625546829 -0.307532 -0.11252 0.130223 
2.190047026 0.219622242604 -0.35018 -0.100098 0.130043 
2.200358868 0.220702060697 -0.30029 -0.101044 0.14202 
2.210218907 0.221734567645 -0.335581 -0.099479 0.132486 
2.220057965 0.222764877539 -0.307621 -0.091033 0.12359 
2.229936839 0.223799356819 -0.335514 -0.092821 0.134253 
2.2402668 0.224831436973 -0.299579 -0.104069 0.136396 
2.250152827 0.225793891065 -0.348591 -0.110223 0.147255 
2.260002852 0.226752840183 -0.320225 -0.108656 0.148893 
2.270328999 0.227758142155 -0.305646 -0.100982 0.15023 
2.280187846 0.228717950138 -0.326665 -0.121585 0.151237 
2.290074826 0.229718057701 -0.340573 -0.123543 0.141578 
2.299932957 0.230744490951 -0.304602 -0.125605 0.143101 
2.310228825 0.231816501584 -0.297351 -0.105949 0.142898 
2.320115805 0.232845938605 -0.31174 -0.0989 0.152686 
2.32998395 0.233873414518 -0.311467 -0.107632 0.153553 
2.340310812 0.23487142375 -0.311199 -0.124427 0.144148 
2.350178957 0.235804843807 -0.311005 -0.123977 0.14531 
2.360052824 0.236738805104 -0.303699 -0.128902 0.145743 
2.36993599 0.237673645986 -0.310701 -0.126215 0.13577 
2.380270958 0.238651222463 -0.304084 -0.129079 0.136315 
2.390134812 0.239615693906 -0.282569 -0.12538 0.146343 
2.400058985 0.240609175385 -0.275293 -0.136799 0.157183 
2.410363913 0.241640773193 -0.282047 -0.117139 0.136549 
2.420240879 0.242629528911 -0.303612 -0.114907 0.136307 
2.430119992 0.243618499558 -0.288897 -0.114284 0.137835 
2.439993859 0.244606727311 -0.32467 -0.120677 0.127998 
2.45032692 0.245640714019 -0.303566 -0.132553 0.129529 
2.46021986 0.246630659637 -0.295812 -0.111994 0.130735 
2.470064879 0.247615809999 -0.345109 -0.120169 0.120668 
2.480359793 0.248645979494 -0.309603 -0.122971 0.132956 
2.490238905 0.249632136294 -0.323511 -0.107963 0.143046 
2.500106812 0.250615370183 -0.316072 -0.095919 0.133734 
2.509975911 0.251598722843 -0.330624 -0.097218 0.144261 
2.520341874 0.252631582812 -0.315473 -0.096979 0.145916 
2.530229807 0.253616812084 -0.350552 -0.102742 0.145754 
2.540068865 0.25461175933 -0.329022 -0.099044 0.127203 
2.550354958 0.255677380813 -0.350181 -0.103692 0.137496 
2.560241938 0.256701654879 -0.342656 -0.092768 0.13816 
2.570122004 0.257725212666 -0.371234 -0.087007 0.12715 
2.579996825 0.25874822708 -0.342731 -0.092491 0.128979 
2.590335846 0.259775073428 -0.370772 -0.086385 0.138656 
2.600190878 0.26072644892 -0.349373 -0.072945 0.129701 
2.610066891 0.261679849856 -0.356583 -0.069982 0.140041 
2.620391846 0.262676590317 -0.342056 -0.078713 0.13093 
2.630253792 0.263628633267 -0.348775 -0.090971 0.122134 
2.640126944 0.264598314368 -0.334241 -0.074673 0.143044 
2.650013924 0.26559528118 -0.34137 -0.071147 0.133191 
2.660332919 0.266635810801 -0.341847 -0.071045 0.14316 
2.670217991 0.267632585217 -0.398425 -0.058895 0.131729 
2.6801188 0.268697703318 -0.363508 -0.06148 0.132631 
2.689950943 0.269677782901 -0.370556 -0.05017 0.142232 
2.700227976 0.270627464677 -0.370069 -0.051115 0.133058 
2.710168839 0.271619446518 -0.348594 -0.037952 0.133284 
2.720067978 0.272607264791 -0.356079 -0.043224 0.123009 
2.730358839 0.273634172338 -0.369856 -0.053074 0.142916 
2.740229845 0.274655788556 -0.363046 -0.041095 0.132314 
2.750089884 0.27569880725 -0.377253 -0.032754 0.142468 
2.759948016 0.276681386466 -0.362908 -0.02581 0.152739 
2.770303011 0.277713488985 -0.363212 -0.018203 0.162765 
2.780175925 0.278697541552 -0.384371 -0.02285 0.173058 
2.790027857 0.279730320715 -0.398904 -0.016812 0.172382 
2.800348998 0.28080443504 -0.391947 -0.012727 0.162767 
2.810237885 0.281765610226 -0.38472 -0.008471 0.163495 
2.820099831 0.282724166815 -0.377535 -0.004496 0.17432 
2.829967022 0.283683233204 -0.391681 -0.012674 0.195382 
2.840288878 0.28468022862 -0.391813 -0.014527 0.185715 
2.850185872 0.285637821582 -0.427276 -0.0035 0.195874 
2.86004591 0.286620546197 -0.405751 0.009102 0.186799 
2.870357991 0.287648324775 -0.427772 0.00438 0.197634 
2.880232811 0.288632522674 -0.413103 -0.00334 0.198986 
2.890106917 0.289726754897 -0.434622 0.007235 0.19892 
2.899962902 0.29078700555 -0.42735 0.019835 0.199824 
2.910323859 0.291768433243 -0.441425 0.018433 0.200381 
2.920199871 0.292703925174 -0.420119 0.015187 0.191075 
2.930064917 0.293638378365 -0.427141 0.010537 0.192305 
2.940357924 0.294695882608 -0.427348 0.025927 0.193206 
2.950253964 0.295745206579 -0.44798 0.020616 0.184228 
2.960141898 0.296702997093 -0.46201 0.027558 0.184961 
2.969985009 0.297656445846 -0.433755 0.037181 0.197788 
2.980347872 0.298660240155 -0.475527 0.03456 0.187899 
2.990226984 0.299646292555 -0.475815 0.042165 0.169346 
3.00006485 0.300664838723 -0.475404 0.041497 0.150991 
3.010412932 0.301703227934 -0.474765 0.040719 0.153076 
3.020293951 0.302694749215 -0.502561 0.046714 0.154614 
3.030161858 0.303684954759 -0.494508 0.04258 0.148317 
3.040017844 0.304661187813 -0.529266 0.051544 0.129784 
3.050351859 0.30566763597 -0.542748 0.050766 0.112353 
3.060230017 0.306637263426 -0.562766 0.060637 0.113831 
3.070084811 0.307609916055 -0.569043 0.071172 0.096022 
3.080416918 0.308629678724 -0.596165 0.053494 0.098688 
3.090286017 0.309605084605 -0.609394 0.051039 0.081018 
3.100178004 0.310583816637 -0.615676 0.070479 0.072685 
3.11002779 0.311572253882 -0.621678 0.072281 0.055743 
3.12034297 0.312607716938 -0.656578 0.082807 0.058806 
3.130221844 0.313599382527 -0.669228 0.080979 0.051726 
3.140098811 0.314596758034 -0.690184 0.091053 0.044564 
3.150415898 0.315643536009 -0.675036 0.089323 0.029328 
3.160293818 0.316627731359 -0.724377 0.090493 0.03173 
3.17019701 0.317614444708 -0.759454 0.090822 0.02495 
3.180032015 0.318594364184 -0.787341 0.080852 0.019033 
3.190376997 0.319648261336 -0.800478 0.085339 0.021612 
3.200229884 0.320669790243 -0.835566 0.086511 0.014037 
3.21009183 0.321654579209 -0.827913 0.097318 0.007478 
3.220024825 0.322646462949 -0.834305 0.107848 -0.009416 
3.230304957 0.323673010912 -0.882966 0.108522 -0.015025 
3.240200997 0.324732371617 -0.938965 0.110424 -0.042233 
3.250039816 0.325784825705 -0.952238 0.117315 -0.047433 
3.260372878 0.326794289517 -0.958686 0.111321 -0.052504 
3.270329953 0.327767022176 -0.958015 0.11776 -0.067929 
3.280128956 0.32872431237 -1.007204 0.102131 -0.074017 
3.290004015 0.329676104222 -1.056545 0.118416 -0.091027 
3.30031991 0.33067308059 -1.069847 0.124182 -0.085335 
3.31019497 0.331677450034 -1.104772 0.134424 -0.100754 
3.32011199 0.332686087133 -1.12603 0.135862 -0.124743 
3.33038497 0.333730928097 -1.181876 0.123538 -0.128383 
3.340202809 0.334698335319 -1.230537 0.124212 -0.133992 
3.350185872 0.335666122435 -1.223106 0.14319 -0.150719 
3.360023022 0.336667468233 -1.215383 0.145658 -0.158368 
3.370365858 0.337720288955 -1.250411 0.144704 -0.167346 
3.380235911 0.338724984024 -1.270967 0.154231 -0.186555 
3.390081883 0.339682265243 -1.270554 0.175899 -0.184676 
3.400400877 0.340671360405 -1.283859 0.173722 -0.211527 
3.410236836 0.341642990576 -1.297082 0.17933 -0.218925 
3.420147896 0.342622039485 -1.303606 0.204973 -0.225737 
3.430027008 0.343597932459 -1.331802 0.194548 -0.231901 
3.440356017 0.344662525998 -1.345101 0.200433 -0.24848 
3.450232983 0.345723058832 -1.386942 0.197127 -0.244482 
3.460084916 0.346687059659 -1.357932 0.204127 -0.269648 
3.47039485 0.347695875382 -1.414168 0.199808 -0.266135 
3.480268956 0.348662045813 -1.470714 0.204781 -0.282768 
3.49018693 0.349630435167 -1.442134 0.220227 -0.297788 
3.500016928 0.350594221035 -1.477023 0.22991 -0.293929 
3.510308981 0.351630140773 -1.533655 0.226258 -0.300641 
3.52025199 0.352630928398 -1.540949 0.236432 -0.306896 
3.530110836 0.353623244816 -1.618265 0.22803 -0.313284 
3.540030957 0.354682757912 -1.58289 0.224096 -0.317767 
3.550314904 0.355784442835 -1.604534 0.241601 -0.324331 
3.560187817 0.356781537068 -1.661329 0.229601 -0.330302 
3.570008994 0.357773406331 -1.647565 0.2293 -0.355101 
3.580308915 0.358813625345 -1.689785 0.250846 -0.33051 
3.590255022 0.359736894299 -1.689529 0.250613 -0.344956 
3.600107909 0.360657954107 -1.7536 0.250033 -0.361768 
3.610380888 0.361667089476 -1.753901 0.249339 -0.346051 
3.620256901 0.362637230077 -1.796574 0.247083 -0.352404 
3.630136013 0.363607675098 -1.83951 0.252718 -0.358829 
3.640046835 0.364581235057 -1.853827 0.258242 -0.363854 
3.650323868 0.36560180954 -1.889395 0.252177 -0.378836 
3.66023779 0.366644701529 -1.932098 0.248797 -0.374297 
3.670094967 0.367681624245 -1.933165 0.264834 -0.379958 
3.680404902 0.3687661747 -1.94696 0.263484 -0.375365 
3.690279961 0.369804978507 -1.982732 0.263183 -0.39182 
3.700151921 0.370811219586 -1.997753 0.280515 -0.388052 
3.710021019 0.371781573863 -2.033119 0.273335 -0.393973 
3.720335961 0.372795764632 -2.076217 0.270621 -0.399657 
3.730237008 0.373769260214 -2.111811 0.280516 -0.406269 
3.740096808 0.374738700289 -2.105354 0.275396 -0.411602 
3.750401974 0.375752019882 -2.169333 0.276387 -0.40865 
3.760281802 0.376723953041 -2.184452 0.274341 -0.41502 
3.770211935 0.37770083498 -2.178269 0.277953 -0.42122 
3.780052901 0.37866894507 -2.235763 0.300216 -0.420436 
3.790375948 0.379684480126 -2.236786 0.28277 -0.406359 
3.800247908 0.380660378151 -2.230125 0.303246 -0.40278 
3.810119868 0.381675102632 -2.301447 0.299976 -0.39964 
3.820007801 0.382691468955 -2.316475 0.282535 -0.405995 
3.830312968 0.383750722157 -2.352057 0.308554 -0.392062 
3.840197802 0.384766769938 -2.380421 0.298686 -0.38801 
3.850040913 0.38574364984 -2.388151 0.309244 -0.394392 
3.860358954 0.386740832596 -2.423491 0.30307 -0.388933 
3.870234013 0.387695203541 -2.394465 0.311918 -0.403516 
3.880142928 0.388652846486 -2.472955 0.328858 -0.380384 
3.890000821 0.389605558431 -2.52222 0.313507 -0.395653 
3.900300026 0.390600920789 -2.501701 0.325627 -0.399481 
3.910176993 0.391595337583 -2.558485 0.312784 -0.404657 
3.920081854 0.392594729454 -2.558857 0.329453 -0.400643 
3.930368901 0.393632683561 -2.637085 0.321537 -0.397189 
3.940255881 0.394630271254 -2.658679 0.323366 -0.393641 
3.950126887 0.395625688987 -2.631305 0.340693 -0.388483 
3.959986926 0.396611491257 -2.69565 0.33373 -0.386749 
3.97031498 0.397644085455 -2.69011 0.338001 -0.372762 
3.980182887 0.398630674364 -2.711826 0.331763 -0.378572 
3.990036011 0.399615785275 -2.726969 0.331284 -0.364262 
4.000347853 0.400648075121 -2.720639 0.327002 -0.369476 
4.01022482 0.401644740727 -2.799404 0.335708 -0.36696 
4.020121813 0.402643427119 -2.799584 0.326115 -0.361635 
4.029994011 0.403639611495 -2.814124 0.33444 -0.377313 
4.040329934 0.404682589463 -2.8718 0.346388 -0.3641 
4.050207854 0.405679351235 -2.892978 0.35024 -0.369121 
4.0600698 0.406664784189 -2.957125 0.334821 -0.375701 
4.070363999 0.407685511486 -2.936337 0.347114 -0.369186 
4.080240012 0.408664773306 -2.993703 0.354145 -0.356211 
4.090116978 0.409644129622 -3.008473 0.34309 -0.352534 
4.099995852 0.410629235815 -2.980576 0.353542 -0.337756 
4.11033392 0.411684524345 -3.066836 0.348075 -0.326413 
4.120219946 0.412693669366 -3.059873 0.343976 -0.352609 
4.130069018 0.413699042199 -3.088718 0.343116 -0.32911 
4.140369893 0.414750534145 -3.075785 0.351087 -0.324612 
4.150255919 0.415749136581 -3.154418 0.367016 -0.311943 
4.160162926 0.416710760467 -3.183801 0.348845 -0.32888 
4.169975996 0.417663266356 -3.198594 0.354472 -0.323935 
4.180326939 0.418667980901 -3.24156 0.353611 -0.319953 
4.190164805 0.419622893614 -3.313414 0.348313 -0.307329 
4.200001955 0.420583202246 -3.278125 0.362466 -0.30204 
4.210373879 0.42167118409 -3.343013 0.354318 -0.291618 
4.22029996 0.422712398421 -3.293841 0.369422 -0.288049 
4.230149985 0.423745634719 -3.365772 0.373425 -0.297401 
4.240001917 0.424779071056 -3.380409 0.364223 -0.284056 
4.250334978 0.425838452322 -3.409583 0.385079 -0.281323 
4.260215998 0.426799731093 -3.459072 0.353038 -0.267448 
4.270071984 0.427758574422 -3.452691 0.374185 -0.275009 
4.279991866 0.428723633898 -3.460081 0.362183 -0.259829 
4.290277005 0.429724227539 -3.482237 0.370604 -0.255803 
4.300160885 0.430694740508 -3.525127 0.384582 -0.262052 
4.310012818 0.431721431888 -3.568393 0.367309 -0.238108 
4.320308924 0.432794411503 -3.560926 0.386451 -0.242659 
4.330123902 0.433817251722 -3.589968 0.377801 -0.237699 
4.339972973 0.434843644846 -3.63327 0.38085 -0.244856 
4.350288868 0.435881050286 -3.647449 0.396289 -0.229941 
4.360165835 0.436811949465 -3.697298 0.374101 -0.226911 
4.370086909 0.437747005707 -3.698122 0.389305 -0.233608 
4.379967928 0.438678286785 -3.719472 0.375907 -0.218786 
4.39030099 0.439652172689 -3.777118 0.388979 -0.216466 
4.400174857 0.440592064518 -3.748512 0.390315 -0.200694 
4.410030842 0.441581393012 -3.819565 0.387217 -0.187211 
4.419938803 0.442575938777 -3.855918 0.41216 -0.18503 
4.430217982 0.443607746829 -3.877705 0.408892 -0.190234 
4.440107823 0.444600473736 -3.913436 0.384733 -0.184578 
4.449960947 0.445589715346 -3.856804 0.404826 -0.189215 
4.460289002 0.446628242812 -3.977877 0.403394 -0.165318 
4.470170975 0.447621914939 -3.943025 0.400965 -0.179905 
4.480017901 0.44861206295 -4.021253 0.39305 -0.176451 
4.490019799 0.449617794018 -4.070973 0.402105 -0.173204 
4.500296832 0.450651191017 -3.985815 0.4054 -0.176793 
4.510188818 0.451632496934 -4.128718 0.423113 -0.166003 
4.520042897 0.452609854849 -4.094062 0.420115 -0.159481 
4.530375004 0.453634625053 -4.157631 0.405323 -0.155471 
4.540234805 0.454612550493 -4.200815 0.393984 -0.151235 
4.550076962 0.455588725947 -4.194216 0.404989 -0.165517 
4.559969902 0.456569938216 -4.26543 0.393543 -0.151294 
4.570189953 0.457637108249 -4.266234 0.401692 -0.156884 
4.58007598 0.458677699116 -4.280511 0.392382 -0.152593 
4.589931965 0.459715127799 -4.324065 0.414075 -0.139762 
4.600306988 0.460781317311 -4.353129 0.395514 -0.155657 
4.610178948 0.461734312122 -4.382165 0.426286 -0.132984 
4.620041848 0.462686432322 -4.395896 0.408535 -0.139754 
4.629944802 0.463642419156 -4.433051 0.411515 -0.12661 
4.640219927 0.464634333711 -4.44783 0.401302 -0.123728 
4.650098801 0.465592415665 -4.441748 0.421151 -0.130738 
4.660013915 0.466590649428 -4.527132 0.400641 -0.129104 
4.670351983 0.467631465351 -4.499997 0.409175 -0.125283 
4.680236817 0.468626650585 -4.500082 0.401271 -0.122465 
4.690100909 0.469623182764 -4.558518 0.422897 -0.100945 
4.699995995 0.470715322601 -4.544725 0.413976 -0.116738 
4.710304976 0.471630499388 -4.609637 0.42251 -0.105049 
4.72018385 0.472606354233 -4.595959 0.415435 -0.080764 
4.730039835 0.473595507978 -4.625018 0.41396 -0.099181 
4.740360976 0.474631345113 -4.654811 0.418793 -0.077528 
4.750242949 0.475635789228 -4.6766 0.397836 -0.095378 
4.760098935 0.476713923283 -4.698386 0.416182 -0.073243 
4.770004988 0.477692533617 -4.678436 0.420741 -0.080248 
4.780280829 0.478707674984 -4.692967 0.429353 -0.048865 
4.790172816 0.479684895749 -4.722036 0.43409 -0.067592 
4.800046921 0.480695056221 -4.722592 0.434351 -0.044532 
4.810359955 0.481825054849 -4.765864 0.42341 -0.043169 
4.820231915 0.482779053515 -4.802852 0.425833 -0.040241 
4.830115796 0.483734204193 -4.817338 0.408856 -0.048181 
4.839965821 0.484686083122 -4.825205 0.428316 -0.015592 
4.85032487 0.485686212792 -4.832705 0.406803 -0.024141 
4.860185862 0.486635119701 -4.826192 0.420057 -0.002136 
4.870028973 0.487618339435 -4.848334 0.439351 -0.000322 
4.880343914 0.488651238158 -4.890966 0.427632 0.003126 
4.89019084 0.48963727165 -4.892186 0.428387 0.005618 
4.900075913 0.490690216096 -4.892235 0.420646 0.020611 
4.909981013 0.491798022504 -4.949881 0.433718 0.022931 
4.920291901 0.492770858873 -4.964331 0.416904 0.027166 
4.93017602 0.493703429418 -4.992988 0.422824 0.029245 
4.940032006 0.494633345603 -5.036107 0.412051 0.041867 
4.950349808 0.495666224526 -5.04327 0.424078 0.045279 
4.960222006 0.496725772152 -5.050808 0.419971 0.059472 
4.970082999 0.497702594206 -5.051271 0.452034 0.063471 
4.979998827 0.498666999943 -5.108629 0.426141 0.076904 
4.990299941 0.499668878297 -5.129958 0.452162 0.080859 
5.000194788 0.500645282113 -5.13697 0.415309 0.075445 
5.010026932 0.5016699573 -5.180068 0.429561 0.08951 
5.020359993 0.502702784443 -5.172713 0.424678 0.09581 
5.030248881 0.503686172417 -5.215988 0.423364 0.099546 
5.040128947 0.504668683098 -5.245005 0.430113 0.103576 
5.049991846 0.505647906546 -5.294026 0.430894 0.107021 
5.060341835 0.506661583585 -5.351523 0.436794 0.103224 
5.070217848 0.507631819327 -5.358717 0.430731 0.09778 
5.080065966 0.508607236752 -5.387925 0.454719 0.113293 
5.090358019 0.509626624196 -5.423727 0.447923 0.107245 
5.100251913 0.510608455128 -5.459599 0.449465 0.102289 
5.110126019 0.511594055807 -5.495416 0.426427 0.097968 
5.119998932 0.512580716196 -5.532094 0.444419 0.08173 
5.13032794 0.513613685387 -5.574471 0.443342 0.097098 
5.140205861 0.514601542891 -5.617518 0.457033 0.101862 
5.150074006 0.51558695589 -5.617688 0.456342 0.088084 
5.160362006 0.516608752668 -5.696821 0.472091 0.092241 
5.170245886 0.517599473652 -5.740385 0.478382 0.077423 
5.18015194 0.518595376261 -5.776005 0.471027 0.03258 
5.190001011 0.519585550099 -5.841624 0.480376 0.048966 
5.200364829 0.520631537007 -5.884089 0.468823 0.035094 
5.210211993 0.521645537251 -5.949227 0.469165 0.032034 
5.220079899 0.522632370324 -6.006654 0.466726 0.027146 
5.230396986 0.523661700818 -6.02891 0.486737 0.022771 
5.240257979 0.524645527047 -6.057745 0.483182 0.007904 
5.250138998 0.52565820013 -6.129432 0.487073 -0.009587 
5.260004998 0.52678099031 -6.166247 0.497001 -0.006603 
5.270344973 0.527786255419 -6.166707 0.488078 -0.012417 
5.28020382 0.528744744672 -6.20364 0.490059 -0.041062 
5.290063858 0.529703349715 -6.233251 0.496184 -0.019043 
5.299989939 0.530668408482 -6.262208 0.478471 -0.036649 
5.310264826 0.531667507459 -6.291514 0.492104 -0.044069 
5.320139885 0.532665084863 -6.327859 0.493868 -0.061327 
5.330005885 0.533666206873 -6.357459 0.508896 -0.058411 
5.340216875 0.534702335682 -6.400963 0.497946 -0.055217 
5.350221873 0.535703437915 -6.444208 0.503126 -0.061888 
5.360050917 0.536659078189 -6.48069 0.511942 -0.079337 
5.370028019 0.537662900006 -6.53184 0.514083 -0.085828 
5.380276919 0.538702852136 -6.568457 0.515556 -0.091159 
5.390206814 0.539710434944 -6.60513 0.524644 -0.116873 
5.400038958 0.54068212935 -6.677481 0.520006 -0.142137 
5.410387993 0.54166541753 -6.749931 0.548571 -0.148463 
5.420254946 0.542633735657 -6.801182 0.540961 -0.16272 
5.430117846 0.543607741604 -6.859405 0.554129 -0.178093 
5.440018893 0.544585514739 -6.924965 0.554131 -0.202756 
5.450310946 0.545607989492 -6.997218 0.557275 -0.237146 
5.460155964 0.546706430326 -7.062661 0.579618 -0.242489 
5.470022917 0.547681924167 -7.1277 0.55578 -0.277283 
5.480345965 0.548699014426 -7.214495 0.582771 -0.293394 
5.490225792 0.549672435824 -7.287737 0.602924 -0.30027 
5.500096798 0.550639773855 -7.338831 0.5956 -0.325539 
5.509979964 0.551590443921 -7.40434 0.612007 -0.339753 
5.520311833 0.552629528394 -7.520316 0.645701 -0.356786 
5.530188799 0.553627147296 -7.61481 0.652414 -0.412781 
5.540045023 0.55462267116 -7.68072 0.65168 -0.427594 
5.550337792 0.555692031925 -7.782807 0.678144 -0.462927 
5.560220957 0.556775206872 -7.87728 0.668055 -0.497917 
5.570116997 0.55776734709 -7.957189 0.690504 -0.542302 
5.579971791 0.558755352136 -8.087658 0.699159 -0.577547 
5.590328932 0.559793720627 -8.21772 0.71605 -0.621671 
5.600175858 0.560740971757 -8.319483 0.733221 -0.665438 
5.61005497 0.561659386142 -8.457075 0.753463 -0.700265 
5.620344878 0.562672878891 -8.601943 0.785126 -0.745931 
5.630246878 0.563648165085 -8.696567 0.807673 -0.798948 
5.640149832 0.564623545241 -8.813248 0.81559 -0.833405 
5.649985791 0.565592326801 -8.929367 0.831307 -0.880651 
5.660316945 0.566609882028 -9.031695 0.832012 -0.937071 
5.670238018 0.567640330583 -9.14794 0.865534 -0.964448 
5.680013895 0.568663763737 -9.25004 0.875153 -1.013222 
5.690004826 0.56970971082 -9.388222 0.894891 -1.052331 
5.70025301 0.57078258963 -9.489977 0.919519 -1.100994 
5.710167885 0.571811963326 -9.606011 0.928747 -1.138747 
5.720019818 0.572780178988 -9.715335 0.957167 -1.175119 
5.73029995 0.573790476642 -9.852893 0.968908 -1.223211 
5.740234852 0.574766846225 -9.9473 0.9745 -1.269229 
5.750091792 0.574766846225 -10.056017 0.987705 -1.325652 
