0.0 0.000346760524231 -0.129919 0.011249 -0.037936 
0.010293007 0.00135179366804 -0.129702 0.010131 -0.057454 
0.020207167 0.00231983530962 -0.144087 0.008275 -0.057143 
0.030086041 0.00328443154409 -0.129148 0.000728 -0.045447 
0.040039063 0.00425626776173 -0.135984 0.002859 -0.065637 
0.050301075 0.00529052133126 -0.135274 -0.006258 -0.064643 
0.06014514 0.00631455512477 -0.163806 0.007847 -0.075478 
0.070020199 0.00734181308466 -0.15659 0.018317 -0.07506 
0.080351115 0.00841649179736 -0.155551 0.002598 -0.072713 
0.090241194 0.00944531222028 -0.176507 0.01195 -0.072771 
0.10008812 0.0104037484185 -0.161498 0.011179 -0.08158 
0.110401154 0.0113783327635 -0.175407 0.009221 -0.091238 
0.120285034 0.0123123619459 -0.182303 0.003733 -0.090128 
0.130155087 0.0132450844734 -0.174641 0.007605 -0.089273 
0.140048027 0.0141799698281 -0.19541 0.009345 -0.098441 
0.150346041 0.0151826028735 -0.173347 0.005325 -0.106578 
0.160247088 0.0161719865517 -0.18721 0.01171 -0.116061 
0.170084 0.0171549614004 -0.200844 0.017986 -0.105104 
0.180039168 0.0181497532373 -0.221315 0.021023 -0.114822 
0.190339089 0.0191789952684 -0.220381 0.01885 -0.123072 
0.200198174 0.0201672760711 -0.226664 0.006208 -0.131741 
0.210071087 0.0211612992276 -0.233038 0.008961 -0.140425 
0.220390082 0.0222002347456 -0.232109 0.015693 -0.139199 
0.230312109 0.0231992027905 -0.245562 0.006294 -0.147625 
0.240178109 0.0241925299334 -0.244593 0.013308 -0.156496 
0.250100136 0.025186880301 -0.272056 0.003074 -0.155978 
0.260358095 0.0262077923541 -0.285603 0.017975 -0.154942 
0.270236016 0.0271908815446 -0.278063 0.013781 -0.163444 
0.280105114 0.0281730926357 -0.277085 0.004837 -0.152106 
0.290441037 0.0292017639699 -0.291206 0.010207 -0.171137 
0.300224066 0.0301902833393 -0.319018 -0.000763 -0.160769 
0.31013608 0.031213874338 -0.304084 0.015709 -0.15901 
0.320060015 0.032238696391 -0.317988 0.004847 -0.178145 
0.330366135 0.0333029858143 -0.323996 0.000438 -0.166198 
0.340242148 0.0343228590721 -0.330679 0.002737 -0.175128 
0.350128174 0.0353055053972 -0.344273 0.009295 -0.174268 
0.360456229 0.036300938025 -0.365042 0.011035 -0.183436 
0.370334149 0.0372529860013 -0.328934 0.007292 -0.181238 
0.380211115 0.0382049420297 -0.384731 -0.012408 -0.180457 
0.390049219 0.0391531524834 -0.405911 0.005116 -0.190683 
0.400372029 0.0401671615036 -0.398365 0.008984 -0.188912 
0.410216093 0.0411651331187 -0.391128 0.012397 -0.187388 
0.420081139 0.0421652318472 -0.397761 -0.000981 -0.186206 
0.4304142 0.0432127770048 -0.411523 -0.010833 -0.194879 
0.440289021 0.0442793397985 -0.439775 0.002602 -0.194574 
0.450181008 0.0452618859664 -0.424847 0.011012 -0.203087 
0.460028172 0.0461699291926 -0.452517 0.001053 -0.182256 
0.470340014 0.0471971279692 -0.445119 -0.004152 -0.201221 
0.48022008 0.0481813160228 -0.480289 0.005481 -0.201398 
0.490044117 0.0491599228312 -0.480105 0.012143 -0.200546 
0.500436068 0.0502365161329 -0.479512 0.003021 -0.198637 
0.510275126 0.0512846951819 -0.472509 0.015449 -0.208076 
0.520181179 0.0522633304079 -0.473147 0.007204 -0.197367 
0.530058146 0.0532390921802 -0.515938 0.013245 -0.208496 
0.540388108 0.0542596060716 -0.487365 0.021758 -0.187523 
0.550257206 0.0552988623917 -0.523391 0.007296 -0.177222 
0.560129166 0.0563511966543 -0.530515 0.018883 -0.176803 
0.570443154 0.0573512824439 -0.495203 0.015632 -0.165677 
0.580372095 0.0583140325267 -0.559032 0.008126 -0.176906 
0.590226174 0.0592695236886 -0.509334 0.021845 -0.185504 
0.600067139 0.0602230749773 -0.530231 0.009308 -0.17514 
0.610380173 0.061226439486 -0.55175 0.019883 -0.175206 
0.620273114 0.0622047823862 -0.530129 0.008186 -0.193742 
0.630152226 0.0631817576947 -0.580074 0.009575 -0.174147 
0.640490055 0.0642040969167 -0.537815 0.011251 -0.173432 
0.650365115 0.0652926678432 -0.559284 0.006149 -0.163386 
0.66023016 0.066365928174 -0.567042 0.00961 -0.174529 
0.670085192 0.0673034616034 -0.524824 0.011004 -0.163717 
0.680407048 0.0682854051479 -0.581635 0.008029 -0.153905 
0.690293074 0.0692258871127 -0.559436 -0.003042 -0.16185 
0.7001822 0.0702333681758 -0.580504 -0.007969 -0.170955 
0.710481167 0.0713359373966 -0.614877 0.001172 -0.18006 
0.720360041 0.0722911227512 -0.572218 0.003022 -0.198496 
0.73022604 0.0732450632258 -0.642543 -0.007947 -0.188604 
0.740119219 0.0742016317265 -0.614147 0.000114 -0.197372 
0.750431061 0.0752231261858 -0.628212 -0.0075 -0.196504 
0.760303021 0.076236838404 -0.620986 -0.003243 -0.195776 
0.770175219 0.0772287744643 -0.635452 0.004083 -0.19517 
0.780058146 0.0782217885501 -0.65676 -0.009637 -0.205613 
0.790348053 0.0792556950631 -0.635761 0.003629 -0.195417 
0.800222159 0.0802370575296 -0.622592 0.013579 -0.175859 
0.810109139 0.0812042554947 -0.674231 0.015222 -0.15897 
0.820416212 0.0822162547307 -0.625589 0.013303 -0.148775 
0.830358029 0.0831959882411 -0.662209 0.007962 -0.140384 
0.840219021 0.0841677567124 -0.641393 0.019935 -0.130554 
0.850078106 0.085140401318 -0.613125 0.01372 -0.11979 
0.860324145 0.0861529103683 -0.621663 0.024891 -0.110937 
0.870213032 0.0871429670636 -0.609078 0.026153 -0.112242 
0.880122185 0.0881361547715 -0.632509 0.028354 -0.075598 
0.89033413 0.089159691117 -0.641733 0.03196 -0.069006 
0.900346041 0.0901625615677 -0.627956 0.04181 -0.088913 
0.910088063 0.0911373837743 -0.670209 0.048196 -0.079355 
0.920058012 0.092136951985 -0.620862 0.038843 -0.098338 
0.930413008 0.0931751242789 -0.644111 0.042337 -0.061327 
0.940258026 0.0941621671441 -0.65483 0.044962 -0.026108 
0.950106144 0.0951686134265 -0.546344 0.044945 0.029679 
0.960393191 0.0962458155299 -0.582954 0.054215 0.12893 
0.970312119 0.097230621078 -0.455712 0.058471 0.190622 
0.980267048 0.0982190010028 -0.446546 0.050228 0.232989 
0.990123034 0.0991975573241 -0.462723 0.054243 0.20654 
1.00040412 0.100289108829 -0.38412 0.078021 0.164331 
1.010177136 0.10134350232 -0.425027 0.074598 0.110759 
1.020092011 0.102310881498 -0.393303 0.074736 0.040222 
1.030442 0.103320714083 -0.388509 0.072038 -0.038797 
1.040327072 0.104285185427 -0.400264 0.081273 -0.099481 
1.050202132 0.105245145524 -0.32268 0.068233 -0.110088 
1.060058117 0.106205314641 -0.3679 0.060352 -0.064926 
1.070368052 0.107248963755 -0.307124 0.060082 -0.027585 
1.080255032 0.108249798186 -0.316556 0.041626 -0.020914 
1.090042115 0.10924052029 -0.30206 0.05239 -0.012664 
1.100450039 0.110268853617 -0.271577 0.040848 -0.042019 
1.110329151 0.111228759697 -0.298239 0.041838 -0.053436 
1.120212078 0.112231455849 -0.247033 0.025582 -0.073312 
1.130060196 0.113230620371 -0.275916 0.0015 -0.075119 
1.140379191 0.114277558852 -0.292086 0.017145 -0.038366 
1.150252104 0.115253353859 -0.215295 0.017909 -0.007016 
1.160060168 0.116210467572 -0.251815 -0.003669 0.002187 
1.170041085 0.117190361832 -0.258978 0.007637 0.012702 
1.180335045 0.118200989645 -0.24441 0.001761 0.025553 
1.190162182 0.11916578628 -0.26456 0.004409 0.016877 
1.200085163 0.120171955926 -0.242421 -0.004536 0.010333 
1.210406065 0.121289090433 -0.291002 0.012946 0.011383 
1.220279217 0.122262940071 -0.247779 -0.00082 0.005263 
1.230132103 0.123234790749 -0.274774 0.007375 0.00766 
1.24002409 0.124210498199 -0.323528 0.000385 -0.011095 
1.250332117 0.125214590542 -0.272004 0.015703 -0.00732 
1.260152102 0.126166330966 -0.305637 0.002458 -0.014014 
1.270047188 0.127165312524 -0.339721 0.004715 -0.011669 
1.280428171 0.12821334895 -0.316411 0.001668 -0.018022 
1.290259123 0.12920585571 -0.350161 0.002812 -0.03611 
1.300180197 0.130245972494 -0.327687 -2.5e-05 -0.023439 
1.309960127 0.131291733072 -0.376177 0.002062 -0.022375 
1.320338011 0.132343757345 -0.347208 0.002688 -0.030825 
1.330217123 0.133345220227 -0.368129 0.006833 -0.019195 
1.340084076 0.13434545053 -0.360751 -0.005709 -0.026957 
1.350438118 0.135307176403 -0.353336 0.007901 -0.01559 
1.360251189 0.136210085561 -0.381362 -0.00111 -0.015079 
1.370149136 0.137188824382 -0.366956 -0.00094 -0.013799 
1.38004613 0.138167468966 -0.366889 0.000347 -0.012517 
1.390323162 0.139183692854 -0.416271 0.010259 -0.012813 
1.400249005 0.140165190114 -0.366153 0.001982 -0.020043 
1.410084009 0.141142291106 -0.401622 0.004947 -0.020156 
1.420454026 0.142228230076 -0.38679 0.005575 -0.019544 
1.430335999 0.143263061513 -0.422695 0.008925 -0.019785 
1.440201044 0.144296120264 -0.415388 0.003999 -0.019352 
1.450034142 0.145325833554 -0.379853 0.002322 -0.017956 
1.460370064 0.146381604984 -0.436456 0.016039 -0.008708 
1.470225096 0.147350253254 -0.408552 0.016984 -0.018575 
1.48015523 0.148326283277 -0.422106 0.008708 -0.008399 
1.49002409 0.149296290697 -0.429276 0.011952 -0.008155 
1.50033021 0.150309276277 -0.393487 0.018343 -0.026898 
1.510172129 0.151276795485 -0.457351 0.018617 -0.017757 
1.52008009 0.152251744955 -0.421999 0.015647 -0.016728 
1.53035307 0.153262612519 -0.42887 0.020188 -0.017034 
1.540293217 0.154240729111 -0.4573 0.025277 0.01259 
1.550106049 0.155206317828 -0.392949 0.024057 -0.005725 
1.560043097 0.156188046361 -0.442544 0.026182 0.00402 
1.570342064 0.1572486539 -0.442367 0.024783 -0.0054 
1.580201149 0.158263961539 -0.427362 0.032916 -0.004732 
1.590058089 0.159279048283 -0.442128 0.02383 0.015836 
1.60040617 0.160344713676 -0.406568 0.020586 -0.003448 
1.610255003 0.161334967548 -0.456082 0.030495 0.025751 
1.620158196 0.162291895858 -0.441823 0.038559 0.026045 
1.630013228 0.163244170455 -0.462891 0.033632 0.01694 
1.640350104 0.164243004799 -0.463094 0.025002 0.027777 
1.650179148 0.16519276822 -0.441184 0.020814 0.008381 
1.660100222 0.16615142434 -0.4844 0.043364 0.01767 
1.670437098 0.16718989285 -0.449194 0.048288 0.017713 
1.680315018 0.168187600884 -0.469391 0.027477 0.028274 
1.69018507 0.16918451422 -0.448455 0.030551 0.027712 
1.700049162 0.170180825574 -0.441508 0.035478 0.017301 
1.710329056 0.171218296707 -0.484096 0.05737 0.034983 
1.720247031 0.172204546577 -0.455964 0.058206 0.045556 
1.730135203 0.173187832817 -0.484446 0.056635 0.044833 
1.740444184 0.174212964576 -0.469944 0.063865 0.044092 
1.750304222 0.175193453153 -0.4632 0.060162 0.044518 
1.760149002 0.1761731786 -0.499044 0.061386 0.042876 
1.770065069 0.177171151106 -0.45706 0.062048 0.062622 
1.78038621 0.178209891056 -0.493224 0.063661 0.059937 
1.79026413 0.179204024373 -0.4793 0.070265 0.048606 
1.800118208 0.180195758184 -0.430014 0.084652 0.058364 
1.810451031 0.181235673834 -0.494432 0.067618 0.055647 
1.820266009 0.182219525439 -0.458958 0.072714 0.066033 
1.830160141 0.183208315064 -0.45903 0.063365 0.054479 
1.840061188 0.184197795754 -0.466965 0.073595 0.053242 
1.850333214 0.185224350963 -0.460019 0.078523 0.042831 
1.860227108 0.186215305306 -0.49602 0.07946 0.052201 
1.870081187 0.187216914367 -0.439209 0.072689 0.062287 
1.879977227 0.188222788517 -0.481737 0.070841 0.051229 
1.890273094 0.189269302725 -0.474404 0.081315 0.050732 
1.90015316 0.190273553212 -0.481458 0.084564 0.050059 
1.910027027 0.191269949446 -0.502708 0.095311 0.060337 
1.920375109 0.192278883526 -0.460059 0.088259 0.061003 
1.930254221 0.193242093209 -0.488434 0.078512 0.071363 
1.940129042 0.194204884521 -0.480712 0.080258 0.070818 
1.950046063 0.195171790317 -0.466459 0.08026 0.060839 
1.960324049 0.196176768615 -0.495305 0.102816 0.059234 
1.970187187 0.197209600079 -0.481012 0.093355 0.059058 
1.980111122 0.19824879798 -0.487786 0.080817 0.088938 
1.990407229 0.199326968362 -0.480627 0.083786 0.088384 
2.000285149 0.200361347742 -0.487726 0.078691 0.087536 
2.010122061 0.201376218168 -0.501609 0.092132 0.076947 
2.019983054 0.202336235075 -0.47366 0.101421 0.067256 
2.030268193 0.203337544713 -0.50131 0.098799 0.076884 
2.040158034 0.204300370117 -0.479614 0.086825 0.067529 
2.050043106 0.205262731235 -0.49331 0.077539 0.067242 
2.06041503 0.206281696925 -0.507051 0.09199 0.067116 
2.070289135 0.207309793396 -0.500058 0.095516 0.076779 
2.080157042 0.208337244528 -0.478396 0.091321 0.087794 
2.090038061 0.209366060887 -0.506585 0.088355 0.076735 
2.100376129 0.210442465404 -0.484436 0.077845 0.07809 
2.110210181 0.211433309506 -0.477357 0.089996 0.077832 
2.120094061 0.212368217925 -0.476789 0.096835 0.088112 
2.12997818 0.21330314895 -0.468991 0.093656 0.089158 
2.140290022 0.214278537957 -0.468697 0.092261 0.078822 
2.150182009 0.21521421321 -0.481602 0.091388 0.079085 
2.160052061 0.216153811455 -0.474852 0.095747 0.089783 
2.170392037 0.217188917821 -0.48145 0.105949 0.078034 
2.180262089 0.218176981397 -0.473834 0.101478 0.078714 
2.190123082 0.219164138102 -0.4807 0.097114 0.068932 
2.200011015 0.220153991695 -0.48074 0.096832 0.079029 
2.210298062 0.221183756596 -0.480567 0.104337 0.079085 
2.22025013 0.222179618909 -0.451639 0.104681 0.080731 
2.230074168 0.223162669789 -0.473078 0.100704 0.079884 
2.24043417 0.224199352372 -0.465599 0.103284 0.080373 
2.250308037 0.225187389434 -0.514764 0.096963 0.079973 
2.260179997 0.226174787336 -0.500586 0.114208 0.080562 
2.270018101 0.227155051668 -0.493856 0.125623 0.090154 
2.280363083 0.228185821099 -0.514621 0.103343 0.090922 
2.290232182 0.229169173759 -0.514454 0.102787 0.080705 
2.300105095 0.230152906444 -0.542936 0.101216 0.079982 
2.309996128 0.231138444598 -0.52138 0.122163 0.099663 
2.320294142 0.232201663547 -0.536298 0.11291 0.108972 
2.330167055 0.233224480295 -0.550152 0.112361 0.106903 
2.340045214 0.23424784052 -0.514328 0.118193 0.107438 
2.350403071 0.23532089663 -0.477967 0.117149 0.089014 
2.360236168 0.236328029376 -0.506286 0.123926 0.087551 
2.370118141 0.237282005672 -0.47028 0.121305 0.108351 
2.380005122 0.238236465426 -0.491267 0.109047 0.138113 
2.390305043 0.23923078918 -0.455798 0.115827 0.118328 
2.400209189 0.240186905992 -0.441814 0.110287 0.09752 
2.410060168 0.241137890219 -0.477041 0.114943 0.036825 
2.420368195 0.242174102436 -0.463324 0.126919 0.01832 
2.430276156 0.243173184896 -0.485812 0.113514 0.007376 
2.440137148 0.244167531173 -0.53049 0.110337 0.005173 
2.44997716 0.245162449045 -0.517792 0.126601 0.005811 
2.460313082 0.246300102978 -0.567822 0.144225 -0.003984 
2.470215082 0.247197152212 -0.596146 0.143662 -0.022823 
2.480081082 0.248158536025 -0.631437 0.130835 -0.020048 
2.489931107 0.249141453296 -0.65968 0.138056 -0.019433 
2.500269175 0.250173071549 -0.688165 0.146112 -0.017783 
2.510159016 0.251159961991 -0.710049 0.149454 -0.026171 
2.520013094 0.252229825703 -0.724327 0.149168 -0.034675 
2.530349016 0.253269728764 -0.759172 0.144137 -0.043772 
2.540256024 0.254257179546 -0.773374 0.158689 -0.062508 
2.550103188 0.25523866556 -0.787962 0.157949 -0.071259 
2.559985161 0.256226124425 -0.823359 0.153297 -0.079567 
2.570266009 0.257355954554 -0.830747 0.155808 -0.098968 
2.580151081 0.258316758932 -0.87335 0.154237 -0.119208 
2.590059042 0.259279788064 -0.872691 0.160797 -0.128326 
2.60038209 0.260283162618 -0.900939 0.159957 -0.137984 
2.610270024 0.261243856684 -0.915278 0.166445 -0.137497 
2.620142222 0.262190663078 -0.922454 0.161627 -0.147526 
2.629975081 0.263161881184 -0.957695 0.147516 -0.146948 
2.640318156 0.264192748854 -0.986496 0.161449 -0.168127 
2.650205136 0.265178158709 -1.000678 0.168224 -0.178653 
2.660077095 0.26620376778 -1.022466 0.178627 -0.189062 
2.669988156 0.26734023266 -1.044037 0.172796 -0.199576 
2.680280209 0.26833509375 -1.072687 0.154816 -0.209832 
2.690151215 0.269270111494 -1.094628 0.165051 -0.231501 
2.699995041 0.270202554649 -1.101944 0.176189 -0.232244 
2.71034503 0.271210253694 -1.109717 0.194767 -0.234221 
2.720237017 0.272267431017 -1.124306 0.193305 -0.235868 
2.730076075 0.273257715587 -1.153149 0.174875 -0.247286 
2.739960194 0.274215136562 -1.195778 0.17952 -0.239256 
2.750347138 0.275221263467 -1.153413 0.197158 -0.259666 
2.760256052 0.276181086199 -1.174923 0.206168 -0.251832 
2.770084143 0.277200993487 -1.168514 0.201006 -0.263032 
2.780412197 0.278248473559 -1.189309 0.203591 -0.244418 
2.790305138 0.279241191166 -1.231863 0.190992 -0.246956 
2.800186158 0.280232712547 -1.181927 0.212782 -0.247112 
2.810058117 0.281223324693 -1.232 0.212436 -0.259456 
2.820385218 0.282229590418 -1.203007 0.213346 -0.249424 
2.830261231 0.283193129207 -1.231286 0.210659 -0.241085 
2.840116024 0.284165781737 -1.252802 0.211608 -0.243524 
2.850449086 0.285185638663 -1.245561 0.232107 -0.244523 
2.860307217 0.286158863938 -1.252366 0.225617 -0.255706 
2.870205164 0.287138185664 -1.258908 0.228204 -0.24707 
2.88005805 0.28812044592 -1.266008 0.223109 -0.247918 
2.890375138 0.289156100505 -1.280155 0.229325 -0.239165 
2.900259018 0.290148268609 -1.28732 0.232687 -0.261194 
2.910145045 0.291140850512 -1.286793 0.239245 -0.240817 
2.920477152 0.292191151232 -1.280242 0.235093 -0.241553 
2.930338145 0.293180685148 -1.322527 0.232411 -0.253647 
2.940204144 0.294163692739 -1.336674 0.238627 -0.244894 
2.950001002 0.295139811404 -1.33638 0.237232 -0.25523 
2.960357189 0.296171659312 -1.342957 0.240378 -0.265872 
2.970214129 0.297206433911 -1.357616 0.247255 -0.266428 
2.980120182 0.298204943595 -1.38506 0.229243 -0.257701 
2.990433216 0.299234777067 -1.377681 0.248061 -0.258023 
3.000343085 0.300224351503 -1.391748 0.25484 -0.269464 
3.010171175 0.301210262084 -1.355564 0.25082 -0.258084 
3.020053149 0.302341490248 -1.369098 0.249881 -0.25911 
3.030387163 0.303353027524 -1.404197 0.251174 -0.260379 
3.040262223 0.304317747924 -1.396602 0.253759 -0.260805 
3.050118208 0.305280604837 -1.381254 0.244821 -0.260361 
3.060003996 0.306243868439 -1.409527 0.259941 -0.261648 
3.070300103 0.307226036493 -1.373141 0.264551 -0.261105 
3.08014822 0.308211844886 -1.415045 0.244961 -0.261248 
3.090058089 0.309219754673 -1.428543 0.258579 -0.262409 
3.100386143 0.310270197086 -1.392759 0.26413 -0.251776 
3.11026001 0.311268859824 -1.414061 0.258472 -0.251947 
3.120151043 0.312218351891 -1.406506 0.27052 -0.262175 
3.130004168 0.313204315454 -1.434162 0.259836 -0.262819 
3.140338183 0.314256238267 -1.447766 0.257492 -0.242856 
3.150210142 0.315261127352 -1.440333 0.261474 -0.262441 
3.160064221 0.316248671405 -1.460763 0.255047 -0.262358 
3.17037201 0.31723121748 -1.460544 0.270895 -0.262126 
3.180253029 0.318196989823 -1.474149 0.26133 -0.281811 
3.190133095 0.319172977036 -1.452877 0.265863 -0.270747 
3.200024128 0.320150047608 -1.480563 0.2638 -0.280398 
3.210351229 0.321170194491 -1.459337 0.269736 -0.289408 
3.220262051 0.322261934735 -1.487256 0.266942 -0.290124 
3.230050087 0.323240285976 -1.536852 0.269067 -0.280379 
3.240431071 0.324256053863 -1.500972 0.265433 -0.298621 
3.25030613 0.325222317544 -1.507127 0.268919 -0.28766 
3.260178089 0.326187841899 -1.549645 0.266228 -0.297922 
3.270014048 0.327146731961 -1.499192 0.264059 -0.285938 
3.280318022 0.328174982107 -1.527232 0.270165 -0.276261 
3.290314198 0.329181121118 -1.512385 0.261046 -0.28433 
3.300235033 0.330179676877 -1.511807 0.261672 -0.273739 
3.310468197 0.331213116626 -1.561372 0.270291 -0.274401 
3.320360184 0.332331404185 -1.553669 0.274445 -0.283643 
3.330190182 0.333324164307 -1.574702 0.268959 -0.27347 
3.340054035 0.334320343544 -1.57378 0.26763 -0.282517 
3.350354195 0.335360586695 -1.587303 0.265848 -0.282747 
3.36028719 0.336326300425 -1.57993 0.262211 -0.281032 
3.370139122 0.337225429274 -1.565149 0.278515 -0.290532 
3.380446196 0.338228403201 -1.607403 0.267935 -0.300724 
3.390319109 0.339198239282 -1.592601 0.267439 -0.289219 
3.400219202 0.34017074531 -1.585086 0.28895 -0.309249 
3.410060168 0.341137443173 -1.627335 0.286432 -0.309167 
3.420403004 0.342153440735 -1.641026 0.268241 -0.318931 
3.430225134 0.343166719773 -1.668544 0.282588 -0.319048 
3.44017005 0.344212872166 -1.668493 0.282027 -0.328349 
3.450029135 0.345249995593 -1.695956 0.271793 -0.327832 
3.460322142 0.346332765313 -1.667078 0.287813 -0.336297 
3.470196009 0.347370042843 -1.673548 0.282783 -0.335856 
3.480101109 0.348343936926 -1.694099 0.285256 -0.32538 
3.490381003 0.349354681688 -1.67952 0.292931 -0.324043 
3.500267029 0.350326700368 -1.678943 0.276591 -0.333202 
3.510160208 0.351299422349 -1.699327 0.278508 -0.332943 
3.520061016 0.352272894432 -1.706324 0.289257 -0.332643 
3.530319214 0.353281881616 -1.733376 0.263239 -0.331068 
3.542954207 0.354524855548 -1.733294 0.286139 -0.331027 
3.550128222 0.355230602963 -1.718979 0.296334 -0.330247 
3.560438156 0.356244848021 -1.70397 0.295562 -0.339055 
3.570291996 0.357214224597 -1.717904 0.278205 -0.347784 
3.580178023 0.358215332417 -1.73845 0.28874 -0.327035 
3.590031147 0.359228120773 -1.730793 0.28455 -0.336452 
3.600361109 0.360289922617 -1.752217 0.270826 -0.34598 
3.610229016 0.361304230496 -1.773031 0.281189 -0.335575 
3.620111227 0.362312536531 -1.772565 0.297045 -0.365754 
3.630394221 0.363306332184 -1.821892 0.282375 -0.365414 
3.640305996 0.364264251532 -1.80063 0.302867 -0.37456 
3.650199175 0.365220373677 -1.820913 0.288546 -0.373489 
3.660075188 0.366174836822 -1.806766 0.282331 -0.382242 
3.670397044 0.367172388276 -1.841528 0.30742 -0.35165 
3.680241108 0.368144620053 -1.848202 0.286539 -0.380019 
3.690109015 0.369140283298 -1.854955 0.282061 -0.368446 
3.700004101 0.37013868888 -1.832771 0.286108 -0.367225 
3.710325003 0.371180058927 -1.860963 0.292768 -0.375911 
3.72025013 0.37218149562 -1.810682 0.298209 -0.383396 
3.730040074 0.373163785028 -1.88088 0.286402 -0.373623 
3.740414143 0.374200979786 -1.873563 0.290379 -0.392292 
3.750250101 0.375184374448 -1.873283 0.289708 -0.381153 
3.760139227 0.376173084822 -1.921743 0.29829 -0.390495 
3.769984007 0.377157361504 -1.900168 0.27825 -0.409207 
3.780331135 0.378198241621 -1.942157 0.291861 -0.418991 
3.790234089 0.379197529525 -1.934175 0.295345 -0.417093 
3.800100088 0.380193088372 -1.918943 0.296147 -0.435632 
3.810421229 0.381234574717 -1.954102 0.304937 -0.435013 
3.82025218 0.382226596938 -1.93204 0.300917 -0.443149 
3.830163002 0.383224739251 -1.967483 0.304888 -0.431884 
3.840438128 0.384243575353 -1.966595 0.294372 -0.440311 
3.850344181 0.385225815807 -1.966048 0.286652 -0.458475 
3.860170126 0.386200113105 -2.043592 0.294604 -0.458452 
3.870049 0.38717965861 -1.986876 0.295888 -0.465757 
3.88042903 0.388231705037 -2.071185 0.300205 -0.454956 
3.890255213 0.389234741408 -2.02777 0.301282 -0.472222 
3.900158167 0.390245614404 -2.034472 0.296243 -0.46995 
3.909924031 0.391242493537 -2.083225 0.306219 -0.468956 
3.920346022 0.392306348753 -2.018504 0.30405 -0.495529 
3.930184126 0.393273004386 -2.074406 0.300469 -0.473287 
3.940131188 0.394238516211 -2.067205 0.304442 -0.491042 
3.950411082 0.395236334383 -2.094332 0.295668 -0.478899 
3.960223198 0.396188747671 -2.129212 0.303786 -0.46714 
3.970169068 0.397154143795 -2.071534 0.298652 -0.494075 
3.980087042 0.398165795093 -2.113756 0.29714 -0.482615 
3.990375042 0.399244973576 -2.120645 0.314828 -0.490645 
4.000212193 0.400276859433 -2.105469 0.299107 -0.497361 
4.010118008 0.401315947925 -2.190381 0.301792 -0.508528 
4.020386219 0.402393050605 -2.125959 0.28321 -0.515139 
4.030252219 0.403362442559 -2.153766 0.290047 -0.514397 
4.040195227 0.404329751856 -2.146168 0.31032 -0.502178 
4.050032139 0.405286739564 -2.174762 0.29984 -0.511462 
4.06034422 0.406289954268 -2.216522 0.313342 -0.500806 
4.07021904 0.407250629869 -2.180507 0.285691 -0.538606 
4.080091 0.408257380902 -2.229913 0.30254 -0.517736 
4.090445042 0.409336398154 -2.222692 0.31385 -0.546694 
4.100363016 0.41036997181 -2.264484 0.303891 -0.545379 
4.110063076 0.411380836174 -2.291581 0.301612 -0.543643 
4.120074034 0.412424099895 -2.248596 0.311135 -0.550764 
4.130323172 0.413399722049 -2.30564 0.308151 -0.539121 
4.140276194 0.414337789374 -2.305096 0.314706 -0.547323 
4.150133133 0.415266800924 -2.247149 0.299999 -0.544015 
4.160456181 0.416239743013 -2.324769 0.325194 -0.533424 
4.1703372 0.417171024092 -2.274721 0.298544 -0.539413 
4.180072069 0.418130703912 -2.323089 0.308698 -0.528992 
4.190093994 0.419136689206 -2.308657 0.308022 -0.555494 
4.200412035 0.420172398165 -2.322849 0.306616 -0.554021 
4.210303068 0.421165244723 -2.372033 0.325039 -0.542882 
4.22012806 0.422151462189 -2.335723 0.312959 -0.571269 
4.230445147 0.423188320878 -2.399758 0.323416 -0.549539 
4.240324021 0.424181681388 -2.356785 0.307071 -0.557307 
4.250211001 0.425175856989 -2.328489 0.316976 -0.554577 
4.260088206 0.426169049675 -2.413077 0.312218 -0.535017 
4.270416022 0.427207553109 -2.34907 0.311104 -0.572856 
4.28028822 0.428192944894 -2.448089 0.305892 -0.573059 
4.290162087 0.429172265444 -2.427014 0.317752 -0.599947 
4.300088167 0.430156764639 -2.425923 0.318438 -0.587152 
4.310211182 0.431160796455 -2.489037 0.319622 -0.607012 
4.32022214 0.432153714112 -2.460575 0.319226 -0.5946 
4.33010006 0.43313343665 -2.467202 0.323655 -0.603045 
4.340429068 0.434185336526 -2.488031 0.317776 -0.590914 
4.350314141 0.435225826976 -2.473848 0.326116 -0.599801 
4.360034228 0.436248951206 -2.501761 0.316991 -0.577935 
4.370025158 0.437300584032 -2.472989 0.326794 -0.585175 
4.380372048 0.438315538518 -2.500816 0.309327 -0.592979 
4.390256167 0.439269707105 -2.501367 0.330192 -0.611118 
4.400117159 0.440221643115 -2.506752 0.317787 -0.608154 
4.410443068 0.44121846013 -2.541551 0.321099 -0.617075 
4.420311213 0.442171086658 -2.527601 0.329431 -0.624131 
4.430030108 0.443136095042 -2.584086 0.334129 -0.603003 
4.440040112 0.44414388214 -2.520054 0.324275 -0.609565 
4.450299025 0.445176728897 -2.561957 0.321651 -0.589959 
4.460248232 0.446178395075 -2.575962 0.312633 -0.597596 
4.470080138 0.44724782467 -2.547646 0.329876 -0.606069 
4.480426073 0.448239000347 -2.590568 0.336637 -0.594807 
4.490310192 0.449164286942 -2.582997 0.338938 -0.613716 
4.500148058 0.450151622251 -2.611042 0.337704 -0.621416 
4.510016203 0.451141996382 -2.660156 0.330822 -0.631117 
4.520361185 0.452180226218 -2.63176 0.338883 -0.639886 
4.530154229 0.453236288264 -2.675012 0.33528 -0.649726 
4.540104151 0.454254703858 -2.653497 0.324586 -0.627388 
4.550395012 0.455271329038 -2.63187 0.337916 -0.615902 
4.560292006 0.456249044441 -2.667343 0.323797 -0.613494 
4.570159197 0.457223815631 -2.659721 0.342502 -0.621954 
4.579957009 0.458306501326 -2.695205 0.329225 -0.620341 
4.590351105 0.459352696332 -2.680889 0.344789 -0.619075 
4.600246191 0.46030892983 -2.687506 0.33326 -0.607311 
4.610093117 0.46126050928 -2.708792 0.3276 -0.636061 
4.620427132 0.462259159652 -2.680182 0.336276 -0.602913 
4.630311013 0.463211140032 -2.708587 0.349543 -0.613868 
4.640196085 0.464181343771 -2.715722 0.330614 -0.621685 
4.650021076 0.465165180776 -2.716238 0.34555 -0.621031 
4.660356045 0.466200085026 -2.70096 0.313591 -0.626936 
4.670247078 0.467194659387 -2.729941 0.360886 -0.616086 
4.680029154 0.468306498092 -2.749869 0.324003 -0.622034 
4.690430165 0.469356390602 -2.743336 0.35971 -0.630644 
4.700310231 0.470288578745 -2.742387 0.328027 -0.635752 
4.710180044 0.471219799513 -2.799131 0.355849 -0.656379 
4.720062018 0.472152167676 -2.770168 0.334019 -0.662793 
4.730370999 0.473255453524 -2.841287 0.353773 -0.6828 
4.740252018 0.474278339064 -2.812439 0.339159 -0.64865 
4.75010705 0.475236831829 -2.818732 0.342475 -0.677528 
4.760417223 0.476239591254 -2.840124 0.337819 -0.665404 
4.770256043 0.477196507253 -2.832865 0.366258 -0.662438 
4.780167103 0.478212345752 -2.845943 0.33189 -0.669185 
4.789955139 0.479211932148 -2.853212 0.352093 -0.676857 
4.800339222 0.480244564163 -2.859595 0.346665 -0.673541 
4.810230017 0.481228141776 -2.894454 0.357473 -0.680575 
4.820137024 0.48221333157 -2.915238 0.352716 -0.707916 
4.830346108 0.483218223988 -2.93593 0.354901 -0.715007 
4.840333224 0.484196361277 -2.942592 0.350144 -0.722832 
4.850175143 0.485169260064 -2.928519 0.366542 -0.720531 
4.860050202 0.486147345889 -2.949487 0.345377 -0.728825 
4.870351076 0.487167607018 -2.914224 0.358524 -0.734915 
4.880256176 0.488154765603 -2.999161 0.362776 -0.725403 
4.890106201 0.489138301205 -2.963417 0.3518 -0.731526 
4.900433064 0.490171055881 -2.976925 0.366983 -0.740586 
4.910303116 0.491158126433 -3.026277 0.35203 -0.758729 
4.920172215 0.492145101679 -3.02593 0.367762 -0.765721 
4.929935217 0.493116336108 -3.039144 0.367157 -0.772808 
4.940347195 0.494154123132 -3.06807 0.372905 -0.781073 
4.950221062 0.495146789829 -3.088698 0.358689 -0.799527 
4.960094214 0.496139384643 -3.081505 0.371447 -0.785533 
4.970448017 0.497180301583 -3.10231 0.373746 -0.81398 
4.980314017 0.498189455631 -3.116425 0.357669 -0.791016 
4.990187168 0.499191004373 -3.12258 0.37627 -0.799469 
5.000037194 0.50017373643 -3.129171 0.363896 -0.815488 
5.010359049 0.501203542625 -3.164769 0.382696 -0.812623 
5.020274163 0.502192768479 -3.178293 0.364671 -0.839707 
5.030103207 0.503293338687 -3.177971 0.38197 -0.826018 
5.040389061 0.504350020056 -3.184466 0.376656 -0.844059 
5.050256014 0.505309297384 -3.226907 0.37441 -0.852244 
5.060129166 0.506269177387 -3.240845 0.381073 -0.870908 
5.070058108 0.507234481361 -3.240179 0.3813 -0.857444 
5.080386162 0.508238712799 -3.268057 0.37951 -0.875361 
5.090269089 0.509218413365 -3.246348 0.384381 -0.871274 
5.100167036 0.510222777098 -3.281193 0.394465 -0.899783 
5.110448122 0.511266018683 -3.30258 0.380904 -0.897136 
5.120321036 0.51226784227 -3.302513 0.397307 -0.915267 
5.130201102 0.513233136088 -3.316882 0.3973 -0.904374 
5.140087128 0.514209126079 -3.352113 0.382346 -0.903 
5.150404215 0.515255997118 -3.309397 0.391697 -0.920465 
5.160280228 0.51625811254 -3.359265 0.393531 -0.898792 
5.170139075 0.517258486135 -3.380379 0.395376 -0.927485 
5.180446148 0.51824042916 -3.379708 0.386699 -0.923498 
5.190318108 0.519192504021 -3.379458 0.394649 -0.921364 
5.200191021 0.520167498797 -3.392991 0.394433 -0.929495 
5.210078001 0.521143882752 -3.386211 0.390893 -0.916894 
5.220405102 0.522163730645 -3.414879 0.397656 -0.915611 
5.230291128 0.523215958479 -3.407358 0.386125 -0.91291 
5.240172148 0.524250192887 -3.421845 0.400507 -0.913409 
5.250025034 0.525220959891 -3.42904 0.388352 -0.912236 
5.260320187 0.526235301764 -3.450321 0.390753 -0.930713 
5.270200014 0.527208723161 -3.443372 0.403623 -0.90858 
5.280069113 0.52816316641 -3.464486 0.405468 -0.937274 
5.290390015 0.529179760611 -3.478901 0.397118 -0.926556 
5.300283194 0.5301790171 -3.478606 0.396445 -0.943995 
5.310131073 0.531173698081 -3.500288 0.398672 -0.943321 
5.320444107 0.532215361852 -3.492554 0.394927 -0.950661 
5.330318213 0.533302560031 -3.549476 0.424148 -0.961868 
5.34020114 0.53432150909 -3.57057 0.409192 -0.969557 
5.350102186 0.53531415119 -3.563212 0.389312 -0.966116 
5.360405207 0.536347093811 -3.591627 0.394399 -0.965071 
5.370259047 0.537328923897 -3.585074 0.407935 -0.953162 
5.380129099 0.53824326549 -3.592056 0.403567 -0.962029 
5.390413046 0.539233304935 -3.577664 0.40446 -0.939273 
5.400294066 0.540206524727 -3.585385 0.408084 -0.938241 
5.410176039 0.541179838383 -3.571481 0.392957 -0.92606 
5.420051098 0.542152471054 -3.593 0.403532 -0.926126 
5.43038106 0.543169908876 -3.586256 0.399829 -0.9257 
5.440257073 0.544167963443 -3.60772 0.40279 -0.905382 
5.45015502 0.545204176063 -3.594231 0.395384 -0.904531 
5.460415125 0.546278302879 -3.594834 0.396325 -0.894442 
5.470293045 0.547312418879 -3.574146 0.409137 -0.884492 
5.480177164 0.548347183851 -3.581808 0.405265 -0.885347 
5.490051031 0.549337942298 -3.581894 0.39664 -0.875426 
5.50038004 0.550353043424 -3.554101 0.405642 -0.874105 
5.510259152 0.551323930148 -3.597272 0.404453 -0.864977 
5.520131111 0.552294113899 -3.605233 0.399284 -0.865283 
5.530416012 0.553304880236 -3.619749 0.407171 -0.855376 
5.540304184 0.554277540308 -3.605745 0.3902 -0.854693 
5.550183058 0.555250773939 -3.592215 0.400043 -0.84419 
5.560086012 0.55622637985 -3.621437 0.406464 -0.835014 
5.570402146 0.557242690873 -3.600941 0.404433 -0.813917 
5.580279112 0.558215736533 -3.615062 0.394688 -0.813535 
5.590144158 0.559204827282 -3.594226 0.399606 -0.802599 
5.600446225 0.560268622787 -3.608911 0.391083 -0.802225 
5.610298157 0.561285937175 -3.616075 0.402389 -0.791709 
5.620228052 0.562311302053 -3.623407 0.397285 -0.790725 
5.630053997 0.563325933013 -3.630819 0.401363 -0.789447 
5.640411139 0.564333986217 -3.610368 0.406103 -0.787939 
5.650288105 0.565285444825 -3.617015 0.39345 -0.765282 
5.660148144 0.566235272837 -3.603293 0.386776 -0.773366 
5.670471192 0.567229702998 -3.618002 0.394936 -0.771724 
5.680349112 0.568181253505 -3.631848 0.394146 -0.75783 
5.690227032 0.569143869714 -3.624981 0.382266 -0.7749 
5.700115204 0.570143716207 -3.639294 0.38976 -0.763035 
5.710432053 0.571186908548 -3.65415 0.405814 -0.76238 
5.720317126 0.572186441685 -3.682587 0.39562 -0.782676 
5.730175019 0.573183226505 -3.668692 0.396451 -0.790704 
5.740104199 0.574181862713 -3.675709 0.399862 -0.779202 
5.750385046 0.575206040876 -3.683294 0.396435 -0.777979 
5.760257006 0.576189485708 -3.690484 0.392341 -0.766533 
5.770106077 0.577170650337 -3.718838 0.390654 -0.774479 
5.780434132 0.578199531362 -3.704943 0.391485 -0.782507 
5.790317059 0.579188444907 -3.697342 0.387738 -0.760352 
5.800194025 0.580183178345 -3.732729 0.396637 -0.780173 
5.810445071 0.581215586295 -3.754497 0.399984 -0.789477 
5.820363045 0.582214449749 -3.747331 0.396621 -0.767448 
5.830192089 0.583204356845 -3.747254 0.397065 -0.765371 
5.840097189 0.584201923726 -3.761822 0.403663 -0.785325 
5.850418091 0.585235006463 -3.761355 0.39538 -0.783295 
5.860297203 0.586222058951 -3.761633 0.387027 -0.78164 
5.87016511 0.587207991912 -3.761657 0.40371 -0.780373 
5.880079031 0.588198522274 -3.776062 0.394517 -0.768859 
5.890350104 0.589232621599 -3.797916 0.389238 -0.768241 
5.900262118 0.590237564199 -3.797236 0.388742 -0.776253 
5.910092116 0.591234191498 -3.812087 0.395892 -0.785075 
5.920452118 0.592284553951 -3.861434 0.389 -0.792945 
5.930317164 0.593284734638 -3.854344 0.385914 -0.780098 
5.940138102 0.594265285491 -3.854525 0.385344 -0.787568 
5.94998312 0.595226118821 -3.861501 0.389037 -0.786162 
5.960300207 0.596233024148 -3.847698 0.390148 -0.774792 
5.970287085 0.597207702431 -3.855025 0.385885 -0.803184 
5.980079174 0.598163370109 -3.883262 0.401168 -0.792297 
5.990446091 0.599198881083 -3.883708 0.393372 -0.780425 
6.000334025 0.600232268504 -3.918898 0.3787 -0.789148 
6.010161162 0.601259302034 -3.92606 0.390728 -0.785736 
6.020075083 0.602295405354 -3.932849 0.386809 -0.793441 
6.030358076 0.603370080369 -3.975477 0.392175 -0.792515 
6.040287018 0.604363079423 -3.940012 0.398836 -0.790029 
6.050109148 0.605319335848 -3.96143 0.393173 -0.789284 
6.060399056 0.606321133893 -3.961237 0.393623 -0.788121 
6.070240021 0.607279224043 -3.954482 0.389077 -0.7869 
6.080107212 0.608239867487 -3.961362 0.385438 -0.775207 
6.089960099 0.609226561395 -3.997622 0.395105 -0.795283 
6.100313187 0.610307472421 -3.997103 0.403227 -0.782805 
6.110292197 0.611349327947 -4.011564 0.401649 -0.791676 
6.120121002 0.612375501365 -4.032875 0.397556 -0.799746 
6.130351067 0.613443568212 -4.047336 0.395977 -0.808616 
6.140292168 0.614424634155 -4.061701 0.387066 -0.807199 
6.150176049 0.615359052683 -4.054804 0.383531 -0.795514 
6.160046101 0.616292163823 -4.054874 0.39187 -0.794423 
6.17037201 0.617268371519 -4.048047 0.396674 -0.781647 
6.180255175 0.618202722357 -4.055252 0.417443 -0.780933 
6.190093994 0.619156062743 -4.069129 0.407586 -0.78869 
6.200417042 0.620184264192 -4.083494 0.398675 -0.787273 
6.210283041 0.621166942415 -4.083097 0.398731 -0.784152 
6.2201581 0.622150523038 -4.090535 0.402525 -0.801356 
6.230004072 0.623131206522 -4.118356 0.39312 -0.798888 
6.240368128 0.624167531827 -4.119025 0.393495 -0.797184 
6.250241041 0.625160168805 -4.097326 0.399209 -0.793893 
6.260093212 0.626150720353 -4.119048 0.410899 -0.803021 
6.270408154 0.627187799568 -4.104322 0.41068 -0.800698 
6.280284167 0.628180748225 -4.141088 0.413955 -0.800396 
6.290162087 0.629170892887 -4.141088 0.413955 -0.800396 
6.299989224 0.630145707148 -4.162415 0.392898 -0.799637 
6.310370207 0.631175460806 -4.163327 0.4085 -0.809207 
6.320240021 0.632154508462 -4.149307 0.393377 -0.797941 
6.330116034 0.633134171035 -4.171069 0.389671 -0.777559 
6.340411187 0.634155410686 -4.150066 0.394032 -0.776839 
6.350282193 0.63514911547 -4.17157 0.389489 -0.786072 
6.360169173 0.636189383513 -4.164288 0.401246 -0.784372 
6.370021105 0.637225963947 -4.150125 0.40225 -0.782056 
6.380421162 0.638320215876 -4.178666 0.408175 -0.780892 
6.390253067 0.639309219294 -4.178269 0.40823 -0.777771 
6.400121212 0.640262393547 -4.164344 0.401163 -0.783897 
6.410459042 0.641260935157 -4.228187 0.409496 -0.793063 
6.420299053 0.642211391918 -4.20696 0.406408 -0.789279 
6.430224181 0.643170070217 -4.277669 0.410378 -0.808228 
6.440113068 0.644138586232 -4.27705 0.400411 -0.834101 
6.450417996 0.645176742764 -4.290577 0.423372 -0.851372 
6.460291148 0.646171400586 -4.382314 0.412951 -0.869624 
6.470184088 0.647168051924 -4.367541 0.421797 -0.874229 
6.480060101 0.648190899568 -4.409473 0.426665 -0.909894 
6.490315199 0.649260306499 -4.458397 0.435229 -0.915574 
6.500253201 0.65016558727 -4.450749 0.423581 -0.920096 
6.510099173 0.651148197428 -4.514155 0.432252 -0.936239 
6.520417214 0.652177919217 -4.506482 0.436003 -0.941691 
6.530297995 0.653164003251 -4.555757 0.421494 -0.957756 
6.540152073 0.654191515801 -4.605001 0.430447 -0.964479 
6.550009013 0.655234396655 -4.597469 0.450154 -0.960645 
6.560382128 0.656261701551 -4.597513 0.442532 -0.967925 
6.57025218 0.657239185436 -4.604109 0.439062 -0.974467 
6.580105067 0.658214969379 -4.611607 0.435237 -0.970371 
6.590445042 0.659310611268 -4.632522 0.445593 -0.98763 
6.600283146 0.660342710857 -4.632586 0.430634 -0.983706 
6.610170126 0.661304757169 -4.618002 0.430126 -0.99895 
6.620025158 0.662263694801 -4.660902 0.444946 -1.005995 
6.630392075 0.663272441077 -4.682222 0.447788 -1.021479 
6.640256167 0.664220903587 -4.724443 0.446997 -1.017122 
6.65012908 0.665164242846 -4.724361 0.453652 -1.043934 
6.660445214 0.666194341591 -4.767039 0.443336 -1.06056 
6.670317173 0.667180088052 -4.787497 0.446251 -1.076586 
6.680198193 0.668166739282 -4.829963 0.443721 -1.103253 
6.690095187 0.6692566461 -4.843625 0.45934 -1.108405 
6.700400114 0.670346619216 -4.850854 0.453835 -1.133127 
6.71028018 0.671288766355 -4.91453 0.447219 -1.140201 
6.720146179 0.672229572088 -4.899919 0.447717 -1.144065 
6.730398178 0.673207186157 -4.941856 0.461489 -1.170254 
6.740254164 0.674228553818 -4.984529 0.459234 -1.176607 
6.750149012 0.675269814366 -4.948617 0.464668 -1.173198 
6.760033131 0.676224527202 -4.962879 0.471601 -1.170633 
6.7703681 0.677222787904 -4.998535 0.465934 -1.188489 
6.780249119 0.67817720131 -5.026838 0.463685 -1.205737 
6.790105105 0.67916671234 -5.040537 0.470117 -1.210269 
6.800031185 0.68020272886 -5.068515 0.475541 -1.216201 
6.810295105 0.681230444101 -5.097192 0.483869 -1.222817 
6.820212126 0.68222342472 -5.103747 0.486052 -1.238971 
6.830062151 0.683209697101 -5.11801 0.476018 -1.256155 
6.840400219 0.684234600187 -5.167934 0.485467 -1.254867 
6.850274086 0.685199437914 -5.153405 0.494424 -1.251332 
6.860144139 0.686166356706 -5.175111 0.496367 -1.269141 
6.870454073 0.687179251452 -5.210914 0.498595 -1.287983 
6.880313158 0.688147852745 -5.210989 0.489848 -1.28437 
6.890211106 0.689126087835 -5.261035 0.491231 -1.292438 
6.900060177 0.690107256402 -5.26832 0.49447 -1.291279 
6.910407067 0.69112990375 -5.254369 0.502802 -1.298335 
6.920290232 0.692105157882 -5.274848 0.49838 -1.303158 
6.930155039 0.693078600476 -5.281646 0.501396 -1.318277 
6.939979077 0.694018962975 -5.281319 0.50979 -1.314065 
6.950301171 0.694951247526 -5.239388 0.504396 -1.309498 
6.960130215 0.695664639626 -5.210997 0.506247 -1.289377 
6.970076084 0.696376258752 -5.162422 0.497669 -1.28095 
6.980393172 0.697114438307 -5.093108 0.485506 -1.245358 
6.990266085 0.697730210616 -5.023348 0.483711 -1.189579 
